10 0
14 0
18 1
22 1
26 1
30 1
34 2
38 2
42 3
46 3
50 4
54 5
58 5
62 6
66 7
70 8
74 9
78 10
82 10
86 12
90 13
94 14
98 15
102 16
106 17
110 18
114 19
118 20
122 22
126 23
130 24
134 25
138 26
142 28
146 29
150 30
154 31
158 32
162 34
166 35
170 36
174 37
178 39
182 40
186 41
190 42
194 44
198 45
202 46
206 48
210 49
214 50
218 52
222 53
226 54
230 56
234 57
238 58
242 60
246 61
250 62
254 64
258 65
262 66
266 68
270 69
274 70
278 72
282 73
286 74
290 76
294 77
298 78
302 80
306 81
310 82
314 84
318 85
322 86
326 88
330 89
334 90
338 92
342 93
346 94
350 96
354 97
358 98
362 100
366 101
370 102
374 104
378 105
382 106
386 108
390 109
394 110
398 112
402 113
406 114
410 116
414 117
418 118
422 120
426 121
430 122
434 124
438 125
442 126
446 128
450 129
454 130
458 132
462 133
466 134
470 136
474 137
478 138
482 140
486 141
490 143
494 144
498 145
502 147
506 148
510 149
514 151
518 152
522 153
526 155
530 156
534 157
538 159
542 160
546 161
550 163
554 164
558 166
562 167
566 168
570 170
574 171
578 172
582 174
586 175
590 176
594 178
598 179
602 180
606 182
610 183
614 184
618 186
622 187
626 188
630 190
634 191
638 192
642 194
646 195
650 196
654 198
658 199
662 200
666 202
670 203
674 204
678 206
682 207
686 208
690 210
694 211
698 212
702 214
706 215
710 217
714 218
718 219
722 221
726 222
730 223
734 225
738 226
742 227
746 229
750 230
754 231
758 233
762 234
766 235
770 237
774 238
778 240
782 241
786 242
790 243
794 245
798 246
802 247
806 249
810 250
814 251
818 253
822 254
826 255
830 257
834 258
838 259
842 261
846 262
850 263
854 265
858 266
862 267
866 269
870 270
874 271
878 272
882 274
886 275
890 276
894 278
898 279
902 280
906 282
910 283
914 284
918 286
922 287
926 288
930 290
934 291
938 292
942 294
946 295
950 296
954 298
958 299
962 300
966 301
970 303
974 304
978 305
982 307
986 308
990 309
994 310
998 312
1002 313
1006 314
1010 316
1014 317
1018 318
1022 320
1026 321
1030 322
1034 324
1038 325
1042 326
1046 328
1050 329
1054 330
1058 332
1062 333
1066 334
1070 336
1074 337
1078 338
1082 340
1086 341
1090 342
1094 344
1098 345
1102 346
1106 347
1110 349
1114 350
1118 352
1122 353
1126 354
1130 355
1134 357
1138 358
1142 360
1146 361
1150 362
1154 364
1158 365
1162 366
1166 367
1170 369
1174 370
1178 371
1182 373
1186 374
1190 375
1194 377
1198 378
1202 379
1206 381
1210 382
1214 383
1218 385
1222 386
1226 388
1230 389
1234 390
1238 391
1242 393
1246 394
1250 395
1254 397
1258 398
1262 399
1266 401
1270 402
1274 403
1278 405
1282 406
1286 407
1290 409
1294 410
1298 412
1302 413
1306 414
1310 415
1314 417
1318 418
1322 419
1326 421
1330 422
1334 423
1338 425
1342 426
1346 427
1350 429
1354 430
1358 432
1362 433
1366 434
1370 436
1374 437
1378 438
1382 440
1386 441
1390 442
1394 444
1398 445
1402 446
1406 448
1410 449
1414 450
1418 452
1422 453
1426 454
1430 456
1434 457
1438 458
1442 460
1446 461
1450 462
1454 464
1458 465
1462 466
1466 468
1470 469
1474 471
1478 472
1482 473
1486 475
1490 476
1494 477
1498 479
1502 480
1506 482
1510 483
1514 484
1518 486
1522 487
1526 488
1530 490
1534 491
1538 492
1542 494
1546 495
1550 496
1554 498
1558 499
1562 500
1566 502
1570 503
1574 504
1578 506
1582 507
1586 509
1590 510
1594 511
1598 513
1602 514
1606 515
1610 517
1614 518
1618 519
1622 521
1626 522
1630 523
1634 525
1638 526
1642 528
1646 529
1650 530
1654 532
1658 533
1662 534
1666 536
1670 537
1674 538
1678 540
1682 541
1686 542
1690 544
1694 545
1698 546
1702 548
1706 549
1710 550
1714 552
1718 553
1722 554
1726 556
1730 557
1734 558
1738 560
1742 561
1746 562
1750 564
1754 565
1758 566
1762 568
1766 569
1770 570
1774 572
1778 573
1782 574
1786 576
1790 577
1794 578
1798 580
1802 581
1806 582
1810 584
1814 585
1818 586
1822 588
1826 589
1830 590
1834 592
1838 593
1842 594
1846 596
1850 597
1854 598
1858 600
1862 601
1866 602
1870 604
1874 605
1878 606
1882 608
1886 609
1890 610
1894 612
1898 613
1902 614
1906 616
1910 617
1914 618
1918 620
1922 621
1926 622
1930 624
1934 625
1938 626
1942 628
1946 629
1950 630
1954 632
1958 633
1962 634
1966 636
1970 637
1974 638
1978 639
1982 641
1986 642
1990 643
1994 645
1998 646
2002 647
2006 649
2010 650
2014 651
2018 653
2022 654
2026 655
2030 656
2034 658
2038 659
2042 660
2046 662
2050 663
2054 664
2058 666
2062 667
2066 668
2070 670
2074 671
2078 672
2082 674
2086 675
2090 676
2094 678
2098 679
2102 680
2106 682
2110 683
2114 684
2118 685
2122 687
2126 688
2130 689
2134 691
2138 692
2142 693
2146 695
2150 696
2154 697
2158 699
2162 700
2166 701
2170 703
2174 704
2178 705
2182 707
2186 708
2190 709
2194 711
2198 712
2202 713
2206 715
2210 716
2214 718
2218 719
2222 720
2226 722
2230 723
2234 724
2238 726
2242 727
2246 728
2250 729
2254 731
2258 732
2262 733
2266 735
2270 736
2274 737
2278 739
2282 740
2286 742
2290 743
2294 744
2298 745
2302 747
2306 748
2310 750
2314 751
2318 752
2322 754
2326 755
2330 756
2334 757
2338 759
2342 760
2346 761
2350 763
2354 764
2358 765
2362 767
2366 768
2370 769
2374 771
2378 772
2382 773
2386 775
2390 776
2394 777
2398 779
2402 780
2406 781
2410 783
2414 784
2418 785
2422 787
2426 788
2430 789
2434 791
2438 792
2442 793
2446 795
2450 796
2454 797
2458 799
2462 800
2466 801
2470 803
2474 804
2478 805
2482 807
2486 808
2490 809
2494 811
2498 812
2502 813
2506 815
2510 816
2514 818
2518 819
2522 820
2526 821
2530 823
2534 824
2538 826
2542 827
2546 828
2550 830
2554 831
2558 832
2562 834
2566 835
2570 836
2574 838
2578 839
2582 840
2586 842
2590 843
2594 844
2598 846
2602 847
2606 848
2610 850
2614 851
2618 853
2622 854
2626 855
2630 856
2634 858
2638 859
2642 861
2646 862
2650 863
2654 865
2658 866
2662 868
2666 869
2670 870
2674 872
2678 873
2682 874
2686 876
2690 877
2694 878
2698 880
2702 881
2706 882
2710 884
2714 885
2718 886
2722 888
2726 889
2730 890
2734 892
2738 893
2742 895
2746 896
2750 897
2754 899
2758 900
2762 901
2766 903
2770 904
2774 905
2778 907
2782 908
2786 909
2790 911
2794 912
2798 914
2802 915
2806 916
2810 918
2814 919
2818 920
2822 922
2826 923
2830 924
2834 926
2838 927
2842 928
2846 930
2850 931
2854 932
2858 934
2862 935
2866 936
2870 938
2874 939
2878 940
2882 942
2886 943
2890 944
2894 946
2898 947
2902 948
2906 950
2910 951
2914 952
2918 954
2922 955
2926 956
2930 958
2934 959
2938 960
2942 962
2946 963
2950 964
2954 966
2958 967
2962 968
2966 970
2970 971
2974 972
2978 974
2982 975
2986 976
2990 978
2994 979
2998 980
3002 982
3006 983
3010 984
3014 986
3018 987
3022 988
3026 990
3030 991
3034 992
3038 993
3042 995
3046 996
3050 997
3054 999
3058 1000
3062 1001
3066 1002
3070 1004
3074 1005
3078 1006
3082 1008
3086 1009
3090 1010
3094 1012
3098 1013
3102 1014
3106 1016
3110 1017
3114 1018
3118 1020
3122 1021
3126 1022
3130 1023
3134 1025
3138 1026
3142 1027
3146 1029
3150 1030
3154 1031
3158 1033
3162 1034
3166 1035
3170 1036
3174 1038
3178 1039
3182 1040
3186 1042
3190 1043
3194 1044
3198 1046
3202 1047
3206 1048
3210 1050
3214 1051
3218 1052
3222 1054
3226 1055
3230 1056
3234 1058
3238 1059
3242 1060
3246 1062
3250 1063
3254 1064
3258 1066
3262 1067
3266 1068
3270 1070
3274 1071
3278 1072
3282 1074
3286 1075
3290 1076
3294 1078
3298 1079
3302 1080
3306 1082
3310 1083
3314 1084
3318 1086
3322 1087
3326 1088
3330 1090
3334 1091
3338 1092
3342 1094
3346 1095
3350 1096
3354 1098
3358 1099
3362 1100
3366 1102
3370 1103
3374 1104
3378 1106
3382 1107
3386 1109
3390 1110
3394 1111
3398 1112
3402 1114
3406 1115
3410 1117
3414 1118
3418 1119
3422 1121
3426 1122
3430 1123
3434 1125
3438 1126
3442 1127
3446 1129
3450 1130
3454 1131
3458 1133
3462 1134
3466 1135
3470 1137
3474 1138
3478 1139
3482 1141
3486 1142
3490 1143
3494 1145
3498 1146
3502 1147
3506 1149
3510 1150
3514 1151
3518 1153
3522 1154
3526 1155
3530 1157
3534 1158
3538 1159
3542 1161
3546 1162
3550 1163
3554 1165
3558 1166
3562 1168
3566 1169
3570 1170
3574 1172
3578 1173
3582 1174
3586 1176
3590 1177
3594 1178
3598 1180
3602 1181
3606 1182
3610 1184
3614 1185
3618 1186
3622 1188
3626 1189
3630 1190
3634 1192
3638 1193
3642 1194
3646 1196
3650 1197
3654 1198
3658 1200
3662 1201
3666 1202
3670 1204
3674 1205
3678 1206
3682 1208
3686 1209
3690 1210
3694 1212
3698 1213
3702 1214
3706 1216
3710 1217
3714 1218
3718 1220
3722 1221
3726 1223
3730 1224
3734 1225
3738 1227
3742 1228
3746 1229
3750 1231
3754 1232
3758 1233
3762 1235
3766 1236
3770 1237
3774 1239
3778 1240
3782 1241
3786 1243
3790 1244
3794 1246
3798 1247
3802 1248
3806 1250
3810 1251
3814 1252
3818 1254
3822 1255
3826 1256
3830 1258
3834 1259
3838 1260
3842 1262
3846 1263
3850 1264
3854 1266
3858 1267
3862 1268
3866 1270
3870 1271
3874 1272
3878 1274
3882 1275
3886 1276
3890 1278
3894 1279
3898 1281
3902 1282
3906 1283
3910 1284
3914 1286
3918 1287
3922 1289
3926 1290
3930 1291
3934 1293
3938 1294
3942 1296
3946 1297
3950 1298
3954 1300
3958 1301
3962 1302
3966 1304
3970 1305
3974 1306
3978 1308
3982 1309
3986 1310
3990 1312
3994 1313
3998 1314
4002 1316
4006 1317
4010 1318
4014 1320
4018 1321
4022 1322
4026 1324
4030 1325
4034 1326
4038 1328
4042 1329
4046 1330
4050 1332
4054 1333
4058 1334
4062 1336
4066 1337
4070 1338
4074 1340
4078 1341
4082 1342
4086 1344
4090 1345
4094 1346
4098 1348
4102 1349
4106 1350
4110 1352
4114 1353
4118 1354
4122 1355
4126 1357
4130 1358
4134 1359
4138 1361
4142 1362
4146 1363
4150 1364
4154 1366
4158 1367
4162 1368
4166 1370
4170 1371
4174 1372
4178 1374
4182 1375
4186 1376
4190 1378
4194 1379
4198 1380
4202 1381
4206 1383
4210 1384
4214 1385
4218 1387
4222 1388
4226 1389
4230 1391
4234 1392
4238 1393
4242 1395
4246 1396
4250 1397
4254 1398
4258 1400
4262 1401
4266 1402
4270 1404
4274 1405
4278 1406
4282 1408
4286 1409
4290 1410
4294 1412
4298 1413
4302 1414
4306 1416
4310 1417
4314 1418
4318 1420
4322 1421
4326 1422
4330 1424
4334 1425
4338 1426
4342 1427
4346 1429
4350 1430
4354 1431
4358 1433
4362 1434
4366 1435
4370 1437
4374 1438
4378 1440
4382 1441
4386 1442
4390 1443
4394 1445
4398 1446
4402 1447
4406 1449
4410 1450
4414 1451
4418 1453
4422 1454
4426 1455
4430 1457
4434 1458
4438 1459
4442 1461
4446 1462
4450 1463
4454 1465
4458 1466
4462 1467
4466 1469
4470 1470
4474 1471
4478 1473
4482 1474
4486 1475
4490 1477
4494 1478
4498 1479
4502 1481
4506 1482
4510 1483
4514 1485
4518 1486
4522 1487
4526 1489
4530 1490
4534 1491
4538 1493
4542 1494
4546 1495
4550 1497
4554 1498
4558 1499
4562 1501
4566 1502
4570 1503
4574 1505
4578 1506
4582 1507
4586 1509
4590 1510
4594 1512
4598 1513
4602 1514
4606 1516
4610 1517
4614 1518
4618 1520
4622 1521
4626 1522
4630 1524
4634 1525
4638 1526
4642 1528
4646 1529
4650 1530
4654 1532
4658 1533
4662 1534
4666 1536
4670 1537
4674 1538
4678 1540
4682 1541
4686 1542
4690 1544
4694 1545
4698 1546
4702 1548
4706 1549
4710 1550
4714 1552
4718 1553
4722 1555
4726 1556
4730 1557
4734 1559
4738 1560
4742 1562
4746 1563
4750 1564
4754 1566
4758 1567
4762 1568
4766 1570
4770 1571
4774 1572
4778 1574
4782 1575
4786 1576
4790 1578
4794 1579
4798 1580
4802 1582
4806 1583
4810 1584
4814 1586
4818 1587
4822 1588
4826 1590
4830 1591
4834 1592
4838 1594
4842 1595
4846 1597
4850 1598
4854 1599
4858 1601
4862 1602
4866 1603
4870 1605
4874 1606
4878 1607
4882 1609
4886 1610
4890 1612
4894 1613
4898 1614
4902 1616
4906 1617
4910 1618
4914 1620
4918 1621
4922 1622
4926 1624
4930 1625
4934 1626
4938 1628
4942 1629
4946 1630
4950 1632
4954 1633
4958 1634
4962 1636
4966 1637
4970 1638
4974 1640
4978 1641
4982 1642
4986 1644
4990 1645
4994 1646
4998 1648
5002 1649
5006 1650
5010 1652
5014 1653
5018 1654
5022 1656
5026 1657
5030 1658
5034 1660
5038 1661
5042 1662
5046 1664
5050 1665
5054 1666
5058 1668
5062 1669
5066 1670
5070 1672
5074 1673
5078 1674
5082 1676
5086 1677
5090 1678
5094 1680
5098 1681
5102 1682
5106 1684
5110 1685
5114 1686
5118 1688
5122 1689
5126 1690
5130 1692
5134 1693
5138 1694
5142 1696
5146 1697
5150 1698
5154 1700
5158 1701
5162 1702
5166 1704
5170 1705
5174 1706
5178 1708
5182 1709
5186 1710
5190 1712
5194 1713
5198 1714
5202 1716
5206 1717
5210 1718
5214 1720
5218 1721
5222 1722
5226 1724
5230 1725
5234 1726
5238 1727
5242 1729
5246 1730
5250 1731
5254 1733
5258 1734
5262 1735
5266 1737
5270 1738
5274 1739
5278 1740
5282 1742
5286 1743
5290 1744
5294 1746
5298 1747
5302 1748
5306 1750
5310 1751
5314 1752
5318 1754
5322 1755
5326 1756
5330 1758
5334 1759
5338 1760
5342 1762
5346 1763
5350 1764
5354 1766
5358 1767
5362 1768
5366 1770
5370 1771
5374 1772
5378 1774
5382 1775
5386 1776
5390 1778
5394 1779
5398 1780
5402 1782
5406 1783
5410 1784
5414 1786
5418 1787
5422 1788
5426 1790
5430 1791
5434 1792
5438 1794
5442 1795
5446 1796
5450 1798
5454 1799
5458 1800
5462 1802
5466 1803
5470 1804
5474 1806
5478 1807
5482 1808
5486 1810
5490 1811
5494 1812
5498 1814
5502 1815
5506 1816
5510 1818
5514 1819
5518 1820
5522 1822
5526 1823
5530 1824
5534 1826
5538 1827
5542 1828
5546 1830
5550 1831
5554 1832
5558 1834
5562 1835
5566 1836
5570 1838
5574 1839
5578 1840
5582 1842
5586 1843
5590 1844
5594 1846
5598 1847
5602 1848
5606 1850
5610 1851
5614 1852
5618 1854
5622 1855
5626 1856
5630 1858
5634 1859
5638 1860
5642 1862
5646 1863
5650 1864
5654 1866
5658 1867
5662 1868
5666 1870
5670 1871
5674 1872
5678 1874
5682 1875
5686 1876
5690 1878
5694 1879
5698 1880
5702 1882
5706 1883
5710 1884
5714 1886
5718 1887
5722 1888
5726 1890
5730 1891
5734 1892
5738 1894
5742 1895
5746 1897
5750 1898
5754 1899
5758 1900
5762 1902
5766 1903
5770 1905
5774 1906
5778 1907
5782 1909
5786 1910
5790 1911
5794 1913
5798 1914
5802 1915
5806 1917
5810 1918
5814 1920
5818 1921
5822 1922
5826 1924
5830 1925
5834 1926
5838 1928
5842 1929
5846 1930
5850 1932
5854 1933
5858 1934
5862 1936
5866 1937
5870 1938
5874 1940
5878 1941
5882 1942
5886 1944
5890 1945
5894 1947
5898 1948
5902 1949
5906 1951
5910 1952
5914 1953
5918 1955
5922 1956
5926 1957
5930 1959
5934 1960
5938 1962
5942 1963
5946 1964
5950 1966
5954 1967
5958 1968
5962 1970
5966 1971
5970 1972
5974 1974
5978 1975
5982 1976
5986 1978
5990 1979
5994 1980
5998 1982
6002 1983
6006 1985
6010 1986
6014 1987
6018 1989
6022 1990
6026 1991
6030 1993
6034 1994
6038 1995
6042 1997
6046 1998
6050 1999
6054 2001
6058 2002
6062 2003
6066 2005
6070 2006
6074 2008
6078 2009
6082 2010
6086 2012
6090 2013
6094 2014
6098 2016
6102 2017
6106 2018
6110 2020
6114 2021
6118 2022
6122 2024
6126 2025
6130 2026
6134 2028
6138 2029
6142 2030
6146 2032
6150 2033
6154 2034
6158 2036
6162 2037
6166 2038
6170 2040
6174 2041
6178 2042
6182 2044
6186 2045
6190 2046
6194 2048
6198 2049
6202 2050
6206 2052
6210 2053
6214 2054
6218 2056
6222 2057
6226 2058
6230 2060
6234 2061
6238 2062
6242 2064
6246 2065
6250 2066
6254 2067
6258 2069
6262 2070
6266 2071
6270 2073
6274 2074
6278 2075
6282 2076
6286 2078
6290 2079
6294 2080
6298 2082
6302 2083
6306 2084
6310 2086
6314 2087
6318 2088
6322 2090
6326 2091
6330 2092
6334 2093
6338 2095
6342 2096
6346 2097
6350 2098
6354 2100
6358 2101
6362 2102
6366 2104
6370 2105
6374 2106
6378 2108
6382 2109
6386 2110
6390 2112
6394 2113
6398 2114
6402 2116
6406 2117
6410 2118
6414 2120
6418 2121
6422 2122
6426 2123
6430 2125
6434 2126
6438 2127
6442 2129
6446 2130
6450 2131
6454 2133
6458 2134
6462 2135
6466 2137
6470 2138
6474 2139
6478 2141
6482 2142
6486 2143
6490 2145
6494 2146
6498 2147
6502 2149
6506 2150
6510 2151
6514 2153
6518 2154
6522 2155
6526 2157
6530 2158
6534 2159
6538 2161
6542 2162
6546 2163
6550 2165
6554 2166
6558 2167
6562 2169
6566 2170
6570 2171
6574 2173
6578 2174
6582 2175
6586 2177
6590 2178
6594 2180
6598 2181
6602 2182
6606 2184
6610 2185
6614 2186
6618 2188
6622 2189
6626 2190
6630 2192
6634 2193
6638 2194
6642 2196
6646 2197
6650 2198
6654 2200
6658 2201
6662 2202
6666 2204
6670 2205
6674 2206
6678 2208
6682 2209
6686 2210
6690 2212
6694 2213
6698 2214
6702 2216
6706 2217
6710 2218
6714 2220
6718 2221
6722 2222
6726 2224
6730 2225
6734 2226
6738 2228
6742 2229
6746 2230
6750 2232
6754 2233
6758 2234
6762 2236
6766 2237
6770 2238
6774 2240
6778 2241
6782 2242
6786 2244
6790 2245
6794 2246
6798 2248
6802 2249
6806 2250
6810 2252
6814 2253
6818 2254
6822 2256
6826 2257
6830 2258
6834 2260
6838 2261
6842 2262
6846 2264
6850 2265
6854 2266
6858 2268
6862 2269
6866 2270
6870 2272
6874 2273
6878 2274
6882 2276
6886 2277
6890 2279
6894 2280
6898 2281
6902 2283
6906 2284
6910 2285
6914 2287
6918 2288
6922 2289
6926 2291
6930 2292
6934 2293
6938 2295
6942 2296
6946 2297
6950 2299
6954 2300
6958 2302
6962 2303
6966 2304
6970 2306
6974 2307
6978 2308
6982 2310
6986 2311
6990 2312
6994 2314
6998 2315
7002 2316
7006 2318
7010 2319
7014 2320
7018 2322
7022 2323
7026 2324
7030 2326
7034 2327
7038 2328
7042 2330
7046 2331
7050 2333
7054 2334
7058 2335
7062 2337
7066 2338
7070 2339
7074 2341
7078 2342
7082 2343
7086 2345
7090 2346
7094 2347
7098 2349
7102 2350
7106 2352
7110 2353
7114 2354
7118 2356
7122 2357
7126 2358
7130 2360
7134 2361
7138 2362
7142 2364
7146 2365
7150 2366
7154 2368
7158 2369
7162 2370
7166 2372
7170 2373
7174 2374
7178 2376
7182 2377
7186 2378
7190 2380
7194 2381
7198 2382
7202 2384
7206 2385
7210 2386
7214 2388
7218 2389
7222 2390
7226 2392
7230 2393
7234 2394
7238 2396
7242 2397
7246 2398
7250 2400
7254 2401
7258 2402
7262 2404
7266 2405
7270 2406
7274 2408
7278 2409
7282 2410
7286 2412
7290 2413
7294 2414
7298 2416
7302 2417
7306 2418
7310 2420
7314 2421
7318 2422
7322 2424
7326 2425
7330 2426
7334 2428
7338 2429
7342 2430
7346 2432
7350 2433
7354 2434
7358 2436
7362 2437
7366 2438
7370 2440
7374 2441
7378 2442
7382 2443
7386 2445
7390 2446
7394 2447
7398 2449
7402 2450
7406 2451
7410 2453
7414 2454
7418 2455
7422 2456
7426 2458
7430 2459
7434 2460
7438 2462
7442 2463
7446 2464
7450 2466
7454 2467
7458 2468
7462 2470
7466 2471
7470 2472
7474 2474
7478 2475
7482 2476
7486 2478
7490 2479
7494 2480
7498 2482
7502 2483
7506 2484
7510 2485
7514 2487
7518 2488
7522 2489
7526 2491
7530 2492
7534 2493
7538 2495
7542 2496
7546 2497
7550 2499
7554 2500
7558 2501
7562 2503
7566 2504
7570 2505
7574 2506
7578 2508
7582 2509
7586 2511
7590 2512
7594 2513
7598 2514
7602 2516
7606 2517
7610 2519
7614 2520
7618 2521
7622 2522
7626 2524
7630 2525
7634 2526
7638 2528
7642 2529
7646 2530
7650 2532
7654 2533
7658 2534
7662 2536
7666 2537
7670 2538
7674 2540
7678 2541
7682 2542
7686 2544
7690 2545
7694 2546
7698 2548
7702 2549
7706 2550
7710 2552
7714 2553
7718 2555
7722 2556
7726 2557
7730 2558
7734 2560
7738 2561
7742 2563
7746 2564
7750 2565
7754 2567
7758 2568
7762 2569
7766 2571
7770 2572
7774 2573
7778 2575
7782 2576
7786 2577
7790 2579
7794 2580
7798 2581
7802 2583
7806 2584
7810 2585
7814 2587
7818 2588
7822 2589
7826 2591
7830 2592
7834 2594
7838 2595
7842 2596
7846 2598
7850 2599
7854 2600
7858 2602
7862 2603
7866 2604
7870 2606
7874 2607
7878 2608
7882 2610
7886 2611
7890 2612
7894 2614
7898 2615
7902 2616
7906 2618
7910 2619
7914 2620
7918 2622
7922 2623
7926 2624
7930 2626
7934 2627
7938 2628
7942 2630
7946 2631
7950 2632
7954 2634
7958 2635
7962 2637
7966 2638
7970 2639
7974 2641
7978 2642
7982 2643
7986 2645
7990 2646
7994 2648
7998 2649
8002 2650
8006 2652
8010 2653
8014 2654
8018 2656
8022 2657
8026 2658
8030 2660
8034 2661
8038 2662
8042 2664
8046 2665
8050 2666
8054 2668
8058 2669
8062 2670
8066 2672
8070 2673
8074 2674
8078 2676
8082 2677
8086 2678
8090 2680
8094 2681
8098 2682
8102 2684
8106 2685
8110 2687
8114 2688
8118 2689
8122 2691
8126 2692
8130 2693
8134 2695
8138 2696
8142 2698
8146 2699
8150 2700
8154 2701
8158 2703
8162 2704
8166 2705
8170 2707
8174 2708
8178 2709
8182 2711
8186 2712
8190 2714
8194 2715
8198 2716
8202 2718
8206 2719
8210 2720
8214 2722
8218 2723
8222 2724
8226 2726
8230 2727
8234 2728
8238 2730
8242 2731
8246 2732
8250 2734
8254 2735
8258 2736
8262 2738
8266 2739
8270 2740
8274 2742
8278 2743
8282 2744
8286 2746
8290 2747
8294 2748
8298 2750
8302 2751
8306 2752
8310 2754
8314 2755
8318 2756
8322 2758
8326 2759
8330 2760
8334 2762
8338 2763
8342 2764
8346 2766
8350 2767
8354 2768
8358 2770
8362 2771
8366 2772
8370 2774
8374 2775
8378 2776
8382 2778
8386 2779
8390 2780
8394 2782
8398 2783
8402 2784
8406 2786
8410 2787
8414 2788
8418 2790
8422 2791
8426 2792
8430 2793
8434 2795
8438 2796
8442 2797
8446 2799
8450 2800
8454 2801
8458 2802
8462 2804
8466 2805
8470 2806
8474 2808
8478 2809
8482 2810
8486 2812
8490 2813
8494 2814
8498 2816
8502 2817
8506 2818
8510 2820
8514 2821
8518 2822
8522 2823
8526 2825
8530 2826
8534 2827
8538 2829
8542 2830
8546 2831
8550 2833
8554 2834
8558 2835
8562 2837
8566 2838
8570 2839
8574 2841
8578 2842
8582 2843
8586 2844
8590 2846
8594 2847
8598 2848
8602 2850
8606 2851
8610 2852
8614 2854
8618 2855
8622 2856
8626 2858
8630 2859
8634 2860
8638 2862
8642 2863
8646 2864
8650 2866
8654 2867
8658 2868
8662 2870
8666 2871
8670 2872
8674 2874
8678 2875
8682 2876
8686 2878
8690 2879
8694 2880
8698 2882
8702 2883
8706 2884
8710 2886
8714 2887
8718 2888
8722 2890
8726 2891
8730 2892
8734 2894
8738 2895
8742 2896
8746 2898
8750 2899
8754 2900
8758 2902
8762 2903
8766 2904
8770 2906
8774 2907
8778 2908
8782 2910
8786 2911
8790 2912
8794 2914
8798 2915
8802 2916
8806 2918
8810 2919
8814 2920
8818 2922
8822 2923
8826 2924
8830 2926
8834 2927
8838 2928
8842 2930
8846 2931
8850 2932
8854 2934
8858 2935
8862 2936
8866 2938
8870 2939
8874 2940
8878 2942
8882 2943
8886 2944
8890 2946
8894 2947
8898 2948
8902 2950
8906 2951
8910 2952
8914 2954
8918 2955
8922 2956
8926 2958
8930 2959
8934 2960
8938 2962
8942 2963
8946 2964
8950 2966
8954 2967
8958 2968
8962 2970
8966 2971
8970 2972
8974 2974
8978 2975
8982 2976
8986 2978
8990 2979
8994 2980
8998 2982
9002 2983
9006 2984
9010 2986
9014 2987
9018 2988
9022 2990
9026 2991
9030 2993
9034 2994
9038 2995
9042 2997
9046 2998
9050 2999
9054 3001
9058 3002
9062 3004
9066 3005
9070 3006
9074 3008
9078 3009
9082 3010
9086 3012
9090 3013
9094 3014
9098 3016
9102 3017
9106 3018
9110 3020
9114 3021
9118 3022
9122 3024
9126 3025
9130 3027
9134 3028
9138 3029
9142 3031
9146 3032
9150 3033
9154 3035
9158 3036
9162 3037
9166 3039
9170 3040
9174 3042
9178 3043
9182 3044
9186 3046
9190 3047
9194 3048
9198 3050
9202 3051
9206 3052
9210 3054
9214 3055
9218 3056
9222 3058
9226 3059
9230 3060
9234 3062
9238 3063
9242 3064
9246 3066
9250 3067
9254 3068
9258 3070
9262 3071
9266 3073
9270 3074
9274 3075
9278 3077
9282 3078
9286 3079
9290 3081
9294 3082
9298 3083
9302 3085
9306 3086
9310 3087
9314 3089
9318 3090
9322 3091
9326 3093
9330 3094
9334 3096
9338 3097
9342 3098
9346 3099
9350 3101
9354 3102
9358 3104
9362 3105
9366 3106
9370 3108
9374 3109
9378 3110
9382 3112
9386 3113
9390 3114
9394 3116
9398 3117
9402 3118
9406 3120
9410 3121
9414 3122
9418 3124
9422 3125
9426 3126
9430 3128
9434 3129
9438 3130
9442 3131
9446 3133
9450 3134
9454 3135
9458 3137
9462 3138
9466 3139
9470 3141
9474 3142
9478 3143
9482 3145
9486 3146
9490 3147
9494 3149
9498 3150
9502 3151
9506 3152
9510 3154
9514 3155
9518 3156
9522 3158
9526 3159
9530 3160
9534 3162
9538 3163
9542 3164
9546 3166
9550 3167
9554 3168
9558 3170
9562 3171
9566 3172
9570 3173
9574 3175
9578 3176
9582 3177
9586 3179
9590 3180
9594 3181
9598 3182
9602 3184
9606 3185
9610 3186
9614 3188
9618 3189
9622 3190
9626 3192
9630 3193
9634 3194
9638 3196
9642 3197
9646 3198
9650 3200
9654 3201
9658 3202
9662 3204
9666 3205
9670 3206
9674 3208
9678 3209
9682 3210
9686 3212
9690 3213
9694 3214
9698 3216
9702 3217
9706 3218
9710 3220
9714 3221
9718 3222
9722 3224
9726 3225
9730 3226
9734 3228
9738 3229
9742 3230
9746 3232
9750 3233
9754 3234
9758 3236
9762 3237
9766 3238
9770 3240
9774 3241
9778 3242
9782 3244
9786 3245
9790 3246
9794 3248
9798 3249
9802 3250
9806 3252
9810 3253
9814 3254
9818 3256
9822 3257
9826 3258
9830 3260
9834 3261
9838 3263
9842 3264
9846 3265
9850 3267
9854 3268
9858 3269
9862 3271
9866 3272
9870 3273
9874 3275
9878 3276
9882 3277
9886 3279
9890 3280
9894 3281
9898 3283
9902 3284
9906 3285
9910 3287
9914 3288
9918 3290
9922 3291
9926 3292
9930 3293
9934 3295
9938 3296
9942 3298
9946 3299
9950 3300
9954 3301
9958 3303
9962 3304
9966 3305
9970 3307
9974 3308
9978 3309
9982 3311
9986 3312
9990 3314
9994 3315
9998 3316
10002 3318
10006 3319
10010 3320
10014 3322
10018 3323
10022 3324
10026 3325
10030 3327
10034 3328
10038 3330
10042 3331
10046 3332
10050 3334
10054 3335
10058 3336
10062 3338
10066 3339
10070 3340
10074 3342
10078 3343
10082 3344
10086 3346
10090 3347
10094 3348
10098 3350
10102 3351
10106 3352
10110 3354
10114 3355
10118 3356
10122 3358
10126 3359
10130 3360
10134 3362
10138 3363
10142 3364
10146 3366
10150 3367
10154 3368
10158 3370
10162 3371
10166 3373
10170 3374
10174 3375
10178 3377
10182 3378
10186 3379
10190 3381
10194 3382
10198 3383
10202 3385
10206 3386
10210 3388
10214 3389
10218 3390
10222 3392
10226 3393
10230 3394
10234 3396
10238 3397
10242 3398
10246 3400
10250 3401
10254 3402
10258 3404
10262 3405
10266 3406
10270 3408
10274 3409
10278 3410
10282 3412
10286 3413
10290 3414
10294 3416
10298 3417
10302 3419
10306 3420
10310 3421
10314 3423
10318 3424
10322 3425
10326 3427
10330 3428
10334 3429
10338 3431
10342 3432
10346 3434
10350 3435
10354 3436
10358 3438
10362 3439
10366 3440
10370 3442
10374 3443
10378 3444
10382 3446
10386 3447
10390 3448
10394 3450
10398 3451
10402 3452
10406 3454
10410 3455
10414 3456
10418 3458
10422 3459
10426 3460
10430 3462
10434 3463
10438 3464
10442 3466
10446 3467
10450 3468
10454 3470
10458 3471
10462 3473
10466 3474
10470 3475
10474 3477
10478 3478
10482 3479
10486 3481
10490 3482
10494 3483
10498 3485
10502 3486
10506 3487
10510 3489
10514 3490
10518 3491
10522 3493
10526 3494
10530 3495
10534 3497
10538 3498
10542 3499
10546 3501
10550 3502
10554 3503
10558 3504
10562 3506
10566 3507
10570 3508
10574 3510
10578 3511
10582 3512
10586 3514
10590 3515
10594 3516
10598 3518
10602 3519
10606 3520
10610 3522
10614 3523
10618 3524
10622 3525
10626 3527
10630 3528
10634 3529
10638 3531
10642 3532
10646 3533
10650 3534
10654 3536
10658 3537
10662 3538
10666 3540
10670 3541
10674 3542
10678 3544
10682 3545
10686 3546
10690 3548
10694 3549
10698 3550
10702 3552
10706 3553
10710 3554
10714 3556
10718 3557
10722 3558
10726 3559
10730 3561
10734 3562
10738 3563
10742 3564
10746 3566
10750 3567
10754 3569
10758 3570
10762 3571
10766 3572
10770 3574
10774 3575
10778 3576
10782 3578
10786 3579
10790 3580
10794 3582
10798 3583
10802 3584
10806 3586
10810 3587
10814 3588
10818 3590
10822 3591
10826 3592
10830 3594
10834 3595
10838 3596
10842 3598
10846 3599
10850 3600
10854 3602
10858 3603
10862 3604
10866 3606
10870 3607
10874 3608
10878 3610
10882 3611
10886 3612
10890 3614
10894 3615
10898 3616
10902 3618
10906 3619
10910 3620
10914 3622
10918 3623
10922 3624
10926 3626
10930 3627
10934 3628
10938 3630
10942 3631
10946 3632
10950 3634
10954 3635
10958 3636
10962 3638
10966 3639
10970 3640
10974 3642
10978 3643
10982 3644
10986 3646
10990 3647
10994 3648
10998 3650
11002 3651
11006 3652
11010 3654
11014 3655
11018 3656
11022 3658
11026 3659
11030 3660
11034 3662
11038 3663
11042 3664
11046 3666
11050 3667
11054 3668
11058 3670
11062 3671
11066 3673
11070 3674
11074 3675
11078 3677
11082 3678
11086 3679
11090 3681
11094 3682
11098 3683
11102 3685
11106 3686
11110 3688
11114 3689
11118 3690
11122 3692
11126 3693
11130 3694
11134 3696
11138 3697
11142 3698
11146 3700
11150 3701
11154 3702
11158 3704
11162 3705
11166 3706
11170 3708
11174 3709
11178 3710
11182 3712
11186 3713
11190 3714
11194 3716
11198 3717
11202 3718
11206 3720
11210 3721
11214 3723
11218 3724
11222 3725
11226 3727
11230 3728
11234 3729
11238 3731
11242 3732
11246 3733
11250 3735
11254 3736
11258 3737
11262 3739
11266 3740
11270 3742
11274 3743
11278 3744
11282 3746
11286 3747
11290 3748
11294 3750
11298 3751
11302 3752
11306 3754
11310 3755
11314 3756
11318 3758
11322 3759
11326 3760
11330 3762
11334 3763
11338 3764
11342 3766
11346 3767
11350 3768
11354 3770
11358 3771
11362 3772
11366 3774
11370 3775
11374 3777
11378 3778
11382 3779
11386 3781
11390 3782
11394 3783
11398 3785
11402 3786
11406 3787
11410 3789
11414 3790
11418 3791
11422 3793
11426 3794
11430 3795
11434 3797
11438 3798
11442 3799
11446 3801
11450 3802
11454 3803
11458 3805
11462 3806
11466 3807
11470 3809
11474 3810
11478 3811
11482 3813
11486 3814
11490 3816
11494 3817
11498 3818
11502 3820
11506 3821
11510 3822
11514 3824
11518 3825
11522 3826
11526 3828
11530 3829
11534 3830
11538 3832
11542 3833
11546 3834
11550 3836
11554 3837
11558 3838
11562 3840
11566 3841
11570 3842
11574 3844
11578 3845
11582 3846
11586 3848
11590 3849
11594 3850
11598 3852
11602 3853
11606 3854
11610 3856
11614 3857
11618 3858
11622 3860
11626 3861
11630 3862
11634 3864
11638 3865
11642 3866
11646 3868
11650 3869
11654 3870
11658 3872
11662 3873
11666 3874
11670 3875
11674 3877
11678 3878
11682 3879
11686 3881
11690 3882
11694 3883
11698 3884
11702 3886
11706 3887
11710 3888
11714 3890
11718 3891
11722 3892
11726 3894
11730 3895
11734 3896
11738 3898
11742 3899
11746 3900
11750 3902
11754 3903
11758 3904
11762 3906
11766 3907
11770 3908
11774 3910
11778 3911
11782 3912
11786 3914
11790 3915
11794 3916
11798 3918
11802 3919
11806 3920
11810 3922
11814 3923
11818 3924
11822 3925
11826 3927
11830 3928
11834 3929
11838 3931
11842 3932
11846 3933
11850 3935
11854 3936
11858 3937
11862 3939
11866 3940
11870 3941
11874 3943
11878 3944
11882 3945
11886 3947
11890 3948
11894 3949
11898 3951
11902 3952
11906 3953
11910 3955
11914 3956
11918 3957
11922 3959
11926 3960
11930 3961
11934 3963
11938 3964
11942 3965
11946 3967
11950 3968
11954 3969
11958 3971
11962 3972
11966 3973
11970 3975
11974 3976
11978 3977
11982 3979
11986 3980
11990 3981
11994 3983
11998 3984
12002 3985
12006 3987
12010 3988
12014 3989
12018 3991
12022 3992
12026 3993
12030 3995
12034 3996
12038 3997
12042 3999
12046 4000
12050 4001
12054 4003
12058 4004
12062 4005
12066 4007
12070 4008
12074 4009
12078 4011
12082 4012
12086 4013
12090 4015
12094 4016
12098 4017
12102 4019
12106 4020
12110 4021
12114 4023
12118 4024
12122 4025
12126 4027
12130 4028
12134 4029
12138 4031
12142 4032
12146 4033
12150 4035
12154 4036
12158 4037
12162 4039
12166 4040
12170 4041
12174 4043
12178 4044
12182 4045
12186 4047
12190 4048
12194 4050
12198 4051
12202 4052
12206 4054
12210 4055
12214 4056
12218 4058
12222 4059
12226 4060
12230 4062
12234 4063
12238 4064
12242 4066
12246 4067
12250 4068
12254 4070
12258 4071
12262 4072
12266 4074
12270 4075
12274 4076
12278 4078
12282 4079
12286 4081
12290 4082
12294 4083
12298 4085
12302 4086
12306 4087
12310 4089
12314 4090
12318 4091
12322 4093
12326 4094
12330 4096
12334 4097
12338 4098
12342 4100
12346 4101
12350 4102
12354 4104
12358 4105
12362 4106
12366 4108
12370 4109
12374 4110
12378 4112
12382 4113
12386 4114
12390 4116
12394 4117
12398 4118
12402 4120
12406 4121
12410 4123
12414 4124
12418 4125
12422 4127
12426 4128
12430 4130
12434 4131
12438 4132
12442 4134
12446 4135
12450 4136
12454 4138
12458 4139
12462 4140
12466 4142
12470 4143
12474 4144
12478 4146
12482 4147
12486 4148
12490 4150
12494 4151
12498 4152
12502 4154
12506 4155
12510 4156
12514 4158
12518 4159
12522 4161
12526 4162
12530 4163
12534 4164
12538 4166
12542 4167
12546 4169
12550 4170
12554 4171
12558 4173
12562 4174
12566 4175
12570 4177
12574 4178
12578 4179
12582 4181
12586 4182
12590 4183
12594 4185
12598 4186
12602 4187
12606 4189
12610 4190
12614 4192
12618 4193
12622 4194
12626 4195
12630 4197
12634 4198
12638 4199
12642 4201
12646 4202
12650 4203
12654 4205
12658 4206
12662 4207
12666 4209
12670 4210
12674 4211
12678 4213
12682 4214
12686 4215
12690 4216
12694 4218
12698 4219
12702 4220
12706 4222
12710 4223
12714 4224
12718 4226
12722 4227
12726 4228
12730 4230
12734 4231
12738 4232
12742 4234
12746 4235
12750 4236
12754 4238
12758 4239
12762 4240
12766 4241
12770 4243
12774 4244
12778 4245
12782 4247
12786 4248
12790 4249
12794 4251
12798 4252
12802 4253
12806 4254
12810 4256
12814 4257
12818 4258
12822 4260
12826 4261
12830 4262
12834 4264
12838 4265
12842 4266
12846 4268
12850 4269
12854 4270
12858 4272
12862 4273
12866 4274
12870 4276
12874 4277
12878 4278
12882 4279
12886 4281
12890 4282
12894 4283
12898 4285
12902 4286
12906 4287
12910 4289
12914 4290
12918 4291
12922 4293
12926 4294
12930 4295
12934 4297
12938 4298
12942 4299
12946 4301
12950 4302
12954 4303
12958 4305
12962 4306
12966 4307
12970 4309
12974 4310
12978 4311
12982 4313
12986 4314
12990 4315
12994 4317
12998 4318
13002 4319
13006 4321
13010 4322
13014 4323
13018 4325
13022 4326
13026 4327
13030 4329
13034 4330
13038 4331
13042 4333
13046 4334
13050 4335
13054 4337
13058 4338
13062 4339
13066 4341
13070 4342
13074 4343
13078 4345
13082 4346
13086 4348
13090 4349
13094 4350
13098 4352
13102 4353
13106 4354
13110 4356
13114 4357
13118 4358
13122 4359
13126 4361
13130 4362
13134 4364
13138 4365
13142 4366
13146 4368
13150 4369
13154 4370
13158 4372
13162 4373
13166 4374
13170 4375
13174 4377
13178 4378
13182 4379
13186 4381
13190 4382
13194 4383
13198 4385
13202 4386
13206 4387
13210 4389
13214 4390
13218 4392
13222 4393
13226 4394
13230 4396
13234 4397
13238 4398
13242 4400
13246 4401
13250 4402
13254 4404
13258 4405
13262 4406
13266 4408
13270 4409
13274 4410
13278 4412
13282 4413
13286 4414
13290 4416
13294 4417
13298 4418
13302 4420
13306 4421
13310 4422
13314 4424
13318 4425
13322 4426
13326 4428
13330 4429
13334 4430
13338 4432
13342 4433
13346 4434
13350 4436
13354 4437
13358 4438
13362 4440
13366 4441
13370 4442
13374 4444
13378 4445
13382 4447
13386 4448
13390 4449
13394 4450
13398 4452
13402 4453
13406 4455
13410 4456
13414 4457
13418 4459
13422 4460
13426 4461
13430 4463
13434 4464
13438 4466
13442 4467
13446 4468
13450 4470
13454 4471
13458 4472
13462 4474
13466 4475
13470 4476
13474 4478
13478 4479
13482 4480
13486 4482
13490 4483
13494 4484
13498 4486
13502 4487
13506 4488
13510 4490
13514 4491
13518 4493
13522 4494
13526 4495
13530 4497
13534 4498
13538 4499
13542 4501
13546 4502
13550 4503
13554 4505
13558 4506
13562 4507
13566 4509
13570 4510
13574 4512
13578 4513
13582 4514
13586 4516
13590 4517
13594 4518
13598 4520
13602 4521
13606 4522
13610 4524
13614 4525
13618 4526
13622 4528
13626 4529
13630 4530
13634 4532
13638 4533
13642 4534
13646 4536
13650 4537
13654 4538
13658 4540
13662 4541
13666 4543
13670 4544
13674 4545
13678 4546
13682 4548
13686 4549
13690 4551
13694 4552
13698 4553
13702 4554
13706 4556
13710 4557
13714 4559
13718 4560
13722 4561
13726 4563
13730 4564
13734 4565
13738 4567
13742 4568
13746 4569
13750 4571
13754 4572
13758 4573
13762 4574
13766 4576
13770 4577
13774 4578
13778 4580
13782 4581
13786 4582
13790 4584
13794 4585
13798 4586
13802 4588
13806 4589
13810 4590
13814 4592
13818 4593
13822 4594
13826 4596
13830 4597
13834 4598
13838 4600
13842 4601
13846 4602
13850 4604
13854 4605
13858 4606
13862 4607
13866 4609
13870 4610
13874 4611
13878 4613
13882 4614
13886 4615
13890 4617
13894 4618
13898 4619
13902 4620
13906 4622
13910 4623
13914 4624
13918 4626
13922 4627
13926 4628
13930 4630
13934 4631
13938 4632
13942 4634
13946 4635
13950 4636
13954 4638
13958 4639
13962 4640
13966 4642
13970 4643
13974 4644
13978 4645
13982 4647
13986 4648
13990 4649
13994 4651
13998 4652
14002 4653
14006 4655
14010 4656
14014 4657
14018 4659
14022 4660
14026 4661
14030 4663
14034 4664
14038 4665
14042 4667
14046 4668
14050 4669
14054 4671
14058 4672
14062 4673
14066 4675
14070 4676
14074 4677
14078 4679
14082 4680
14086 4681
14090 4683
14094 4684
14098 4685
14102 4687
14106 4688
14110 4689
14114 4691
14118 4692
14122 4693
14126 4695
14130 4696
14134 4697
14138 4699
14142 4700
14146 4701
14150 4703
14154 4704
14158 4706
14162 4707
14166 4708
14170 4710
14174 4711
14178 4712
14182 4714
14186 4715
14190 4716
14194 4718
14198 4719
14202 4720
14206 4722
14210 4723
14214 4724
14218 4726
14222 4727
14226 4728
14230 4730
14234 4731
14238 4732
14242 4734
14246 4735
14250 4736
14254 4738
14258 4739
14262 4740
14266 4742
14270 4743
14274 4744
14278 4746
14282 4747
14286 4748
14290 4750
14294 4751
14298 4752
14302 4754
14306 4755
14310 4756
14314 4758
14318 4759
14322 4760
14326 4762
14330 4763
14334 4764
14338 4766
14342 4767
14346 4768
14350 4770
14354 4771
14358 4772
14362 4774
14366 4775
14370 4777
14374 4778
14378 4779
14382 4781
14386 4782
14390 4783
14394 4785
14398 4786
14402 4787
14406 4789
14410 4790
14414 4791
14418 4793
14422 4794
14426 4795
14430 4797
14434 4798
14438 4800
14442 4801
14446 4802
14450 4804
14454 4805
14458 4806
14462 4808
14466 4809
14470 4810
14474 4812
14478 4813
14482 4814
14486 4816
14490 4817
14494 4818
14498 4820
14502 4821
14506 4822
14510 4824
14514 4825
14518 4826
14522 4828
14526 4829
14530 4830
14534 4832
14538 4833
14542 4834
14546 4836
14550 4837
14554 4838
14558 4840
14562 4841
14566 4843
14570 4844
14574 4845
14578 4847
14582 4848
14586 4850
14590 4851
14594 4852
14598 4854
14602 4855
14606 4856
14610 4858
14614 4859
14618 4860
14622 4862
14626 4863
14630 4864
14634 4866
14638 4867
14642 4868
14646 4870
14650 4871
14654 4872
14658 4874
14662 4875
14666 4876
14670 4878
14674 4879
14678 4880
14682 4882
14686 4883
14690 4884
14694 4886
14698 4887
14702 4888
14706 4890
14710 4891
14714 4892
14718 4894
14722 4895
14726 4896
14730 4898
14734 4899
14738 4900
14742 4902
14746 4903
14750 4905
14754 4906
14758 4907
14762 4909
14766 4910
14770 4911
14774 4913
14778 4914
14782 4915
14786 4917
14790 4918
14794 4919
14798 4921
14802 4922
14806 4923
14810 4925
14814 4926
14818 4927
14822 4929
14826 4930
14830 4931
14834 4933
14838 4934
14842 4935
14846 4937
14850 4938
14854 4939
14858 4941
14862 4942
14866 4943
14870 4945
14874 4946
14878 4947
14882 4949
14886 4950
14890 4951
14894 4952
14898 4954
14902 4955
14906 4956
14910 4958
14914 4959
14918 4960
14922 4962
14926 4963
14930 4964
14934 4966
14938 4967
14942 4968
14946 4970
14950 4971
14954 4972
14958 4974
14962 4975
14966 4976
14970 4978
14974 4979
14978 4980
14982 4981
14986 4983
14990 4984
14994 4985
14998 4987
15002 4988
15006 4989
15010 4991
15014 4992
15018 4993
15022 4995
15026 4996
15030 4997
15034 4999
15038 5000
15042 5001
15046 5002
15050 5004
15054 5005
15058 5006
15062 5008
15066 5009
15070 5010
15074 5012
15078 5013
15082 5014
15086 5016
15090 5017
15094 5018
15098 5020
15102 5021
15106 5022
15110 5024
15114 5025
15118 5026
15122 5028
15126 5029
15130 5030
15134 5032
15138 5033
15142 5034
15146 5036
15150 5037
15154 5038
15158 5040
15162 5041
15166 5042
15170 5044
15174 5045
15178 5046
15182 5048
15186 5049
15190 5050
15194 5052
15198 5053
15202 5054
15206 5056
15210 5057
15214 5058
15218 5060
15222 5061
15226 5062
15230 5064
15234 5065
15238 5066
15242 5068
15246 5069
15250 5070
15254 5072
15258 5073
15262 5074
15266 5076
15270 5077
15274 5078
15278 5080
15282 5081
15286 5082
15290 5084
15294 5085
15298 5086
15302 5088
15306 5089
15310 5090
15314 5092
15318 5093
15322 5094
15326 5096
15330 5097
15334 5098
15338 5100
15342 5101
15346 5102
15350 5104
15354 5105
15358 5106
15362 5108
15366 5109
15370 5110
15374 5112
15378 5113
15382 5114
15386 5116
15390 5117
15394 5118
15398 5120
15402 5121
15406 5122
15410 5124
15414 5125
15418 5127
15422 5128
15426 5129
15430 5131
15434 5132
15438 5133
15442 5135
15446 5136
15450 5137
15454 5139
15458 5140
15462 5142
15466 5143
15470 5144
15474 5146
15478 5147
15482 5148
15486 5150
15490 5151
15494 5152
15498 5154
15502 5155
15506 5156
15510 5158
15514 5159
15518 5160
15522 5162
15526 5163
15530 5164
15534 5166
15538 5167
15542 5169
15546 5170
15550 5171
15554 5173
15558 5174
15562 5175
15566 5177
15570 5178
15574 5180
15578 5181
15582 5182
15586 5184
15590 5185
15594 5186
15598 5188
15602 5189
15606 5190
15610 5192
15614 5193
15618 5194
15622 5196
15626 5197
15630 5198
15634 5200
15638 5201
15642 5203
15646 5204
15650 5205
15654 5207
15658 5208
15662 5209
15666 5211
15670 5212
15674 5213
15678 5215
15682 5216
15686 5218
15690 5219
15694 5220
15698 5222
15702 5223
15706 5224
15710 5226
15714 5227
15718 5228
15722 5230
15726 5231
15730 5232
15734 5234
15738 5235
15742 5236
15746 5238
15750 5239
15754 5240
15758 5242
15762 5243
15766 5244
15770 5246
15774 5247
15778 5248
15782 5250
15786 5251
15790 5252
15794 5254
15798 5255
15802 5256
15806 5258
15810 5259
15814 5260
15818 5262
15822 5263
15826 5265
15830 5266
15834 5267
15838 5268
15842 5270
15846 5271
15850 5272
15854 5274
15858 5275
15862 5276
15866 5278
15870 5279
15874 5281
15878 5282
15882 5283
15886 5285
15890 5286
15894 5287
15898 5288
15902 5290
15906 5291
15910 5292
15914 5294
15918 5295
15922 5296
15926 5298
15930 5299
15934 5300
15938 5302
15942 5303
15946 5304
15950 5306
15954 5307
15958 5308
15962 5310
15966 5311
15970 5312
15974 5314
15978 5315
15982 5316
15986 5317
15990 5319
15994 5320
15998 5321
16002 5323
16006 5324
16010 5325
16014 5327
16018 5328
16022 5329
16026 5331
16030 5332
16034 5333
16038 5334
16042 5336
16046 5337
16050 5338
16054 5340
16058 5341
16062 5342
16066 5344
16070 5345
16074 5346
16078 5348
16082 5349
16086 5350
16090 5352
16094 5353
16098 5354
16102 5356
16106 5357
16110 5358
16114 5360
16118 5361
16122 5362
16126 5363
16130 5365
16134 5366
16138 5367
16142 5369
16146 5370
16150 5371
16154 5373
16158 5374
16162 5376
16166 5377
16170 5378
16174 5379
16178 5381
16182 5382
16186 5384
16190 5385
16194 5386
16198 5387
16202 5389
16206 5390
16210 5392
16214 5393
16218 5394
16222 5396
16226 5397
16230 5398
16234 5400
16238 5401
16242 5402
16246 5404
16250 5405
16254 5406
16258 5408
16262 5409
16266 5410
16270 5412
16274 5413
16278 5414
16282 5416
16286 5417
16290 5418
16294 5420
16298 5421
16302 5422
16306 5424
16310 5425
16314 5426
16318 5428
16322 5429
16326 5430
16330 5432
16334 5433
16338 5434
16342 5436
16346 5437
16350 5438
16354 5440
16358 5441
16362 5442
16366 5444
16370 5445
16374 5446
16378 5448
16382 5449
16386 5450
16390 5452
16394 5453
16398 5454
16402 5456
16406 5457
16410 5458
16414 5460
16418 5461
16422 5462
16426 5464
16430 5465
16434 5466
16438 5468
16442 5469
16446 5470
16450 5472
16454 5473
16458 5474
16462 5476
16466 5477
16470 5478
16474 5480
16478 5481
16482 5482
16486 5484
16490 5485
16494 5486
16498 5488
16502 5489
16506 5490
16510 5492
16514 5493
16518 5495
16522 5496
16526 5497
16530 5499
16534 5500
16538 5501
16542 5503
16546 5504
16550 5505
16554 5507
16558 5508
16562 5509
16566 5511
16570 5512
16574 5513
16578 5515
16582 5516
16586 5518
16590 5519
16594 5520
16598 5522
16602 5523
16606 5524
16610 5526
16614 5527
16618 5528
16622 5530
16626 5531
16630 5532
16634 5534
16638 5535
16642 5536
16646 5538
16650 5539
16654 5540
16658 5542
16662 5543
16666 5544
16670 5546
16674 5547
16678 5549
16682 5550
16686 5551
16690 5553
16694 5554
16698 5556
16702 5557
16706 5558
16710 5560
16714 5561
16718 5562
16722 5564
16726 5565
16730 5566
16734 5568
16738 5569
16742 5570
16746 5572
16750 5573
16754 5574
16758 5576
16762 5577
16766 5579
16770 5580
16774 5581
16778 5583
16782 5584
16786 5585
16790 5587
16794 5588
16798 5589
16802 5591
16806 5592
16810 5594
16814 5595
16818 5596
16822 5598
16826 5599
16830 5600
16834 5602
16838 5603
16842 5604
16846 5606
16850 5607
16854 5608
16858 5610
16862 5611
16866 5612
16870 5614
16874 5615
16878 5616
16882 5618
16886 5619
16890 5620
16894 5622
16898 5623
16902 5624
16906 5626
16910 5627
16914 5628
16918 5630
16922 5631
16926 5633
16930 5634
16934 5635
16938 5637
16942 5638
16946 5639
16950 5641
16954 5642
16958 5643
16962 5645
16966 5646
16970 5647
16974 5649
16978 5650
16982 5651
16986 5653
16990 5654
16994 5655
16998 5656
17002 5658
17006 5659
17010 5661
17014 5662
17018 5663
17022 5664
17026 5666
17030 5667
17034 5668
17038 5670
17042 5671
17046 5672
17050 5674
17054 5675
17058 5676
17062 5678
17066 5679
17070 5680
17074 5682
17078 5683
17082 5684
17086 5686
17090 5687
17094 5688
17098 5690
17102 5691
17106 5692
17110 5693
17114 5695
17118 5696
17122 5697
17126 5699
17130 5700
17134 5701
17138 5702
17142 5704
17146 5705
17150 5706
17154 5708
17158 5709
17162 5710
17166 5712
17170 5713
17174 5714
17178 5716
17182 5717
17186 5718
17190 5720
17194 5721
17198 5722
17202 5724
17206 5725
17210 5726
17214 5728
17218 5729
17222 5730
17226 5732
17230 5733
17234 5734
17238 5736
17242 5737
17246 5738
17250 5740
17254 5741
17258 5742
17262 5744
17266 5745
17270 5746
17274 5747
17278 5749
17282 5750
17286 5752
17290 5753
17294 5754
17298 5756
17302 5757
17306 5758
17310 5760
17314 5761
17318 5762
17322 5764
17326 5765
17330 5766
17334 5768
17338 5769
17342 5770
17346 5772
17350 5773
17354 5774
17358 5776
17362 5777
17366 5778
17370 5780
17374 5781
17378 5782
17382 5784
17386 5785
17390 5786
17394 5788
17398 5789
17402 5790
17406 5792
17410 5793
17414 5794
17418 5796
17422 5797
17426 5798
17430 5800
17434 5801
17438 5802
17442 5804
17446 5805
17450 5806
17454 5808
17458 5809
17462 5810
17466 5812
17470 5813
17474 5814
17478 5816
17482 5817
17486 5818
17490 5820
17494 5821
17498 5822
17502 5824
17506 5825
17510 5826
17514 5828
17518 5829
17522 5831
17526 5832
17530 5833
17534 5835
17538 5836
17542 5837
17546 5839
17550 5840
17554 5841
17558 5843
17562 5844
17566 5845
17570 5847
17574 5848
17578 5850
17582 5851
17586 5852
17590 5854
17594 5855
17598 5856
17602 5858
17606 5859
17610 5860
17614 5862
17618 5863
17622 5864
17626 5866
17630 5867
17634 5868
17638 5870
17642 5871
17646 5872
17650 5874
17654 5875
17658 5876
17662 5878
17666 5879
17670 5880
17674 5882
17678 5883
17682 5885
17686 5886
17690 5887
17694 5889
17698 5890
17702 5891
17706 5893
17710 5894
17714 5895
17718 5897
17722 5898
17726 5899
17730 5901
17734 5902
17738 5904
17742 5905
17746 5906
17750 5908
17754 5909
17758 5910
17762 5912
17766 5913
17770 5914
17774 5916
17778 5917
17782 5918
17786 5920
17790 5921
17794 5922
17798 5924
17802 5925
17806 5926
17810 5928
17814 5929
17818 5931
17822 5932
17826 5933
17830 5935
17834 5936
17838 5937
17842 5939
17846 5940
17850 5941
17854 5943
17858 5944
17862 5945
17866 5947
17870 5948
17874 5949
17878 5951
17882 5952
17886 5954
17890 5955
17894 5956
17898 5958
17902 5959
17906 5960
17910 5962
17914 5963
17918 5964
17922 5966
17926 5967
17930 5968
17934 5970
17938 5971
17942 5972
17946 5974
17950 5975
17954 5976
17958 5978
17962 5979
17966 5980
17970 5982
17974 5983
17978 5984
17982 5986
17986 5987
17990 5988
17994 5990
17998 5991
18002 5992
18006 5994
18010 5995
18014 5996
18018 5998
18022 5999
18026 6000
18030 6002
18034 6003
18038 6005
18042 6006
18046 6007
18050 6008
18054 6010
18058 6011
18062 6013
18066 6014
18070 6015
18074 6016
18078 6018
18082 6019
18086 6021
18090 6022
18094 6023
18098 6024
18102 6026
18106 6027
18110 6028
18114 6030
18118 6031
18122 6032
18126 6034
18130 6035
18134 6036
18138 6038
18142 6039
18146 6040
18150 6042
18154 6043
18158 6044
18162 6046
18166 6047
18170 6048
18174 6050
18178 6051
18182 6052
18186 6053
18190 6055
18194 6056
18198 6057
18202 6059
18206 6060
18210 6061
18214 6062
18218 6064
18222 6065
18226 6066
18230 6068
18234 6069
18238 6070
18242 6072
18246 6073
18250 6074
18254 6076
18258 6077
18262 6078
18266 6080
18270 6081
18274 6082
18278 6084
18282 6085
18286 6086
18290 6088
18294 6089
18298 6090
18302 6091
18306 6093
18310 6094
18314 6096
18318 6097
18322 6098
18326 6099
18330 6101
18334 6102
18338 6103
18342 6105
18346 6106
18350 6107
18354 6109
18358 6110
18362 6111
18366 6113
18370 6114
18374 6115
18378 6117
18382 6118
18386 6119
18390 6121
18394 6122
18398 6123
18402 6125
18406 6126
18410 6127
18414 6129
18418 6130
18422 6131
18426 6133
18430 6134
18434 6135
18438 6137
18442 6138
18446 6139
18450 6141
18454 6142
18458 6143
18462 6145
18466 6146
18470 6147
18474 6149
18478 6150
18482 6151
18486 6153
18490 6154
18494 6155
18498 6157
18502 6158
18506 6159
18510 6161
18514 6162
18518 6163
18522 6165
18526 6166
18530 6167
18534 6169
18538 6170
18542 6171
18546 6173
18550 6174
18554 6175
18558 6177
18562 6178
18566 6179
18570 6181
18574 6182
18578 6183
18582 6185
18586 6186
18590 6187
18594 6189
18598 6190
18602 6192
18606 6193
18610 6194
18614 6196
18618 6197
18622 6198
18626 6200
18630 6201
18634 6202
18638 6204
18642 6205
18646 6206
18650 6208
18654 6209
18658 6210
18662 6212
18666 6213
18670 6214
18674 6216
18678 6217
18682 6218
18686 6220
18690 6221
18694 6223
18698 6224
18702 6225
18706 6226
18710 6228
18714 6229
18718 6231
18722 6232
18726 6233
18730 6235
18734 6236
18738 6238
18742 6239
18746 6240
18750 6242
18754 6243
18758 6244
18762 6246
18766 6247
18770 6248
18774 6250
18778 6251
18782 6252
18786 6254
18790 6255
18794 6256
18798 6258
18802 6259
18806 6260
18810 6262
18814 6263
18818 6265
18822 6266
18826 6267
18830 6269
18834 6270
18838 6271
18842 6273
18846 6274
18850 6276
18854 6277
18858 6278
18862 6279
18866 6281
18870 6282
18874 6284
18878 6285
18882 6286
18886 6288
18890 6289
18894 6290
18898 6292
18902 6293
18906 6294
18910 6296
18914 6297
18918 6298
18922 6300
18926 6301
18930 6302
18934 6304
18938 6305
18942 6307
18946 6308
18950 6309
18954 6311
18958 6312
18962 6313
18966 6315
18970 6316
18974 6317
18978 6319
18982 6320
18986 6321
18990 6323
18994 6324
18998 6325
19002 6327
19006 6328
19010 6329
19014 6331
19018 6332
19022 6333
19026 6335
19030 6336
19034 6338
19038 6339
19042 6340
19046 6342
19050 6343
19054 6344
19058 6346
19062 6347
19066 6348
19070 6350
19074 6351
19078 6352
19082 6354
19086 6355
19090 6356
19094 6358
19098 6359
19102 6360
19106 6362
19110 6363
19114 6364
19118 6366
19122 6367
19126 6368
19130 6370
19134 6371
19138 6372
19142 6374
19146 6375
19150 6376
19154 6377
19158 6379
19162 6380
19166 6382
19170 6383
19174 6384
19178 6385
19182 6387
19186 6388
19190 6389
19194 6391
19198 6392
19202 6393
19206 6395
19210 6396
19214 6397
19218 6398
19222 6400
19226 6401
19230 6402
19234 6404
19238 6405
19242 6406
19246 6408
19250 6409
19254 6410
19258 6412
19262 6413
19266 6414
19270 6416
19274 6417
19278 6418
19282 6420
19286 6421
19290 6422
19294 6424
19298 6425
19302 6426
19306 6428
19310 6429
19314 6430
19318 6432
19322 6433
19326 6434
19330 6435
19334 6437
19338 6438
19342 6439
19346 6441
19350 6442
19354 6443
19358 6445
19362 6446
19366 6447
19370 6449
19374 6450
19378 6451
19382 6453
19386 6454
19390 6455
19394 6457
19398 6458
19402 6459
19406 6461
19410 6462
19414 6463
19418 6465
19422 6466
19426 6467
19430 6469
19434 6470
19438 6471
19442 6473
19446 6474
19450 6475
19454 6477
19458 6478
19462 6480
19466 6481
19470 6482
19474 6484
19478 6485
19482 6486
19486 6488
19490 6489
19494 6490
19498 6492
19502 6493
19506 6494
19510 6496
19514 6497
19518 6498
19522 6500
19526 6501
19530 6502
19534 6504
19538 6505
19542 6506
19546 6508
19550 6509
19554 6510
19558 6512
19562 6513
19566 6514
19570 6516
19574 6517
19578 6518
19582 6520
19586 6521
19590 6522
19594 6524
19598 6525
19602 6526
19606 6528
19610 6529
19614 6530
19618 6532
19622 6533
19626 6534
19630 6536
19634 6537
19638 6538
19642 6540
19646 6541
19650 6542
19654 6544
19658 6545
19662 6546
19666 6548
19670 6549
19674 6550
19678 6552
19682 6553
19686 6554
19690 6556
19694 6557
19698 6558
19702 6560
19706 6561
19710 6562
19714 6564
19718 6565
19722 6566
19726 6568
19730 6569
19734 6570
19738 6572
19742 6573
19746 6574
19750 6576
19754 6577
19758 6578
19762 6580
19766 6581
19770 6583
19774 6584
19778 6585
19782 6587
19786 6588
19790 6589
19794 6591
19798 6592
19802 6593
19806 6595
19810 6596
19814 6598
19818 6599
19822 6600
19826 6602
19830 6603
19834 6604
19838 6606
19842 6607
19846 6608
19850 6610
19854 6611
19858 6612
19862 6614
19866 6615
19870 6616
19874 6618
19878 6619
19882 6620
19886 6622
19890 6623
19894 6624
19898 6626
19902 6627
19906 6629
19910 6630
19914 6631
19918 6633
19922 6634
19926 6635
19930 6637
19934 6638
19938 6639
19942 6641
19946 6642
19950 6644
19954 6645
19958 6646
19962 6648
19966 6649
19970 6650
19974 6652
19978 6653
19982 6654
19986 6656
19990 6657
19994 6658
19998 6660
20002 6661
20006 6662
20010 6664
20014 6665
20018 6667
20022 6668
20026 6669
20030 6671
20034 6672
20038 6674
20042 6675
20046 6676
20050 6678
20054 6679
20058 6680
20062 6682
20066 6683
20070 6684
20074 6686
20078 6687
20082 6688
20086 6690
20090 6691
20094 6692
20098 6694
20102 6695
20106 6696
20110 6698
20114 6699
20118 6700
20122 6702
20126 6703
20130 6704
20134 6706
20138 6707
20142 6708
20146 6710
20150 6711
20154 6712
20158 6714
20162 6715
20166 6716
20170 6718
20174 6719
20178 6721
20182 6722
20186 6723
20190 6725
20194 6726
20198 6727
20202 6729
20206 6730
20210 6731
20214 6732
20218 6734
20222 6735
20226 6736
20230 6738
20234 6739
20238 6740
20242 6742
20246 6743
20250 6744
20254 6746
20258 6747
20262 6748
20266 6750
20270 6751
20274 6752
20278 6754
20282 6755
20286 6756
20290 6757
20294 6759
20298 6760
20302 6761
20306 6763
20310 6764
20314 6765
20318 6766
20322 6768
20326 6769
20330 6770
20334 6772
20338 6773
20342 6774
20346 6776
20350 6777
20354 6778
20358 6780
20362 6781
20366 6782
20370 6783
20374 6785
20378 6786
20382 6787
20386 6789
20390 6790
20394 6791
20398 6793
20402 6794
20406 6795
20410 6796
20414 6798
20418 6799
20422 6800
20426 6802
20430 6803
20434 6804
20438 6806
20442 6807
20446 6808
20450 6810
20454 6811
20458 6812
20462 6814
20466 6815
20470 6816
20474 6818
20478 6819
20482 6820
20486 6822
20490 6823
20494 6824
20498 6826
20502 6827
20506 6828
20510 6830
20514 6831
20518 6832
20522 6834
20526 6835
20530 6836
20534 6838
20538 6839
20542 6840
20546 6842
20550 6843
20554 6844
20558 6846
20562 6847
20566 6848
20570 6850
20574 6851
20578 6852
20582 6854
20586 6855
20590 6856
20594 6858
20598 6859
20602 6860
20606 6862
20610 6863
20614 6864
20618 6866
20622 6867
20626 6868
20630 6870
20634 6871
20638 6872
20642 6874
20646 6875
20650 6876
20654 6878
20658 6879
20662 6880
20666 6882
20670 6883
20674 6884
20678 6886
20682 6887
20686 6889
20690 6890
20694 6891
20698 6893
20702 6894
20706 6895
20710 6897
20714 6898
20718 6899
20722 6901
20726 6902
20730 6903
20734 6905
20738 6906
20742 6907
20746 6909
20750 6910
20754 6911
20758 6913
20762 6914
20766 6916
20770 6917
20774 6918
20778 6920
20782 6921
20786 6922
20790 6924
20794 6925
20798 6926
20802 6928
20806 6929
20810 6930
20814 6932
20818 6933
20822 6934
20826 6936
20830 6937
20834 6938
20838 6940
20842 6941
20846 6942
20850 6944
20854 6945
20858 6946
20862 6948
20866 6949
20870 6950
20874 6952
20878 6953
20882 6954
20886 6956
20890 6957
20894 6959
20898 6960
20902 6961
20906 6963
20910 6964
20914 6965
20918 6967
20922 6968
20926 6969
20930 6971
20934 6972
20938 6973
20942 6975
20946 6976
20950 6977
20954 6979
20958 6980
20962 6982
20966 6983
20970 6984
20974 6986
20978 6987
20982 6988
20986 6990
20990 6991
20994 6992
20998 6994
21002 6995
21006 6996
21010 6998
21014 6999
21018 7000
21022 7002
21026 7003
21030 7004
21034 7006
21038 7007
21042 7008
21046 7010
21050 7011
21054 7013
21058 7014
21062 7015
21066 7017
21070 7018
21074 7019
21078 7021
21082 7022
21086 7023
21090 7025
21094 7026
21098 7027
21102 7029
21106 7030
21110 7031
21114 7033
21118 7034
21122 7036
21126 7037
21130 7038
21134 7040
21138 7041
21142 7042
21146 7044
21150 7045
21154 7046
21158 7048
21162 7049
21166 7050
21170 7052
21174 7053
21178 7054
21182 7056
21186 7057
21190 7058
21194 7060
21198 7061
21202 7062
21206 7064
21210 7065
21214 7066
21218 7068
21222 7069
21226 7070
21230 7072
21234 7073
21238 7074
21242 7076
21246 7077
21250 7079
21254 7080
21258 7081
21262 7083
21266 7084
21270 7085
21274 7087
21278 7088
21282 7089
21286 7091
21290 7092
21294 7093
21298 7095
21302 7096
21306 7097
21310 7099
21314 7100
21318 7101
21322 7103
21326 7104
21330 7105
21334 7107
21338 7108
21342 7109
21346 7111
21350 7112
21354 7113
21358 7114
21362 7116
21366 7117
21370 7118
21374 7120
21378 7121
21382 7122
21386 7124
21390 7125
21394 7126
21398 7128
21402 7129
21406 7130
21410 7132
21414 7133
21418 7134
21422 7136
21426 7137
21430 7138
21434 7140
21438 7141
21442 7142
21446 7143
21450 7145
21454 7146
21458 7147
21462 7149
21466 7150
21470 7151
21474 7153
21478 7154
21482 7155
21486 7157
21490 7158
21494 7159
21498 7161
21502 7162
21506 7163
21510 7164
21514 7166
21518 7167
21522 7168
21526 7170
21530 7171
21534 7172
21538 7174
21542 7175
21546 7176
21550 7178
21554 7179
21558 7180
21562 7182
21566 7183
21570 7184
21574 7186
21578 7187
21582 7188
21586 7190
21590 7191
21594 7192
21598 7194
21602 7195
21606 7196
21610 7198
21614 7199
21618 7200
21622 7202
21626 7203
21630 7204
21634 7206
21638 7207
21642 7208
21646 7210
21650 7211
21654 7212
21658 7214
21662 7215
21666 7216
21670 7218
21674 7219
21678 7220
21682 7222
21686 7223
21690 7224
21694 7226
21698 7227
21702 7229
21706 7230
21710 7231
21714 7232
21718 7234
21722 7235
21726 7236
21730 7238
21734 7239
21738 7240
21742 7242
21746 7243
21750 7244
21754 7246
21758 7247
21762 7249
21766 7250
21770 7251
21774 7253
21778 7254
21782 7255
21786 7257
21790 7258
21794 7259
21798 7261
21802 7262
21806 7263
21810 7265
21814 7266
21818 7267
21822 7269
21826 7270
21830 7271
21834 7273
21838 7274
21842 7276
21846 7277
21850 7278
21854 7280
21858 7281
21862 7282
21866 7284
21870 7285
21874 7286
21878 7288
21882 7289
21886 7290
21890 7292
21894 7293
21898 7294
21902 7296
21906 7297
21910 7298
21914 7300
21918 7301
21922 7303
21926 7304
21930 7305
21934 7306
21938 7308
21942 7309
21946 7311
21950 7312
21954 7313
21958 7315
21962 7316
21966 7318
21970 7319
21974 7320
21978 7322
21982 7323
21986 7324
21990 7326
21994 7327
21998 7328
22002 7330
22006 7331
22010 7332
22014 7334
22018 7335
22022 7336
22026 7338
22030 7339
22034 7341
22038 7342
22042 7343
22046 7345
22050 7346
22054 7347
22058 7349
22062 7350
22066 7351
22070 7353
22074 7354
22078 7356
22082 7357
22086 7358
22090 7360
22094 7361
22098 7362
22102 7364
22106 7365
22110 7366
22114 7368
22118 7369
22122 7370
22126 7372
22130 7373
22134 7374
22138 7376
22142 7377
22146 7378
22150 7380
22154 7381
22158 7382
22162 7384
22166 7385
22170 7386
22174 7388
22178 7389
22182 7390
22186 7392
22190 7393
22194 7395
22198 7396
22202 7397
22206 7399
22210 7400
22214 7401
22218 7403
22222 7404
22226 7405
22230 7407
22234 7408
22238 7409
22242 7411
22246 7412
22250 7413
22254 7415
22258 7416
22262 7418
22266 7419
22270 7420
22274 7422
22278 7423
22282 7424
22286 7426
22290 7427
22294 7428
22298 7430
22302 7431
22306 7432
22310 7434
22314 7435
22318 7436
22322 7438
22326 7439
22330 7440
22334 7442
22338 7443
22342 7444
22346 7446
22350 7447
22354 7448
22358 7450
22362 7451
22366 7452
22370 7453
22374 7455
22378 7456
22382 7457
22386 7459
22390 7460
22394 7461
22398 7463
22402 7464
22406 7465
22410 7467
22414 7468
22418 7469
22422 7470
22426 7472
22430 7473
22434 7474
22438 7476
22442 7477
22446 7478
22450 7480
22454 7481
22458 7482
22462 7484
22466 7485
22470 7486
22474 7488
22478 7489
22482 7490
22486 7491
22490 7493
22494 7494
22498 7495
22502 7497
22506 7498
22510 7499
22514 7500
22518 7502
22522 7503
22526 7504
22530 7506
22534 7507
22538 7508
22542 7510
22546 7511
22550 7512
22554 7514
22558 7515
22562 7516
22566 7518
22570 7519
22574 7520
22578 7522
22582 7523
22586 7524
22590 7526
22594 7527
22598 7528
22602 7530
22606 7531
22610 7532
22614 7534
22618 7535
22622 7536
22626 7538
22630 7539
22634 7540
22638 7542
22642 7543
22646 7544
22650 7546
22654 7547
22658 7548
22662 7550
22666 7551
22670 7552
22674 7554
22678 7555
22682 7556
22686 7558
22690 7559
22694 7560
22698 7562
22702 7563
22706 7564
22710 7566
22714 7567
22718 7568
22722 7570
22726 7571
22730 7572
22734 7574
22738 7575
22742 7576
22746 7578
22750 7579
22754 7580
22758 7582
22762 7583
22766 7584
22770 7586
22774 7587
22778 7588
22782 7590
22786 7591
22790 7592
22794 7594
22798 7595
22802 7596
22806 7598
22810 7599
22814 7600
22818 7602
22822 7603
22826 7604
22830 7606
22834 7607
22838 7608
22842 7610
22846 7611
22850 7612
22854 7614
22858 7615
22862 7616
22866 7618
22870 7619
22874 7620
22878 7622
22882 7623
22886 7624
22890 7626
22894 7627
22898 7628
22902 7630
22906 7631
22910 7632
22914 7634
22918 7635
22922 7636
22926 7638
22930 7639
22934 7640
22938 7642
22942 7643
22946 7644
22950 7646
22954 7647
22958 7648
22962 7650
22966 7651
22970 7652
22974 7654
22978 7655
22982 7656
22986 7658
22990 7659
22994 7660
22998 7662
23002 7663
23006 7665
23010 7666
23014 7667
23018 7669
23022 7670
23026 7671
23030 7673
23034 7674
23038 7675
23042 7677
23046 7678
23050 7680
23054 7681
23058 7682
23062 7684
23066 7685
23070 7686
23074 7688
23078 7689
23082 7690
23086 7692
23090 7693
23094 7694
23098 7696
23102 7697
23106 7698
23110 7700
23114 7701
23118 7702
23122 7704
23126 7705
23130 7707
23134 7708
23138 7709
23142 7711
23146 7712
23150 7713
23154 7715
23158 7716
23162 7718
23166 7719
23170 7720
23174 7722
23178 7723
23182 7724
23186 7726
23190 7727
23194 7728
23198 7730
23202 7731
23206 7732
23210 7734
23214 7735
23218 7736
23222 7738
23226 7739
23230 7741
23234 7742
23238 7743
23242 7745
23246 7746
23250 7747
23254 7749
23258 7750
23262 7751
23266 7753
23270 7754
23274 7756
23278 7757
23282 7758
23286 7760
23290 7761
23294 7762
23298 7764
23302 7765
23306 7766
23310 7768
23314 7769
23318 7770
23322 7772
23326 7773
23330 7774
23334 7776
23338 7777
23342 7778
23346 7780
23350 7781
23354 7782
23358 7784
23362 7785
23366 7786
23370 7788
23374 7789
23378 7790
23382 7792
23386 7793
23390 7794
23394 7796
23398 7797
23402 7799
23406 7800
23410 7801
23414 7802
23418 7804
23422 7805
23426 7807
23430 7808
23434 7809
23438 7810
23442 7812
23446 7813
23450 7814
23454 7816
23458 7817
23462 7818
23466 7820
23470 7821
23474 7822
23478 7824
23482 7825
23486 7826
23490 7828
23494 7829
23498 7830
23502 7832
23506 7833
23510 7834
23514 7836
23518 7837
23522 7838
23526 7839
23530 7841
23534 7842
23538 7843
23542 7845
23546 7846
23550 7847
23554 7849
23558 7850
23562 7851
23566 7853
23570 7854
23574 7855
23578 7856
23582 7858
23586 7859
23590 7860
23594 7862
23598 7863
23602 7864
23606 7866
23610 7867
23614 7868
23618 7870
23622 7871
23626 7872
23630 7874
23634 7875
23638 7876
23642 7878
23646 7879
23650 7880
23654 7881
23658 7883
23662 7884
23666 7885
23670 7887
23674 7888
23678 7889
23682 7891
23686 7892
23690 7893
23694 7895
23698 7896
23702 7897
23706 7899
23710 7900
23714 7901
23718 7903
23722 7904
23726 7905
23730 7907
23734 7908
23738 7909
23742 7911
23746 7912
23750 7913
23754 7915
23758 7916
23762 7918
23766 7919
23770 7920
23774 7922
23778 7923
23782 7924
23786 7926
23790 7927
23794 7928
23798 7930
23802 7931
23806 7932
23810 7934
23814 7935
23818 7936
23822 7938
23826 7939
23830 7940
23834 7942
23838 7943
23842 7944
23846 7946
23850 7947
23854 7948
23858 7950
23862 7951
23866 7952
23870 7954
23874 7955
23878 7956
23882 7958
23886 7959
23890 7960
23894 7962
23898 7963
23902 7964
23906 7966
23910 7967
23914 7968
23918 7970
23922 7971
23926 7972
23930 7974
23934 7975
23938 7976
23942 7978
23946 7979
23950 7981
23954 7982
23958 7983
23962 7985
23966 7986
23970 7987
23974 7989
23978 7990
23982 7991
23986 7993
23990 7994
23994 7995
23998 7997
24002 7998
24006 7999
24010 8001
24014 8002
24018 8003
24022 8005
24026 8006
24030 8008
24034 8009
24038 8010
24042 8012
24046 8013
24050 8014
24054 8016
24058 8017
24062 8018
24066 8020
24070 8021
24074 8022
24078 8024
24082 8025
24086 8026
24090 8028
24094 8029
24098 8030
24102 8032
24106 8033
24110 8034
24114 8036
24118 8037
24122 8039
24126 8040
24130 8041
24134 8043
24138 8044
24142 8045
24146 8047
24150 8048
24154 8049
24158 8051
24162 8052
24166 8053
24170 8055
24174 8056
24178 8057
24182 8059
24186 8060
24190 8062
24194 8063
24198 8064
24202 8066
24206 8067
24210 8068
24214 8070
24218 8071
24222 8072
24226 8074
24230 8075
24234 8076
24238 8078
24242 8079
24246 8080
24250 8082
24254 8083
24258 8084
24262 8086
24266 8087
24270 8089
24274 8090
24278 8091
24282 8093
24286 8094
24290 8095
24294 8097
24298 8098
24302 8099
24306 8101
24310 8102
24314 8103
24318 8105
24322 8106
24326 8107
24330 8109
24334 8110
24338 8112
24342 8113
24346 8114
24350 8116
24354 8117
24358 8118
24362 8120
24366 8121
24370 8122
24374 8124
24378 8125
24382 8126
24386 8128
24390 8129
24394 8130
24398 8132
24402 8133
24406 8134
24410 8136
24414 8137
24418 8138
24422 8140
24426 8141
24430 8143
24434 8144
24438 8145
24442 8147
24446 8148
24450 8149
24454 8151
24458 8152
24462 8153
24466 8155
24470 8156
24474 8157
24478 8159
24482 8160
24486 8161
24490 8163
24494 8164
24498 8166
24502 8167
24506 8168
24510 8169
24514 8171
24518 8172
24522 8173
24526 8175
24530 8176
24534 8177
24538 8179
24542 8180
24546 8181
24550 8183
24554 8184
24558 8185
24562 8187
24566 8188
24570 8189
24574 8191
24578 8192
24582 8193
24586 8194
24590 8196
24594 8197
24598 8198
24602 8200
24606 8201
24610 8202
24614 8204
24618 8205
24622 8206
24626 8208
24630 8209
24634 8210
24638 8212
24642 8213
24646 8214
24650 8215
24654 8217
24658 8218
24662 8219
24666 8220
24670 8222
24674 8223
24678 8224
24682 8226
24686 8227
24690 8228
24694 8230
24698 8231
24702 8232
24706 8234
24710 8235
24714 8236
24718 8238
24722 8239
24726 8240
24730 8242
24734 8243
24738 8244
24742 8245
24746 8247
24750 8248
24754 8249
24758 8251
24762 8252
24766 8253
24770 8255
24774 8256
24778 8257
24782 8259
24786 8260
24790 8261
24794 8263
24798 8264
24802 8265
24806 8267
24810 8268
24814 8269
24818 8271
24822 8272
24826 8273
24830 8274
24834 8276
24838 8277
24842 8279
24846 8280
24850 8281
24854 8283
24858 8284
24862 8285
24866 8287
24870 8288
24874 8289
24878 8290
24882 8292
24886 8293
24890 8294
24894 8296
24898 8297
24902 8298
24906 8300
24910 8301
24914 8303
24918 8304
24922 8305
24926 8307
24930 8308
24934 8309
24938 8311
24942 8312
24946 8313
24950 8315
24954 8316
24958 8317
24962 8318
24966 8320
24970 8321
24974 8323
24978 8324
24982 8325
24986 8327
24990 8328
24994 8329
24998 8331
25002 8332
25006 8333
25010 8335
25014 8336
25018 8337
25022 8339
25026 8340
25030 8341
25034 8343
25038 8344
25042 8345
25046 8347
25050 8348
25054 8349
25058 8351
25062 8352
25066 8354
25070 8355
25074 8356
25078 8358
25082 8359
25086 8360
25090 8362
25094 8363
25098 8364
25102 8366
25106 8367
25110 8368
25114 8370
25118 8371
25122 8372
25126 8374
25130 8375
25134 8376
25138 8378
25142 8379
25146 8380
25150 8382
25154 8383
25158 8384
25162 8386
25166 8387
25170 8389
25174 8390
25178 8391
25182 8393
25186 8394
25190 8395
25194 8397
25198 8398
25202 8400
25206 8401
25210 8402
25214 8404
25218 8405
25222 8406
25226 8408
25230 8409
25234 8410
25238 8412
25242 8413
25246 8414
25250 8416
25254 8417
25258 8418
25262 8420
25266 8421
25270 8423
25274 8424
25278 8425
25282 8427
25286 8428
25290 8429
25294 8431
25298 8432
25302 8434
25306 8435
25310 8436
25314 8438
25318 8439
25322 8440
25326 8442
25330 8443
25334 8444
25338 8446
25342 8447
25346 8448
25350 8450
25354 8451
25358 8452
25362 8454
25366 8455
25370 8456
25374 8458
25378 8459
25382 8460
25386 8462
25390 8463
25394 8464
25398 8466
25402 8467
25406 8468
25410 8470
25414 8471
25418 8473
25422 8474
25426 8475
25430 8477
25434 8478
25438 8479
25442 8481
25446 8482
25450 8483
25454 8485
25458 8486
25462 8487
25466 8489
25470 8490
25474 8491
25478 8493
25482 8494
25486 8496
25490 8497
25494 8498
25498 8500
25502 8501
25506 8502
25510 8504
25514 8505
25518 8506
25522 8508
25526 8509
25530 8510
25534 8512
25538 8513
25542 8514
25546 8516
25550 8517
25554 8518
25558 8520
25562 8521
25566 8522
25570 8524
25574 8525
25578 8526
25582 8528
25586 8529
25590 8530
25594 8532
25598 8533
25602 8534
25606 8536
25610 8537
25614 8538
25618 8540
25622 8541
25626 8542
25630 8544
25634 8545
25638 8546
25642 8547
25646 8549
25650 8550
25654 8551
25658 8553
25662 8554
25666 8555
25670 8557
25674 8558
25678 8559
25682 8560
25686 8562
25690 8563
25694 8564
25698 8566
25702 8567
25706 8568
25710 8570
25714 8571
25718 8572
25722 8574
25726 8575
25730 8576
25734 8578
25738 8579
25742 8580
25746 8582
25750 8583
25754 8584
25758 8586
25762 8587
25766 8588
25770 8590
25774 8591
25778 8592
25782 8594
25786 8595
25790 8596
25794 8598
25798 8599
25802 8600
25806 8602
25810 8603
25814 8604
25818 8606
25822 8607
25826 8608
25830 8610
25834 8611
25838 8612
25842 8614
25846 8615
25850 8616
25854 8618
25858 8619
25862 8620
25866 8622
25870 8623
25874 8624
25878 8626
25882 8627
25886 8628
25890 8630
25894 8631
25898 8632
25902 8634
25906 8635
25910 8636
25914 8638
25918 8639
25922 8640
25926 8642
25930 8643
25934 8644
25938 8646
25942 8647
25946 8648
25950 8650
25954 8651
25958 8652
25962 8654
25966 8655
25970 8656
25974 8658
25978 8659
25982 8660
25986 8662
25990 8663
25994 8664
25998 8666
26002 8667
26006 8668
26010 8670
26014 8671
26018 8672
26022 8674
26026 8675
26030 8676
26034 8678
26038 8679
26042 8680
26046 8682
26050 8683
26054 8684
26058 8686
26062 8687
26066 8688
26070 8690
26074 8691
26078 8692
26082 8694
26086 8695
26090 8696
26094 8698
26098 8699
26102 8700
26106 8702
26110 8703
26114 8704
26118 8706
26122 8707
26126 8708
26130 8710
26134 8711
26138 8713
26142 8714
26146 8715
26150 8716
26154 8718
26158 8719
26162 8721
26166 8722
26170 8723
26174 8724
26178 8726
26182 8727
26186 8729
26190 8730
26194 8731
26198 8733
26202 8734
26206 8735
26210 8737
26214 8738
26218 8739
26222 8741
26226 8742
26230 8744
26234 8745
26238 8746
26242 8748
26246 8749
26250 8750
26254 8752
26258 8753
26262 8754
26266 8756
26270 8757
26274 8758
26278 8760
26282 8761
26286 8762
26290 8764
26294 8765
26298 8766
26302 8768
26306 8769
26310 8770
26314 8772
26318 8773
26322 8775
26326 8776
26330 8777
26334 8779
26338 8780
26342 8781
26346 8783
26350 8784
26354 8786
26358 8787
26362 8788
26366 8790
26370 8791
26374 8792
26378 8794
26382 8795
26386 8796
26390 8798
26394 8799
26398 8800
26402 8802
26406 8803
26410 8804
26414 8806
26418 8807
26422 8809
26426 8810
26430 8811
26434 8813
26438 8814
26442 8815
26446 8817
26450 8818
26454 8820
26458 8821
26462 8822
26466 8824
26470 8825
26474 8826
26478 8828
26482 8829
26486 8830
26490 8832
26494 8833
26498 8834
26502 8836
26506 8837
26510 8838
26514 8840
26518 8841
26522 8842
26526 8844
26530 8845
26534 8846
26538 8848
26542 8849
26546 8851
26550 8852
26554 8853
26558 8855
26562 8856
26566 8857
26570 8859
26574 8860
26578 8861
26582 8863
26586 8864
26590 8865
26594 8867
26598 8868
26602 8869
26606 8871
26610 8872
26614 8873
26618 8875
26622 8876
26626 8878
26630 8879
26634 8880
26638 8882
26642 8883
26646 8884
26650 8886
26654 8887
26658 8888
26662 8889
26666 8891
26670 8892
26674 8893
26678 8895
26682 8896
26686 8897
26690 8899
26694 8900
26698 8901
26702 8903
26706 8904
26710 8905
26714 8907
26718 8908
26722 8909
26726 8910
26730 8912
26734 8913
26738 8914
26742 8916
26746 8917
26750 8918
26754 8920
26758 8921
26762 8922
26766 8924
26770 8925
26774 8926
26778 8927
26782 8929
26786 8930
26790 8931
26794 8933
26798 8934
26802 8935
26806 8936
26810 8938
26814 8939
26818 8940
26822 8942
26826 8943
26830 8944
26834 8946
26838 8947
26842 8948
26846 8950
26850 8951
26854 8952
26858 8954
26862 8955
26866 8956
26870 8958
26874 8959
26878 8960
26882 8962
26886 8963
26890 8964
26894 8965
26898 8967
26902 8968
26906 8969
26910 8971
26914 8972
26918 8973
26922 8975
26926 8976
26930 8977
26934 8979
26938 8980
26942 8981
26946 8983
26950 8984
26954 8985
26958 8987
26962 8988
26966 8989
26970 8991
26974 8992
26978 8993
26982 8995
26986 8996
26990 8997
26994 8999
26998 9000
27002 9002
27006 9003
27010 9004
27014 9006
27018 9007
27022 9008
27026 9010
27030 9011
27034 9012
27038 9014
27042 9015
27046 9016
27050 9018
27054 9019
27058 9020
27062 9022
27066 9023
27070 9024
27074 9026
27078 9027
27082 9028
27086 9030
27090 9031
27094 9032
27098 9034
27102 9035
27106 9036
27110 9038
27114 9039
27118 9040
27122 9042
27126 9043
27130 9044
27134 9046
27138 9047
27142 9048
27146 9050
27150 9051
27154 9052
27158 9054
27162 9055
27166 9056
27170 9058
27174 9059
27178 9060
27182 9062
27186 9063
27190 9064
27194 9066
27198 9067
27202 9068
27206 9070
27210 9071
27214 9073
27218 9074
27222 9075
27226 9077
27230 9078
27234 9079
27238 9081
27242 9082
27246 9083
27250 9085
27254 9086
27258 9087
27262 9089
27266 9090
27270 9091
27274 9093
27278 9094
27282 9096
27286 9097
27290 9098
27294 9100
27298 9101
27302 9102
27306 9104
27310 9105
27314 9106
27318 9108
27322 9109
27326 9110
27330 9112
27334 9113
27338 9114
27342 9116
27346 9117
27350 9118
27354 9120
27358 9121
27362 9122
27366 9124
27370 9125
27374 9126
27378 9128
27382 9129
27386 9130
27390 9132
27394 9133
27398 9134
27402 9136
27406 9137
27410 9139
27414 9140
27418 9141
27422 9143
27426 9144
27430 9145
27434 9147
27438 9148
27442 9150
27446 9151
27450 9152
27454 9154
27458 9155
27462 9156
27466 9158
27470 9159
27474 9160
27478 9162
27482 9163
27486 9164
27490 9166
27494 9167
27498 9168
27502 9170
27506 9171
27510 9172
27514 9174
27518 9175
27522 9177
27526 9178
27530 9179
27534 9181
27538 9182
27542 9183
27546 9185
27550 9186
27554 9187
27558 9189
27562 9190
27566 9192
27570 9193
27574 9194
27578 9196
27582 9197
27586 9198
27590 9200
27594 9201
27598 9202
27602 9204
27606 9205
27610 9206
27614 9208
27618 9209
27622 9210
27626 9212
27630 9213
27634 9214
27638 9216
27642 9217
27646 9218
27650 9220
27654 9221
27658 9223
27662 9224
27666 9225
27670 9227
27674 9228
27678 9229
27682 9231
27686 9232
27690 9233
27694 9235
27698 9236
27702 9237
27706 9239
27710 9240
27714 9241
27718 9243
27722 9244
27726 9246
27730 9247
27734 9248
27738 9249
27742 9251
27746 9252
27750 9253
27754 9255
27758 9256
27762 9257
27766 9259
27770 9260
27774 9262
27778 9263
27782 9264
27786 9265
27790 9267
27794 9268
27798 9269
27802 9271
27806 9272
27810 9273
27814 9275
27818 9276
27822 9277
27826 9278
27830 9280
27834 9281
27838 9282
27842 9284
27846 9285
27850 9286
27854 9288
27858 9289
27862 9290
27866 9292
27870 9293
27874 9294
27878 9296
27882 9297
27886 9298
27890 9300
27894 9301
27898 9302
27902 9304
27906 9305
27910 9306
27914 9308
27918 9309
27922 9310
27926 9311
27930 9313
27934 9314
27938 9315
27942 9317
27946 9318
27950 9319
27954 9321
27958 9322
27962 9323
27966 9324
27970 9326
27974 9327
27978 9328
27982 9330
27986 9331
27990 9332
27994 9334
27998 9335
28002 9336
28006 9338
28010 9339
28014 9340
28018 9342
28022 9343
28026 9344
28030 9346
28034 9347
28038 9348
28042 9350
28046 9351
28050 9352
28054 9354
28058 9355
28062 9356
28066 9358
28070 9359
28074 9360
28078 9362
28082 9363
28086 9364
28090 9366
28094 9367
28098 9368
28102 9370
28106 9371
28110 9372
28114 9374
28118 9375
28122 9376
28126 9378
28130 9379
28134 9380
28138 9382
28142 9383
28146 9384
28150 9386
28154 9387
28158 9388
28162 9390
28166 9391
28170 9392
28174 9394
28178 9395
28182 9396
28186 9398
28190 9399
28194 9400
28198 9402
28202 9403
28206 9404
28210 9406
28214 9407
28218 9409
28222 9410
28226 9411
28230 9413
28234 9414
28238 9415
28242 9417
28246 9418
28250 9419
28254 9421
28258 9422
28262 9423
28266 9425
28270 9426
28274 9427
28278 9429
28282 9430
28286 9432
28290 9433
28294 9434
28298 9436
28302 9437
28306 9438
28310 9440
28314 9441
28318 9442
28322 9444
28326 9445
28330 9446
28334 9448
28338 9449
28342 9450
28346 9452
28350 9453
28354 9454
28358 9456
28362 9457
28366 9458
28370 9460
28374 9461
28378 9463
28382 9464
28386 9465
28390 9467
28394 9468
28398 9469
28402 9471
28406 9472
28410 9473
28414 9475
28418 9476
28422 9478
28426 9479
28430 9480
28434 9482
28438 9483
28442 9484
28446 9486
28450 9487
28454 9488
28458 9490
28462 9491
28466 9492
28470 9494
28474 9495
28478 9496
28482 9498
28486 9499
28490 9500
28494 9502
28498 9503
28502 9505
28506 9506
28510 9507
28514 9509
28518 9510
28522 9511
28526 9513
28530 9514
28534 9516
28538 9517
28542 9518
28546 9520
28550 9521
28554 9522
28558 9524
28562 9525
28566 9526
28570 9528
28574 9529
28578 9530
28582 9532
28586 9533
28590 9534
28594 9536
28598 9537
28602 9538
28606 9540
28610 9541
28614 9542
28618 9544
28622 9545
28626 9546
28630 9548
28634 9549
28638 9550
28642 9552
28646 9553
28650 9555
28654 9556
28658 9557
28662 9559
28666 9560
28670 9561
28674 9563
28678 9564
28682 9565
28686 9567
28690 9568
28694 9569
28698 9571
28702 9572
28706 9573
28710 9575
28714 9576
28718 9577
28722 9579
28726 9580
28730 9582
28734 9583
28738 9584
28742 9586
28746 9587
28750 9588
28754 9590
28758 9591
28762 9592
28766 9594
28770 9595
28774 9596
28778 9598
28782 9599
28786 9600
28790 9602
28794 9603
28798 9604
28802 9606
28806 9607
28810 9608
28814 9610
28818 9611
28822 9612
28826 9614
28830 9615
28834 9616
28838 9617
28842 9619
28846 9620
28850 9621
28854 9623
28858 9624
28862 9625
28866 9627
28870 9628
28874 9629
28878 9631
28882 9632
28886 9633
28890 9635
28894 9636
28898 9637
28902 9638
28906 9640
28910 9641
28914 9642
28918 9644
28922 9645
28926 9646
28930 9648
28934 9649
28938 9650
28942 9652
28946 9653
28950 9654
28954 9656
28958 9657
28962 9658
28966 9660
28970 9661
28974 9662
28978 9664
28982 9665
28986 9666
28990 9668
28994 9669
28998 9670
29002 9671
29006 9673
29010 9674
29014 9675
29018 9677
29022 9678
29026 9679
29030 9681
29034 9682
29038 9683
29042 9685
29046 9686
29050 9687
29054 9689
29058 9690
29062 9691
29066 9693
29070 9694
29074 9695
29078 9697
29082 9698
29086 9699
29090 9701
29094 9702
29098 9703
29102 9705
29106 9706
29110 9707
29114 9709
29118 9710
29122 9711
29126 9713
29130 9714
29134 9715
29138 9717
29142 9718
29146 9719
29150 9721
29154 9722
29158 9723
29162 9725
29166 9726
29170 9727
29174 9729
29178 9730
29182 9731
29186 9733
29190 9734
29194 9735
29198 9737
29202 9738
29206 9739
29210 9741
29214 9742
29218 9744
29222 9745
29226 9746
29230 9748
29234 9749
29238 9750
29242 9752
29246 9753
29250 9754
29254 9756
29258 9757
29262 9758
29266 9759
29270 9761
29274 9762
29278 9763
29282 9765
29286 9766
29290 9767
29294 9769
29298 9770
29302 9772
29306 9773
29310 9774
29314 9775
29318 9777
29322 9778
29326 9780
29330 9781
29334 9782
29338 9783
29342 9785
29346 9786
29350 9787
29354 9789
29358 9790
29362 9792
29366 9793
29370 9794
29374 9796
29378 9797
29382 9798
29386 9800
29390 9801
29394 9802
29398 9804
29402 9805
29406 9806
29410 9808
29414 9809
29418 9810
29422 9812
29426 9813
29430 9814
29434 9816
29438 9817
29442 9818
29446 9820
29450 9821
29454 9822
29458 9824
29462 9825
29466 9826
29470 9828
29474 9829
29478 9831
29482 9832
29486 9833
29490 9834
29494 9836
29498 9837
29502 9839
29506 9840
29510 9841
29514 9843
29518 9844
29522 9846
29526 9847
29530 9848
29534 9850
29538 9851
29542 9852
29546 9854
29550 9855
29554 9856
29558 9858
29562 9859
29566 9860
29570 9862
29574 9863
29578 9864
29582 9866
29586 9867
29590 9869
29594 9870
29598 9871
29602 9873
29606 9874
29610 9875
29614 9877
29618 9878
29622 9880
29626 9881
29630 9882
29634 9884
29638 9885
29642 9886
29646 9888
29650 9889
29654 9890
29658 9892
29662 9893
29666 9894
29670 9896
29674 9897
29678 9898
29682 9900
29686 9901
29690 9902
29694 9904
29698 9905
29702 9907
29706 9908
29710 9909
29714 9911
29718 9912
29722 9914
29726 9915
29730 9916
29734 9918
29738 9919
29742 9920
29746 9922
29750 9923
29754 9924
29758 9926
29762 9927
29766 9928
29770 9930
29774 9931
29778 9932
29782 9934
29786 9935
29790 9936
29794 9938
29798 9939
29802 9940
29806 9942
29810 9943
29814 9944
29818 9946
29822 9947
29826 9948
29830 9950
29834 9951
29838 9952
29842 9954
29846 9955
29850 9956
29854 9958
29858 9959
29862 9960
29866 9962
29870 9963
29874 9964
29878 9966
29882 9967
29886 9968
29890 9970
29894 9971
29898 9972
29902 9974
29906 9975
29910 9976
29914 9978
29918 9979
29922 9980
29926 9982
29930 9983
29934 9984
29938 9986
29942 9987
29946 9988
29950 9990
29954 9991
29958 9992
29962 9993
29966 9995
29970 9996
29974 9997
29978 9999
29982 10000
29986 10001
29990 10002
29994 10004
29998 10005
