10 0
14 0
18 0
22 0
26 1
30 1
34 2
38 3
42 4
46 4
50 6
54 7
58 8
62 9
66 11
70 12
74 14
78 16
82 17
86 19
90 21
94 23
98 24
102 26
106 28
110 30
114 32
118 34
122 36
126 39
130 41
134 43
138 45
142 48
146 50
150 52
154 54
158 57
162 59
166 62
170 64
174 66
178 69
182 71
186 74
190 76
194 78
198 81
202 84
206 86
210 88
214 91
218 94
222 96
226 99
230 101
234 104
238 106
242 109
246 112
250 114
254 117
258 120
262 122
266 125
270 127
274 130
278 133
282 135
286 138
290 140
294 143
298 146
302 148
306 151
310 154
314 156
318 159
322 162
326 165
330 167
334 170
338 172
342 175
346 178
350 181
354 183
358 186
362 189
366 191
370 194
374 197
378 199
382 202
386 205
390 208
394 210
398 213
402 216
406 218
410 221
414 224
418 226
422 229
426 232
430 234
434 237
438 240
442 243
446 245
450 248
454 251
458 253
462 256
466 259
470 262
474 264
478 267
482 270
486 272
490 275
494 278
498 280
502 283
506 286
510 289
514 291
518 294
522 297
526 300
530 302
534 305
538 308
542 310
546 313
550 316
554 318
558 321
562 324
566 326
570 329
574 332
578 335
582 337
586 340
590 343
594 345
598 348
602 351
606 353
610 356
614 359
618 361
622 364
626 367
630 369
634 372
638 375
642 377
646 380
650 383
654 385
658 388
662 391
666 393
670 396
674 399
678 401
682 404
686 407
690 409
694 412
698 415
702 417
706 420
710 423
714 425
718 428
722 431
726 433
730 436
734 439
738 441
742 444
746 447
750 450
754 452
758 455
762 458
766 460
770 463
774 466
778 468
782 471
786 474
790 476
794 479
798 482
802 484
806 487
810 490
814 493
818 495
822 498
826 501
830 504
834 506
838 509
842 512
846 514
850 517
854 520
858 522
862 525
866 528
870 530
874 533
878 536
882 539
886 541
890 544
894 547
898 550
902 552
906 555
910 558
914 560
918 563
922 566
926 568
930 571
934 574
938 577
942 579
946 582
950 585
954 588
958 590
962 593
966 596
970 598
974 601
978 604
982 607
986 609
990 612
994 615
998 618
1002 620
1006 623
1010 626
1014 628
1018 631
1022 634
1026 637
1030 639
1034 642
1038 645
1042 648
1046 650
1050 653
1054 656
1058 658
1062 661
1066 664
1070 666
1074 669
1078 672
1082 675
1086 677
1090 680
1094 683
1098 685
1102 688
1106 691
1110 694
1114 696
1118 699
1122 702
1126 704
1130 707
1134 710
1138 712
1142 715
1146 718
1150 720
1154 723
1158 726
1162 728
1166 731
1170 734
1174 736
1178 739
1182 742
1186 744
1190 747
1194 750
1198 752
1202 755
1206 758
1210 760
1214 763
1218 766
1222 768
1226 771
1230 774
1234 776
1238 779
1242 782
1246 784
1250 787
1254 790
1258 792
1262 795
1266 798
1270 800
1274 803
1278 806
1282 809
1286 811
1290 814
1294 817
1298 819
1302 822
1306 825
1310 827
1314 830
1318 833
1322 836
1326 838
1330 841
1334 844
1338 846
1342 849
1346 852
1350 854
1354 857
1358 860
1362 862
1366 865
1370 868
1374 870
1378 873
1382 876
1386 878
1390 881
1394 884
1398 887
1402 889
1406 892
1410 895
1414 897
1418 900
1422 903
1426 906
1430 908
1434 911
1438 914
1442 916
1446 919
1450 922
1454 925
1458 927
1462 930
1466 933
1470 936
1474 938
1478 941
1482 944
1486 946
1490 949
1494 952
1498 955
1502 957
1506 960
1510 963
1514 966
1518 968
1522 971
1526 974
1530 976
1534 979
1538 982
1542 985
1546 987
1550 990
1554 993
1558 996
1562 998
1566 1001
1570 1004
1574 1006
1578 1009
1582 1012
1586 1015
1590 1017
1594 1020
1598 1023
1602 1026
1606 1028
1610 1031
1614 1034
1618 1036
1622 1039
1626 1042
1630 1044
1634 1047
1638 1050
1642 1053
1646 1055
1650 1058
1654 1061
1658 1064
1662 1066
1666 1069
1670 1072
1674 1074
1678 1077
1682 1080
1686 1082
1690 1085
1694 1088
1698 1090
1702 1093
1706 1096
1710 1098
1714 1101
1718 1104
1722 1106
1726 1109
1730 1112
1734 1114
1738 1117
1742 1120
1746 1122
1750 1125
1754 1128
1758 1130
1762 1133
1766 1136
1770 1138
1774 1141
1778 1144
1782 1146
1786 1149
1790 1152
1794 1154
1798 1157
1802 1160
1806 1162
1810 1165
1814 1168
1818 1171
1822 1173
1826 1176
1830 1179
1834 1181
1838 1184
1842 1187
1846 1189
1850 1192
1854 1195
1858 1197
1862 1200
1866 1203
1870 1205
1874 1208
1878 1211
1882 1213
1886 1216
1890 1219
1894 1222
1898 1224
1902 1227
1906 1230
1910 1232
1914 1235
1918 1238
1922 1240
1926 1243
1930 1246
1934 1248
1938 1251
1942 1254
1946 1256
1950 1259
1954 1262
1958 1265
1962 1267
1966 1270
1970 1273
1974 1275
1978 1278
1982 1281
1986 1284
1990 1286
1994 1289
1998 1292
2002 1294
2006 1297
2010 1300
2014 1302
2018 1305
2022 1308
2026 1311
2030 1313
2034 1316
2038 1319
2042 1322
2046 1324
2050 1327
2054 1330
2058 1332
2062 1335
2066 1338
2070 1341
2074 1343
2078 1346
2082 1349
2086 1352
2090 1354
2094 1357
2098 1360
2102 1362
2106 1365
2110 1368
2114 1370
2118 1373
2122 1376
2126 1379
2130 1381
2134 1384
2138 1387
2142 1390
2146 1392
2150 1395
2154 1398
2158 1400
2162 1403
2166 1406
2170 1409
2174 1411
2178 1414
2182 1417
2186 1419
2190 1422
2194 1425
2198 1428
2202 1430
2206 1433
2210 1436
2214 1438
2218 1441
2222 1444
2226 1446
2230 1449
2234 1452
2238 1454
2242 1457
2246 1460
2250 1462
2254 1465
2258 1468
2262 1470
2266 1473
2270 1476
2274 1478
2278 1481
2282 1484
2286 1487
2290 1489
2294 1492
2298 1495
2302 1497
2306 1500
2310 1503
2314 1505
2318 1508
2322 1511
2326 1513
2330 1516
2334 1519
2338 1521
2342 1524
2346 1527
2350 1529
2354 1532
2358 1535
2362 1538
2366 1540
2370 1543
2374 1545
2378 1548
2382 1551
2386 1554
2390 1556
2394 1559
2398 1562
2402 1564
2406 1567
2410 1570
2414 1572
2418 1575
2422 1578
2426 1580
2430 1583
2434 1586
2438 1588
2442 1591
2446 1594
2450 1596
2454 1599
2458 1602
2462 1605
2466 1607
2470 1610
2474 1613
2478 1615
2482 1618
2486 1621
2490 1623
2494 1626
2498 1629
2502 1632
2506 1634
2510 1637
2514 1640
2518 1642
2522 1645
2526 1648
2530 1650
2534 1653
2538 1656
2542 1659
2546 1661
2550 1664
2554 1667
2558 1669
2562 1672
2566 1675
2570 1678
2574 1680
2578 1683
2582 1686
2586 1688
2590 1691
2594 1694
2598 1697
2602 1699
2606 1702
2610 1705
2614 1707
2618 1710
2622 1713
2626 1716
2630 1718
2634 1721
2638 1724
2642 1726
2646 1729
2650 1732
2654 1735
2658 1737
2662 1740
2666 1743
2670 1745
2674 1748
2678 1751
2682 1754
2686 1756
2690 1759
2694 1762
2698 1764
2702 1767
2706 1770
2710 1773
2714 1775
2718 1778
2722 1781
2726 1783
2730 1786
2734 1789
2738 1792
2742 1794
2746 1797
2750 1800
2754 1802
2758 1805
2762 1808
2766 1810
2770 1813
2774 1816
2778 1818
2782 1821
2786 1824
2790 1826
2794 1829
2798 1832
2802 1834
2806 1837
2810 1840
2814 1842
2818 1845
2822 1848
2826 1851
2830 1853
2834 1856
2838 1859
2842 1861
2846 1864
2850 1867
2854 1869
2858 1872
2862 1875
2866 1877
2870 1880
2874 1883
2878 1886
2882 1888
2886 1891
2890 1894
2894 1896
2898 1899
2902 1902
2906 1904
2910 1907
2914 1910
2918 1912
2922 1915
2926 1918
2930 1921
2934 1923
2938 1926
2942 1929
2946 1931
2950 1934
2954 1937
2958 1939
2962 1942
2966 1945
2970 1948
2974 1950
2978 1953
2982 1956
2986 1958
2990 1961
2994 1964
2998 1966
3002 1969
3006 1972
3010 1974
3014 1977
3018 1980
3022 1982
3026 1985
3030 1988
3034 1991
3038 1993
3042 1996
3046 1999
3050 2002
3054 2004
3058 2007
3062 2010
3066 2012
3070 2015
3074 2018
3078 2020
3082 2023
3086 2026
3090 2028
3094 2031
3098 2034
3102 2037
3106 2040
3110 2042
3114 2045
3118 2048
3122 2050
3126 2053
3130 2056
3134 2058
3138 2061
3142 2064
3146 2066
3150 2069
3154 2072
3158 2075
3162 2077
3166 2080
3170 2083
3174 2086
3178 2088
3182 2091
3186 2094
3190 2096
3194 2099
3198 2102
3202 2104
3206 2107
3210 2110
3214 2113
3218 2115
3222 2118
3226 2121
3230 2123
3234 2126
3238 2129
3242 2132
3246 2134
3250 2137
3254 2140
3258 2142
3262 2145
3266 2148
3270 2150
3274 2153
3278 2156
3282 2158
3286 2161
3290 2164
3294 2166
3298 2169
3302 2172
3306 2174
3310 2177
3314 2180
3318 2182
3322 2185
3326 2188
3330 2191
3334 2193
3338 2196
3342 2199
3346 2201
3350 2204
3354 2207
3358 2209
3362 2212
3366 2215
3370 2217
3374 2220
3378 2223
3382 2225
3386 2228
3390 2231
3394 2234
3398 2236
3402 2239
3406 2242
3410 2244
3414 2247
3418 2250
3422 2252
3426 2255
3430 2258
3434 2260
3438 2263
3442 2266
3446 2268
3450 2271
3454 2274
3458 2277
3462 2279
3466 2282
3470 2285
3474 2287
3478 2290
3482 2293
3486 2296
3490 2298
3494 2301
3498 2304
3502 2306
3506 2309
3510 2312
3514 2314
3518 2317
3522 2320
3526 2322
3530 2325
3534 2328
3538 2331
3542 2333
3546 2336
3550 2339
3554 2342
3558 2344
3562 2347
3566 2350
3570 2352
3574 2355
3578 2358
3582 2360
3586 2363
3590 2366
3594 2369
3598 2371
3602 2374
3606 2377
3610 2380
3614 2382
3618 2385
3622 2388
3626 2390
3630 2393
3634 2396
3638 2398
3642 2401
3646 2404
3650 2407
3654 2409
3658 2412
3662 2415
3666 2418
3670 2420
3674 2423
3678 2426
3682 2428
3686 2431
3690 2434
3694 2436
3698 2439
3702 2442
3706 2445
3710 2447
3714 2450
3718 2453
3722 2455
3726 2458
3730 2461
3734 2464
3738 2466
3742 2469
3746 2472
3750 2474
3754 2477
3758 2480
3762 2482
3766 2485
3770 2488
3774 2491
3778 2493
3782 2496
3786 2499
3790 2501
3794 2504
3798 2507
3802 2509
3806 2512
3810 2515
3814 2518
3818 2520
3822 2523
3826 2526
3830 2528
3834 2531
3838 2534
3842 2536
3846 2539
3850 2542
3854 2544
3858 2547
3862 2550
3866 2552
3870 2555
3874 2558
3878 2560
3882 2563
3886 2566
3890 2568
3894 2571
3898 2574
3902 2576
3906 2579
3910 2582
3914 2584
3918 2587
3922 2590
3926 2592
3930 2595
3934 2598
3938 2600
3942 2603
3946 2606
3950 2608
3954 2611
3958 2614
3962 2616
3966 2619
3970 2622
3974 2624
3978 2627
3982 2630
3986 2633
3990 2635
3994 2638
3998 2641
4002 2643
4006 2646
4010 2649
4014 2652
4018 2654
4022 2657
4026 2660
4030 2662
4034 2665
4038 2668
4042 2670
4046 2673
4050 2676
4054 2678
4058 2681
4062 2684
4066 2687
4070 2689
4074 2692
4078 2695
4082 2697
4086 2700
4090 2703
4094 2706
4098 2708
4102 2711
4106 2714
4110 2717
4114 2719
4118 2722
4122 2725
4126 2727
4130 2730
4134 2733
4138 2736
4142 2738
4146 2741
4150 2744
4154 2746
4158 2749
4162 2752
4166 2755
4170 2757
4174 2760
4178 2763
4182 2766
4186 2768
4190 2771
4194 2774
4198 2776
4202 2779
4206 2782
4210 2785
4214 2787
4218 2790
4222 2793
4226 2796
4230 2798
4234 2801
4238 2804
4242 2806
4246 2809
4250 2812
4254 2814
4258 2817
4262 2820
4266 2823
4270 2825
4274 2828
4278 2831
4282 2834
4286 2836
4290 2839
4294 2842
4298 2844
4302 2847
4306 2850
4310 2852
4314 2855
4318 2858
4322 2860
4326 2863
4330 2866
4334 2868
4338 2871
4342 2874
4346 2877
4350 2879
4354 2882
4358 2885
4362 2887
4366 2890
4370 2893
4374 2895
4378 2898
4382 2901
4386 2903
4390 2906
4394 2909
4398 2911
4402 2914
4406 2917
4410 2919
4414 2922
4418 2925
4422 2927
4426 2930
4430 2933
4434 2935
4438 2938
4442 2941
4446 2943
4450 2946
4454 2949
4458 2951
4462 2954
4466 2957
4470 2959
4474 2962
4478 2965
4482 2967
4486 2970
4490 2973
4494 2976
4498 2978
4502 2981
4506 2984
4510 2986
4514 2989
4518 2992
4522 2994
4526 2997
4530 3000
4534 3002
4538 3005
4542 3008
4546 3010
4550 3013
4554 3016
4558 3018
4562 3021
4566 3024
4570 3027
4574 3029
4578 3032
4582 3034
4586 3037
4590 3040
4594 3043
4598 3046
4602 3048
4606 3051
4610 3054
4614 3056
4618 3059
4622 3062
4626 3064
4630 3067
4634 3070
4638 3072
4642 3075
4646 3078
4650 3081
4654 3083
4658 3086
4662 3089
4666 3092
4670 3094
4674 3097
4678 3100
4682 3102
4686 3105
4690 3108
4694 3110
4698 3113
4702 3116
4706 3119
4710 3122
4714 3124
4718 3127
4722 3130
4726 3132
4730 3135
4734 3138
4738 3141
4742 3143
4746 3146
4750 3149
4754 3152
4758 3154
4762 3157
4766 3160
4770 3162
4774 3165
4778 3168
4782 3171
4786 3173
4790 3176
4794 3179
4798 3182
4802 3184
4806 3187
4810 3190
4814 3192
4818 3195
4822 3198
4826 3200
4830 3203
4834 3206
4838 3209
4842 3212
4846 3214
4850 3217
4854 3220
4858 3222
4862 3225
4866 3228
4870 3230
4874 3233
4878 3236
4882 3238
4886 3241
4890 3244
4894 3246
4898 3249
4902 3252
4906 3254
4910 3257
4914 3260
4918 3262
4922 3265
4926 3268
4930 3270
4934 3273
4938 3276
4942 3278
4946 3281
4950 3284
4954 3286
4958 3289
4962 3292
4966 3294
4970 3297
4974 3300
4978 3302
4982 3305
4986 3308
4990 3311
4994 3313
4998 3316
5002 3318
5006 3321
5010 3324
5014 3326
5018 3329
5022 3332
5026 3335
5030 3337
5034 3340
5038 3343
5042 3345
5046 3348
5050 3351
5054 3354
5058 3356
5062 3359
5066 3362
5070 3364
5074 3367
5078 3370
5082 3372
5086 3375
5090 3378
5094 3380
5098 3383
5102 3386
5106 3388
5110 3391
5114 3394
5118 3396
5122 3399
5126 3402
5130 3405
5134 3407
5138 3410
5142 3413
5146 3415
5150 3418
5154 3421
5158 3423
5162 3426
5166 3429
5170 3432
5174 3434
5178 3437
5182 3440
5186 3442
5190 3445
5194 3448
5198 3451
5202 3453
5206 3456
5210 3459
5214 3461
5218 3464
5222 3467
5226 3470
5230 3472
5234 3475
5238 3478
5242 3480
5246 3483
5250 3486
5254 3489
5258 3491
5262 3494
5266 3497
5270 3500
5274 3502
5278 3505
5282 3508
5286 3510
5290 3513
5294 3516
5298 3519
5302 3521
5306 3524
5310 3527
5314 3530
5318 3532
5322 3535
5326 3538
5330 3540
5334 3543
5338 3546
5342 3549
5346 3551
5350 3554
5354 3557
5358 3559
5362 3562
5366 3565
5370 3568
5374 3570
5378 3573
5382 3576
5386 3578
5390 3581
5394 3584
5398 3587
5402 3589
5406 3592
5410 3595
5414 3597
5418 3600
5422 3603
5426 3605
5430 3608
5434 3611
5438 3614
5442 3616
5446 3619
5450 3622
5454 3624
5458 3627
5462 3630
5466 3632
5470 3635
5474 3638
5478 3640
5482 3643
5486 3646
5490 3648
5494 3651
5498 3654
5502 3656
5506 3659
5510 3662
5514 3664
5518 3667
5522 3670
5526 3672
5530 3675
5534 3678
5538 3680
5542 3683
5546 3686
5550 3689
5554 3691
5558 3694
5562 3697
5566 3699
5570 3702
5574 3705
5578 3707
5582 3710
5586 3713
5590 3716
5594 3718
5598 3721
5602 3724
5606 3726
5610 3729
5614 3732
5618 3734
5622 3737
5626 3740
5630 3742
5634 3745
5638 3748
5642 3750
5646 3753
5650 3756
5654 3758
5658 3761
5662 3764
5666 3767
5670 3769
5674 3772
5678 3775
5682 3777
5686 3780
5690 3783
5694 3785
5698 3788
5702 3791
5706 3794
5710 3796
5714 3799
5718 3802
5722 3804
5726 3807
5730 3810
5734 3812
5738 3815
5742 3818
5746 3821
5750 3823
5754 3826
5758 3829
5762 3832
5766 3834
5770 3837
5774 3840
5778 3842
5782 3845
5786 3848
5790 3850
5794 3853
5798 3856
5802 3859
5806 3861
5810 3864
5814 3867
5818 3870
5822 3872
5826 3875
5830 3878
5834 3880
5838 3883
5842 3886
5846 3888
5850 3891
5854 3894
5858 3896
5862 3899
5866 3902
5870 3905
5874 3908
5878 3910
5882 3913
5886 3916
5890 3918
5894 3921
5898 3924
5902 3926
5906 3929
5910 3932
5914 3935
5918 3937
5922 3940
5926 3943
5930 3945
5934 3948
5938 3951
5942 3954
5946 3956
5950 3959
5954 3962
5958 3964
5962 3967
5966 3970
5970 3972
5974 3975
5978 3978
5982 3980
5986 3983
5990 3986
5994 3988
5998 3991
6002 3994
6006 3996
6010 3999
6014 4002
6018 4005
6022 4007
6026 4010
6030 4013
6034 4015
6038 4018
6042 4021
6046 4023
6050 4026
6054 4029
6058 4031
6062 4034
6066 4037
6070 4039
6074 4042
6078 4045
6082 4048
6086 4050
6090 4053
6094 4056
6098 4058
6102 4061
6106 4064
6110 4066
6114 4069
6118 4072
6122 4074
6126 4077
6130 4080
6134 4083
6138 4085
6142 4088
6146 4091
6150 4093
6154 4096
6158 4099
6162 4102
6166 4104
6170 4107
6174 4110
6178 4112
6182 4115
6186 4118
6190 4120
6194 4123
6198 4126
6202 4128
6206 4131
6210 4134
6214 4136
6218 4139
6222 4142
6226 4144
6230 4147
6234 4150
6238 4153
6242 4156
6246 4158
6250 4161
6254 4164
6258 4166
6262 4169
6266 4172
6270 4174
6274 4177
6278 4180
6282 4182
6286 4185
6290 4188
6294 4191
6298 4193
6302 4196
6306 4199
6310 4202
6314 4204
6318 4207
6322 4210
6326 4212
6330 4215
6334 4218
6338 4220
6342 4223
6346 4226
6350 4229
6354 4231
6358 4234
6362 4237
6366 4240
6370 4242
6374 4245
6378 4248
6382 4250
6386 4253
6390 4256
6394 4258
6398 4261
6402 4264
6406 4267
6410 4269
6414 4272
6418 4275
6422 4277
6426 4280
6430 4283
6434 4285
6438 4288
6442 4291
6446 4294
6450 4296
6454 4299
6458 4302
6462 4304
6466 4307
6470 4310
6474 4312
6478 4315
6482 4318
6486 4320
6490 4323
6494 4326
6498 4328
6502 4331
6506 4334
6510 4336
6514 4339
6518 4342
6522 4345
6526 4347
6530 4350
6534 4353
6538 4355
6542 4358
6546 4360
6550 4363
6554 4366
6558 4369
6562 4371
6566 4374
6570 4377
6574 4379
6578 4382
6582 4385
6586 4388
6590 4390
6594 4393
6598 4396
6602 4398
6606 4401
6610 4404
6614 4406
6618 4409
6622 4412
6626 4414
6630 4417
6634 4420
6638 4422
6642 4425
6646 4428
6650 4430
6654 4433
6658 4436
6662 4439
6666 4442
6670 4444
6674 4447
6678 4450
6682 4452
6686 4455
6690 4458
6694 4460
6698 4463
6702 4466
6706 4468
6710 4471
6714 4474
6718 4476
6722 4479
6726 4482
6730 4485
6734 4487
6738 4490
6742 4493
6746 4496
6750 4498
6754 4501
6758 4504
6762 4506
6766 4509
6770 4512
6774 4515
6778 4517
6782 4520
6786 4523
6790 4525
6794 4528
6798 4531
6802 4534
6806 4536
6810 4539
6814 4542
6818 4544
6822 4547
6826 4550
6830 4553
6834 4555
6838 4558
6842 4561
6846 4563
6850 4566
6854 4569
6858 4572
6862 4574
6866 4577
6870 4580
6874 4582
6878 4585
6882 4588
6886 4591
6890 4593
6894 4596
6898 4599
6902 4602
6906 4604
6910 4607
6914 4610
6918 4612
6922 4615
6926 4618
6930 4620
6934 4623
6938 4626
6942 4629
6946 4631
6950 4634
6954 4637
6958 4639
6962 4642
6966 4645
6970 4647
6974 4650
6978 4653
6982 4656
6986 4658
6990 4661
6994 4664
6998 4666
7002 4669
7006 4672
7010 4674
7014 4677
7018 4680
7022 4682
7026 4685
7030 4688
7034 4690
7038 4693
7042 4696
7046 4698
7050 4701
7054 4704
7058 4706
7062 4709
7066 4712
7070 4714
7074 4717
7078 4720
7082 4722
7086 4725
7090 4728
7094 4730
7098 4733
7102 4736
7106 4738
7110 4741
7114 4744
7118 4746
7122 4749
7126 4752
7130 4755
7134 4757
7138 4760
7142 4762
7146 4765
7150 4768
7154 4771
7158 4773
7162 4776
7166 4779
7170 4781
7174 4784
7178 4787
7182 4789
7186 4792
7190 4795
7194 4798
7198 4800
7202 4803
7206 4806
7210 4808
7214 4811
7218 4814
7222 4816
7226 4819
7230 4822
7234 4824
7238 4827
7242 4830
7246 4833
7250 4835
7254 4838
7258 4841
7262 4844
7266 4846
7270 4849
7274 4852
7278 4854
7282 4857
7286 4860
7290 4862
7294 4865
7298 4868
7302 4871
7306 4873
7310 4876
7314 4879
7318 4881
7322 4884
7326 4887
7330 4890
7334 4892
7338 4895
7342 4898
7346 4900
7350 4903
7354 4906
7358 4909
7362 4912
7366 4914
7370 4917
7374 4920
7378 4922
7382 4925
7386 4928
7390 4930
7394 4933
7398 4936
7402 4939
7406 4942
7410 4944
7414 4947
7418 4950
7422 4952
7426 4955
7430 4958
7434 4960
7438 4963
7442 4966
7446 4969
7450 4971
7454 4974
7458 4977
7462 4980
7466 4982
7470 4985
7474 4988
7478 4990
7482 4993
7486 4996
7490 4998
7494 5001
7498 5004
7502 5006
7506 5009
7510 5012
7514 5015
7518 5018
7522 5020
7526 5023
7530 5025
7534 5028
7538 5031
7542 5034
7546 5036
7550 5039
7554 5042
7558 5044
7562 5047
7566 5050
7570 5052
7574 5055
7578 5058
7582 5060
7586 5063
7590 5066
7594 5068
7598 5071
7602 5074
7606 5076
7610 5079
7614 5082
7618 5084
7622 5087
7626 5090
7630 5092
7634 5095
7638 5098
7642 5100
7646 5103
7650 5106
7654 5108
7658 5111
7662 5114
7666 5116
7670 5119
7674 5122
7678 5124
7682 5127
7686 5130
7690 5132
7694 5135
7698 5138
7702 5140
7706 5143
7710 5146
7714 5148
7718 5151
7722 5154
7726 5156
7730 5159
7734 5162
7738 5164
7742 5167
7746 5170
7750 5172
7754 5175
7758 5178
7762 5181
7766 5183
7770 5186
7774 5189
7778 5191
7782 5194
7786 5197
7790 5200
7794 5202
7798 5205
7802 5208
7806 5210
7810 5213
7814 5216
7818 5218
7822 5221
7826 5224
7830 5227
7834 5229
7838 5232
7842 5235
7846 5238
7850 5240
7854 5243
7858 5246
7862 5248
7866 5251
7870 5254
7874 5256
7878 5259
7882 5262
7886 5265
7890 5267
7894 5270
7898 5273
7902 5276
7906 5278
7910 5281
7914 5284
7918 5286
7922 5289
7926 5292
7930 5295
7934 5297
7938 5300
7942 5303
7946 5306
7950 5308
7954 5311
7958 5314
7962 5316
7966 5319
7970 5322
7974 5325
7978 5328
7982 5330
7986 5333
7990 5336
7994 5338
7998 5341
8002 5344
8006 5346
8010 5349
8014 5352
8018 5355
8022 5357
8026 5360
8030 5363
8034 5366
8038 5368
8042 5371
8046 5374
8050 5376
8054 5379
8058 5382
8062 5384
8066 5387
8070 5390
8074 5393
8078 5395
8082 5398
8086 5401
8090 5403
8094 5406
8098 5409
8102 5411
8106 5414
8110 5417
8114 5419
8118 5422
8122 5425
8126 5427
8130 5430
8134 5433
8138 5435
8142 5438
8146 5440
8150 5443
8154 5446
8158 5448
8162 5451
8166 5454
8170 5456
8174 5459
8178 5462
8182 5465
8186 5467
8190 5470
8194 5473
8198 5475
8202 5478
8206 5481
8210 5483
8214 5486
8218 5489
8222 5491
8226 5494
8230 5497
8234 5499
8238 5502
8242 5505
8246 5508
8250 5510
8254 5513
8258 5516
8262 5518
8266 5521
8270 5524
8274 5526
8278 5529
8282 5532
8286 5534
8290 5537
8294 5540
8298 5542
8302 5545
8306 5548
8310 5550
8314 5553
8318 5556
8322 5558
8326 5561
8330 5564
8334 5567
8338 5569
8342 5572
8346 5575
8350 5577
8354 5580
8358 5583
8362 5586
8366 5588
8370 5591
8374 5594
8378 5596
8382 5599
8386 5602
8390 5604
8394 5607
8398 5610
8402 5613
8406 5615
8410 5618
8414 5621
8418 5624
8422 5626
8426 5629
8430 5632
8434 5634
8438 5637
8442 5640
8446 5642
8450 5645
8454 5648
8458 5651
8462 5653
8466 5656
8470 5659
8474 5662
8478 5664
8482 5667
8486 5670
8490 5672
8494 5675
8498 5678
8502 5681
8506 5683
8510 5686
8514 5689
8518 5692
8522 5694
8526 5697
8530 5700
8534 5702
8538 5705
8542 5708
8546 5711
8550 5713
8554 5716
8558 5719
8562 5722
8566 5724
8570 5727
8574 5730
8578 5732
8582 5735
8586 5738
8590 5740
8594 5743
8598 5746
8602 5748
8606 5751
8610 5754
8614 5757
8618 5760
8622 5762
8626 5765
8630 5768
8634 5770
8638 5773
8642 5776
8646 5778
8650 5781
8654 5784
8658 5786
8662 5789
8666 5792
8670 5794
8674 5797
8678 5800
8682 5802
8686 5805
8690 5808
8694 5810
8698 5813
8702 5816
8706 5818
8710 5821
8714 5824
8718 5826
8722 5829
8726 5832
8730 5835
8734 5837
8738 5840
8742 5843
8746 5845
8750 5848
8754 5851
8758 5853
8762 5856
8766 5859
8770 5861
8774 5864
8778 5867
8782 5869
8786 5872
8790 5875
8794 5878
8798 5880
8802 5883
8806 5886
8810 5888
8814 5891
8818 5894
8822 5896
8826 5899
8830 5902
8834 5904
8838 5907
8842 5910
8846 5912
8850 5915
8854 5918
8858 5920
8862 5923
8866 5926
8870 5929
8874 5931
8878 5934
8882 5937
8886 5940
8890 5942
8894 5945
8898 5948
8902 5950
8906 5953
8910 5956
8914 5958
8918 5961
8922 5964
8926 5966
8930 5969
8934 5972
8938 5975
8942 5977
8946 5980
8950 5983
8954 5986
8958 5988
8962 5991
8966 5994
8970 5996
8974 5999
8978 6002
8982 6004
8986 6007
8990 6010
8994 6012
8998 6015
9002 6018
9006 6021
9010 6024
9014 6026
9018 6029
9022 6032
9026 6034
9030 6037
9034 6040
9038 6042
9042 6045
9046 6048
9050 6051
9054 6053
9058 6056
9062 6059
9066 6062
9070 6064
9074 6067
9078 6070
9082 6072
9086 6075
9090 6078
9094 6080
9098 6083
9102 6086
9106 6089
9110 6092
9114 6094
9118 6097
9122 6100
9126 6102
9130 6105
9134 6108
9138 6110
9142 6113
9146 6116
9150 6118
9154 6121
9158 6124
9162 6126
9166 6129
9170 6132
9174 6134
9178 6137
9182 6140
9186 6143
9190 6145
9194 6148
9198 6151
9202 6153
9206 6156
9210 6159
9214 6161
9218 6164
9222 6167
9226 6169
9230 6172
9234 6175
9238 6177
9242 6180
9246 6183
9250 6185
9254 6188
9258 6191
9262 6194
9266 6196
9270 6199
9274 6202
9278 6204
9282 6207
9286 6210
9290 6212
9294 6215
9298 6218
9302 6220
9306 6223
9310 6226
9314 6228
9318 6231
9322 6234
9326 6237
9330 6239
9334 6242
9338 6245
9342 6248
9346 6250
9350 6253
9354 6256
9358 6258
9362 6261
9366 6264
9370 6266
9374 6269
9378 6272
9382 6274
9386 6277
9390 6280
9394 6282
9398 6285
9402 6288
9406 6291
9410 6293
9414 6296
9418 6299
9422 6301
9426 6304
9430 6307
9434 6310
9438 6312
9442 6315
9446 6318
9450 6320
9454 6323
9458 6326
9462 6328
9466 6331
9470 6334
9474 6337
9478 6339
9482 6342
9486 6345
9490 6347
9494 6350
9498 6353
9502 6356
9506 6358
9510 6361
9514 6364
9518 6366
9522 6369
9526 6372
9530 6374
9534 6377
9538 6380
9542 6383
9546 6385
9550 6388
9554 6391
9558 6394
9562 6396
9566 6399
9570 6402
9574 6404
9578 6407
9582 6410
9586 6413
9590 6415
9594 6418
9598 6421
9602 6423
9606 6426
9610 6429
9614 6432
9618 6434
9622 6437
9626 6440
9630 6442
9634 6445
9638 6448
9642 6450
9646 6453
9650 6456
9654 6458
9658 6461
9662 6464
9666 6467
9670 6469
9674 6472
9678 6475
9682 6477
9686 6480
9690 6483
9694 6485
9698 6488
9702 6491
9706 6493
9710 6496
9714 6499
9718 6502
9722 6504
9726 6507
9730 6510
9734 6512
9738 6515
9742 6518
9746 6520
9750 6523
9754 6526
9758 6528
9762 6531
9766 6534
9770 6536
9774 6539
9778 6542
9782 6544
9786 6547
9790 6550
9794 6552
9798 6555
9802 6558
9806 6560
9810 6563
9814 6566
9818 6568
9822 6571
9826 6574
9830 6577
9834 6579
9838 6582
9842 6585
9846 6587
9850 6590
9854 6593
9858 6596
9862 6598
9866 6601
9870 6604
9874 6606
9878 6609
9882 6612
9886 6614
9890 6617
9894 6620
9898 6623
9902 6625
9906 6628
9910 6631
9914 6633
9918 6636
9922 6639
9926 6642
9930 6644
9934 6647
9938 6650
9942 6652
9946 6655
9950 6658
9954 6660
9958 6663
9962 6666
9966 6669
9970 6671
9974 6674
9978 6677
9982 6680
9986 6682
9990 6685
9994 6688
9998 6690
10002 6693
10006 6696
10010 6698
10014 6701
10018 6704
10022 6707
10026 6709
10030 6712
10034 6715
10038 6718
10042 6720
10046 6723
10050 6726
10054 6728
10058 6731
10062 6734
10066 6737
10070 6739
10074 6742
10078 6745
10082 6748
10086 6750
10090 6753
10094 6756
10098 6758
10102 6761
10106 6764
10110 6766
10114 6769
10118 6772
10122 6775
10126 6777
10130 6780
10134 6783
10138 6785
10142 6788
10146 6791
10150 6794
10154 6796
10158 6799
10162 6802
10166 6804
10170 6807
10174 6810
10178 6812
10182 6815
10186 6818
10190 6820
10194 6823
10198 6826
10202 6829
10206 6831
10210 6834
10214 6837
10218 6839
10222 6842
10226 6845
10230 6847
10234 6850
10238 6853
10242 6855
10246 6858
10250 6861
10254 6863
10258 6866
10262 6869
10266 6871
10270 6874
10274 6877
10278 6879
10282 6882
10286 6885
10290 6887
10294 6890
10298 6893
10302 6895
10306 6898
10310 6901
10314 6903
10318 6906
10322 6909
10326 6912
10330 6914
10334 6917
10338 6919
10342 6922
10346 6925
10350 6928
10354 6930
10358 6933
10362 6936
10366 6938
10370 6941
10374 6944
10378 6946
10382 6949
10386 6952
10390 6954
10394 6957
10398 6960
10402 6963
10406 6965
10410 6968
10414 6971
10418 6973
10422 6976
10426 6979
10430 6982
10434 6984
10438 6987
10442 6990
10446 6992
10450 6995
10454 6998
10458 7000
10462 7003
10466 7006
10470 7008
10474 7011
10478 7014
10482 7017
10486 7020
10490 7022
10494 7025
10498 7028
10502 7030
10506 7033
10510 7036
10514 7038
10518 7041
10522 7044
10526 7046
10530 7049
10534 7052
10538 7055
10542 7058
10546 7060
10550 7063
10554 7066
10558 7068
10562 7071
10566 7074
10570 7077
10574 7079
10578 7082
10582 7085
10586 7088
10590 7090
10594 7093
10598 7096
10602 7098
10606 7101
10610 7104
10614 7107
10618 7109
10622 7112
10626 7115
10630 7118
10634 7120
10638 7123
10642 7126
10646 7128
10650 7131
10654 7134
10658 7136
10662 7139
10666 7142
10670 7145
10674 7147
10678 7150
10682 7153
10686 7156
10690 7158
10694 7161
10698 7164
10702 7166
10706 7169
10710 7172
10714 7174
10718 7177
10722 7180
10726 7182
10730 7185
10734 7188
10738 7190
10742 7193
10746 7196
10750 7199
10754 7201
10758 7204
10762 7207
10766 7209
10770 7212
10774 7215
10778 7217
10782 7220
10786 7223
10790 7225
10794 7228
10798 7231
10802 7233
10806 7236
10810 7239
10814 7241
10818 7244
10822 7247
10826 7249
10830 7252
10834 7255
10838 7257
10842 7260
10846 7263
10850 7265
10854 7268
10858 7271
10862 7273
10866 7276
10870 7279
10874 7281
10878 7284
10882 7287
10886 7289
10890 7292
10894 7295
10898 7298
10902 7300
10906 7303
10910 7306
10914 7308
10918 7311
10922 7314
10926 7316
10930 7319
10934 7322
10938 7324
10942 7327
10946 7330
10950 7332
10954 7335
10958 7338
10962 7340
10966 7343
10970 7346
10974 7349
10978 7351
10982 7354
10986 7357
10990 7359
10994 7362
10998 7365
11002 7368
11006 7370
11010 7373
11014 7376
11018 7378
11022 7381
11026 7384
11030 7386
11034 7389
11038 7392
11042 7395
11046 7397
11050 7400
11054 7403
11058 7406
11062 7408
11066 7411
11070 7414
11074 7416
11078 7419
11082 7422
11086 7424
11090 7427
11094 7430
11098 7433
11102 7436
11106 7438
11110 7441
11114 7444
11118 7446
11122 7449
11126 7452
11130 7454
11134 7457
11138 7460
11142 7463
11146 7466
11150 7468
11154 7471
11158 7474
11162 7476
11166 7479
11170 7482
11174 7485
11178 7487
11182 7490
11186 7493
11190 7496
11194 7498
11198 7501
11202 7504
11206 7506
11210 7509
11214 7512
11218 7515
11222 7517
11226 7520
11230 7523
11234 7525
11238 7528
11242 7531
11246 7534
11250 7536
11254 7539
11258 7542
11262 7544
11266 7547
11270 7550
11274 7552
11278 7555
11282 7558
11286 7560
11290 7563
11294 7566
11298 7568
11302 7571
11306 7574
11310 7577
11314 7579
11318 7582
11322 7584
11326 7587
11330 7590
11334 7592
11338 7595
11342 7598
11346 7600
11350 7603
11354 7606
11358 7609
11362 7611
11366 7614
11370 7616
11374 7619
11378 7622
11382 7624
11386 7627
11390 7630
11394 7633
11398 7635
11402 7638
11406 7641
11410 7643
11414 7646
11418 7649
11422 7652
11426 7654
11430 7657
11434 7659
11438 7662
11442 7665
11446 7667
11450 7670
11454 7673
11458 7676
11462 7678
11466 7681
11470 7684
11474 7686
11478 7689
11482 7692
11486 7694
11490 7697
11494 7700
11498 7702
11502 7705
11506 7708
11510 7710
11514 7713
11518 7716
11522 7718
11526 7721
11530 7724
11534 7727
11538 7729
11542 7732
11546 7735
11550 7737
11554 7740
11558 7743
11562 7746
11566 7748
11570 7751
11574 7754
11578 7756
11582 7759
11586 7762
11590 7764
11594 7767
11598 7770
11602 7773
11606 7775
11610 7778
11614 7781
11618 7784
11622 7786
11626 7789
11630 7792
11634 7794
11638 7797
11642 7800
11646 7803
11650 7805
11654 7808
11658 7811
11662 7813
11666 7816
11670 7819
11674 7822
11678 7824
11682 7827
11686 7830
11690 7832
11694 7835
11698 7838
11702 7841
11706 7844
11710 7846
11714 7849
11718 7852
11722 7854
11726 7857
11730 7860
11734 7862
11738 7865
11742 7868
11746 7871
11750 7874
11754 7876
11758 7879
11762 7882
11766 7884
11770 7887
11774 7890
11778 7892
11782 7895
11786 7898
11790 7901
11794 7903
11798 7906
11802 7909
11806 7911
11810 7914
11814 7917
11818 7920
11822 7922
11826 7925
11830 7928
11834 7930
11838 7933
11842 7936
11846 7938
11850 7941
11854 7944
11858 7946
11862 7949
11866 7952
11870 7954
11874 7957
11878 7960
11882 7962
11886 7965
11890 7968
11894 7970
11898 7973
11902 7976
11906 7978
11910 7981
11914 7984
11918 7986
11922 7989
11926 7992
11930 7995
11934 7997
11938 8000
11942 8003
11946 8005
11950 8008
11954 8011
11958 8013
11962 8016
11966 8019
11970 8021
11974 8024
11978 8027
11982 8029
11986 8032
11990 8035
11994 8038
11998 8040
12002 8043
12006 8046
12010 8048
12014 8051
12018 8054
12022 8056
12026 8059
12030 8062
12034 8064
12038 8067
12042 8070
12046 8072
12050 8075
12054 8078
12058 8080
12062 8083
12066 8086
12070 8089
12074 8091
12078 8094
12082 8097
12086 8100
12090 8102
12094 8105
12098 8108
12102 8110
12106 8113
12110 8116
12114 8118
12118 8121
12122 8124
12126 8126
12130 8129
12134 8132
12138 8135
12142 8137
12146 8140
12150 8143
12154 8146
12158 8148
12162 8151
12166 8154
12170 8156
12174 8159
12178 8162
12182 8164
12186 8167
12190 8170
12194 8173
12198 8175
12202 8178
12206 8181
12210 8184
12214 8186
12218 8189
12222 8192
12226 8194
12230 8197
12234 8200
12238 8202
12242 8205
12246 8208
12250 8211
12254 8213
12258 8216
12262 8219
12266 8222
12270 8224
12274 8227
12278 8230
12282 8232
12286 8235
12290 8238
12294 8240
12298 8243
12302 8246
12306 8249
12310 8251
12314 8254
12318 8257
12322 8260
12326 8262
12330 8265
12334 8268
12338 8270
12342 8273
12346 8276
12350 8278
12354 8281
12358 8284
12362 8286
12366 8289
12370 8292
12374 8294
12378 8297
12382 8300
12386 8303
12390 8305
12394 8308
12398 8311
12402 8313
12406 8316
12410 8319
12414 8321
12418 8324
12422 8327
12426 8329
12430 8332
12434 8335
12438 8337
12442 8340
12446 8343
12450 8346
12454 8348
12458 8351
12462 8354
12466 8356
12470 8359
12474 8362
12478 8364
12482 8367
12486 8370
12490 8372
12494 8375
12498 8378
12502 8380
12506 8383
12510 8386
12514 8389
12518 8391
12522 8394
12526 8397
12530 8399
12534 8402
12538 8405
12542 8408
12546 8410
12550 8413
12554 8416
12558 8418
12562 8421
12566 8424
12570 8426
12574 8429
12578 8432
12582 8434
12586 8437
12590 8440
12594 8442
12598 8445
12602 8448
12606 8451
12610 8453
12614 8456
12618 8459
12622 8461
12626 8464
12630 8467
12634 8470
12638 8472
12642 8475
12646 8478
12650 8480
12654 8483
12658 8486
12662 8488
12666 8491
12670 8494
12674 8497
12678 8499
12682 8502
12686 8505
12690 8508
12694 8510
12698 8513
12702 8516
12706 8518
12710 8521
12714 8524
12718 8526
12722 8529
12726 8532
12730 8535
12734 8537
12738 8540
12742 8543
12746 8546
12750 8548
12754 8551
12758 8554
12762 8556
12766 8559
12770 8562
12774 8564
12778 8567
12782 8570
12786 8573
12790 8575
12794 8578
12798 8581
12802 8583
12806 8586
12810 8589
12814 8592
12818 8594
12822 8597
12826 8600
12830 8602
12834 8605
12838 8608
12842 8610
12846 8613
12850 8616
12854 8619
12858 8621
12862 8624
12866 8627
12870 8629
12874 8632
12878 8635
12882 8638
12886 8640
12890 8643
12894 8646
12898 8648
12902 8651
12906 8654
12910 8656
12914 8659
12918 8662
12922 8664
12926 8667
12930 8670
12934 8672
12938 8675
12942 8678
12946 8680
12950 8683
12954 8686
12958 8688
12962 8691
12966 8694
12970 8696
12974 8699
12978 8702
12982 8704
12986 8707
12990 8710
12994 8713
12998 8715
13002 8718
13006 8720
13010 8723
13014 8726
13018 8729
13022 8731
13026 8734
13030 8737
13034 8740
13038 8742
13042 8745
13046 8748
13050 8750
13054 8753
13058 8756
13062 8758
13066 8761
13070 8764
13074 8766
13078 8769
13082 8772
13086 8774
13090 8777
13094 8780
13098 8783
13102 8785
13106 8788
13110 8791
13114 8794
13118 8796
13122 8799
13126 8802
13130 8804
13134 8807
13138 8810
13142 8812
13146 8815
13150 8818
13154 8821
13158 8823
13162 8826
13166 8829
13170 8832
13174 8834
13178 8837
13182 8840
13186 8842
13190 8845
13194 8848
13198 8850
13202 8853
13206 8856
13210 8859
13214 8861
13218 8864
13222 8867
13226 8870
13230 8872
13234 8875
13238 8878
13242 8880
13246 8883
13250 8886
13254 8889
13258 8891
13262 8894
13266 8897
13270 8899
13274 8902
13278 8905
13282 8908
13286 8910
13290 8913
13294 8916
13298 8918
13302 8921
13306 8924
13310 8927
13314 8929
13318 8932
13322 8935
13326 8937
13330 8940
13334 8943
13338 8946
13342 8948
13346 8951
13350 8954
13354 8956
13358 8959
13362 8962
13366 8964
13370 8967
13374 8970
13378 8973
13382 8975
13386 8978
13390 8981
13394 8983
13398 8986
13402 8989
13406 8991
13410 8994
13414 8997
13418 9000
13422 9002
13426 9005
13430 9008
13434 9010
13438 9013
13442 9016
13446 9018
13450 9021
13454 9024
13458 9026
13462 9029
13466 9032
13470 9034
13474 9037
13478 9040
13482 9042
13486 9045
13490 9048
13494 9050
13498 9053
13502 9056
13506 9058
13510 9061
13514 9064
13518 9066
13522 9069
13526 9072
13530 9074
13534 9077
13538 9080
13542 9082
13546 9085
13550 9088
13554 9090
13558 9093
13562 9096
13566 9099
13570 9101
13574 9104
13578 9107
13582 9109
13586 9112
13590 9115
13594 9118
13598 9120
13602 9123
13606 9126
13610 9128
13614 9131
13618 9134
13622 9136
13626 9139
13630 9142
13634 9145
13638 9147
13642 9150
13646 9153
13650 9155
13654 9158
13658 9161
13662 9164
13666 9166
13670 9169
13674 9172
13678 9174
13682 9177
13686 9180
13690 9182
13694 9185
13698 9188
13702 9191
13706 9193
13710 9196
13714 9199
13718 9201
13722 9204
13726 9207
13730 9210
13734 9212
13738 9215
13742 9218
13746 9220
13750 9223
13754 9226
13758 9229
13762 9231
13766 9234
13770 9237
13774 9240
13778 9242
13782 9245
13786 9248
13790 9250
13794 9253
13798 9256
13802 9259
13806 9262
13810 9264
13814 9267
13818 9270
13822 9272
13826 9275
13830 9278
13834 9280
13838 9283
13842 9286
13846 9289
13850 9292
13854 9294
13858 9297
13862 9300
13866 9302
13870 9305
13874 9308
13878 9310
13882 9313
13886 9316
13890 9319
13894 9321
13898 9324
13902 9327
13906 9329
13910 9332
13914 9335
13918 9338
13922 9340
13926 9343
13930 9346
13934 9348
13938 9351
13942 9354
13946 9356
13950 9359
13954 9362
13958 9364
13962 9367
13966 9370
13970 9372
13974 9375
13978 9378
13982 9380
13986 9383
13990 9386
13994 9388
13998 9391
14002 9394
14006 9396
14010 9399
14014 9402
14018 9404
14022 9407
14026 9410
14030 9412
14034 9415
14038 9418
14042 9420
14046 9423
14050 9426
14054 9428
14058 9431
14062 9434
14066 9436
14070 9439
14074 9442
14078 9444
14082 9447
14086 9450
14090 9452
14094 9455
14098 9458
14102 9461
14106 9463
14110 9466
14114 9468
14118 9471
14122 9474
14126 9477
14130 9479
14134 9482
14138 9485
14142 9487
14146 9490
14150 9493
14154 9496
14158 9498
14162 9501
14166 9504
14170 9506
14174 9509
14178 9512
14182 9514
14186 9517
14190 9520
14194 9522
14198 9525
14202 9528
14206 9531
14210 9533
14214 9536
14218 9539
14222 9542
14226 9544
14230 9547
14234 9550
14238 9552
14242 9555
14246 9558
14250 9560
14254 9563
14258 9566
14262 9569
14266 9572
14270 9574
14274 9577
14278 9580
14282 9582
14286 9585
14290 9588
14294 9590
14298 9593
14302 9596
14306 9599
14310 9601
14314 9604
14318 9607
14322 9610
14326 9612
14330 9615
14334 9618
14338 9620
14342 9623
14346 9626
14350 9629
14354 9631
14358 9634
14362 9637
14366 9640
14370 9642
14374 9645
14378 9648
14382 9650
14386 9653
14390 9656
14394 9659
14398 9661
14402 9664
14406 9667
14410 9670
14414 9672
14418 9675
14422 9678
14426 9680
14430 9683
14434 9686
14438 9689
14442 9691
14446 9694
14450 9697
14454 9699
14458 9702
14462 9705
14466 9708
14470 9710
14474 9713
14478 9716
14482 9718
14486 9721
14490 9724
14494 9726
14498 9729
14502 9732
14506 9734
14510 9737
14514 9740
14518 9742
14522 9745
14526 9748
14530 9750
14534 9753
14538 9756
14542 9758
14546 9761
14550 9764
14554 9766
14558 9769
14562 9772
14566 9774
14570 9777
14574 9780
14578 9782
14582 9785
14586 9788
14590 9790
14594 9793
14598 9796
14602 9798
14606 9801
14610 9804
14614 9806
14618 9809
14622 9812
14626 9814
14630 9817
14634 9820
14638 9822
14642 9825
14646 9828
14650 9830
14654 9833
14658 9836
14662 9839
14666 9841
14670 9844
14674 9847
14678 9849
14682 9852
14686 9855
14690 9857
14694 9860
14698 9863
14702 9866
14706 9868
14710 9871
14714 9874
14718 9876
14722 9879
14726 9882
14730 9884
14734 9887
14738 9890
14742 9892
14746 9895
14750 9898
14754 9900
14758 9903
14762 9906
14766 9909
14770 9911
14774 9914
14778 9917
14782 9919
14786 9922
14790 9925
14794 9928
14798 9930
14802 9933
14806 9936
14810 9938
14814 9941
14818 9944
14822 9947
14826 9949
14830 9952
14834 9955
14838 9958
14842 9960
14846 9963
14850 9966
14854 9968
14858 9971
14862 9974
14866 9977
14870 9979
14874 9982
14878 9985
14882 9988
14886 9990
14890 9993
14894 9996
14898 9998
14902 10001
14906 10004
14910 10007
14914 10009
14918 10012
14922 10015
14926 10017
14930 10020
14934 10023
14938 10026
14942 10028
14946 10031
14950 10034
14954 10037
14958 10039
14962 10042
14966 10045
14970 10047
14974 10050
14978 10053
14982 10056
14986 10058
14990 10061
14994 10064
14998 10066
15002 10069
15006 10072
15010 10074
15014 10077
15018 10080
15022 10082
15026 10085
15030 10088
15034 10090
15038 10093
15042 10096
15046 10099
15050 10101
15054 10104
15058 10107
15062 10109
15066 10112
15070 10115
15074 10117
15078 10120
15082 10123
15086 10126
15090 10128
15094 10131
15098 10133
15102 10136
15106 10139
15110 10141
15114 10144
15118 10147
15122 10150
15126 10152
15130 10155
15134 10158
15138 10160
15142 10163
15146 10166
15150 10168
15154 10171
15158 10174
15162 10176
15166 10179
15170 10182
15174 10184
15178 10187
15182 10190
15186 10192
15190 10195
15194 10198
15198 10200
15202 10203
15206 10206
15210 10208
15214 10211
15218 10214
15222 10217
15226 10219
15230 10222
15234 10225
15238 10227
15242 10230
15246 10233
15250 10235
15254 10238
15258 10241
15262 10244
15266 10246
15270 10249
15274 10252
15278 10254
15282 10257
15286 10260
15290 10262
15294 10265
15298 10268
15302 10270
15306 10273
15310 10276
15314 10279
15318 10281
15322 10284
15326 10287
15330 10290
15334 10292
15338 10295
15342 10298
15346 10300
15350 10303
15354 10306
15358 10308
15362 10311
15366 10314
15370 10317
15374 10319
15378 10322
15382 10325
15386 10328
15390 10330
15394 10333
15398 10336
15402 10338
15406 10341
15410 10344
15414 10346
15418 10349
15422 10352
15426 10354
15430 10357
15434 10360
15438 10363
15442 10366
15446 10368
15450 10371
15454 10374
15458 10376
15462 10379
15466 10382
15470 10384
15474 10387
15478 10390
15482 10393
15486 10396
15490 10398
15494 10401
15498 10404
15502 10406
15506 10409
15510 10412
15514 10414
15518 10417
15522 10420
15526 10422
15530 10425
15534 10428
15538 10431
15542 10433
15546 10436
15550 10439
15554 10442
15558 10444
15562 10447
15566 10449
15570 10452
15574 10455
15578 10458
15582 10460
15586 10463
15590 10466
15594 10468
15598 10471
15602 10474
15606 10476
15610 10479
15614 10482
15618 10484
15622 10487
15626 10490
15630 10492
15634 10495
15638 10498
15642 10500
15646 10503
15650 10506
15654 10509
15658 10511
15662 10514
15666 10517
15670 10519
15674 10522
15678 10525
15682 10527
15686 10530
15690 10533
15694 10536
15698 10538
15702 10541
15706 10544
15710 10546
15714 10549
15718 10552
15722 10554
15726 10557
15730 10560
15734 10562
15738 10565
15742 10568
15746 10570
15750 10573
15754 10576
15758 10579
15762 10582
15766 10584
15770 10587
15774 10590
15778 10592
15782 10595
15786 10598
15790 10600
15794 10603
15798 10606
15802 10608
15806 10611
15810 10614
15814 10616
15818 10619
15822 10622
15826 10625
15830 10627
15834 10630
15838 10633
15842 10636
15846 10638
15850 10641
15854 10644
15858 10646
15862 10649
15866 10652
15870 10654
15874 10657
15878 10660
15882 10662
15886 10665
15890 10668
15894 10671
15898 10673
15902 10676
15906 10679
15910 10682
15914 10684
15918 10687
15922 10690
15926 10692
15930 10695
15934 10698
15938 10701
15942 10703
15946 10706
15950 10709
15954 10711
15958 10714
15962 10717
15966 10720
15970 10722
15974 10725
15978 10728
15982 10730
15986 10733
15990 10736
15994 10738
15998 10741
16002 10744
16006 10747
16010 10749
16014 10752
16018 10755
16022 10758
16026 10760
16030 10763
16034 10766
16038 10768
16042 10771
16046 10774
16050 10776
16054 10779
16058 10782
16062 10784
16066 10787
16070 10790
16074 10792
16078 10795
16082 10798
16086 10801
16090 10803
16094 10806
16098 10809
16102 10811
16106 10814
16110 10817
16114 10819
16118 10822
16122 10825
16126 10827
16130 10830
16134 10833
16138 10835
16142 10838
16146 10841
16150 10843
16154 10846
16158 10849
16162 10851
16166 10854
16170 10857
16174 10860
16178 10862
16182 10865
16186 10868
16190 10870
16194 10873
16198 10876
16202 10878
16206 10881
16210 10884
16214 10886
16218 10889
16222 10892
16226 10894
16230 10897
16234 10900
16238 10902
16242 10905
16246 10908
16250 10911
16254 10913
16258 10916
16262 10919
16266 10921
16270 10924
16274 10927
16278 10930
16282 10932
16286 10935
16290 10938
16294 10940
16298 10943
16302 10946
16306 10948
16310 10951
16314 10954
16318 10956
16322 10959
16326 10962
16330 10965
16334 10967
16338 10970
16342 10973
16346 10976
16350 10978
16354 10981
16358 10984
16362 10986
16366 10989
16370 10992
16374 10994
16378 10997
16382 11000
16386 11003
16390 11005
16394 11008
16398 11011
16402 11014
16406 11016
16410 11019
16414 11022
16418 11024
16422 11027
16426 11030
16430 11032
16434 11035
16438 11038
16442 11041
16446 11044
16450 11046
16454 11049
16458 11052
16462 11054
16466 11057
16470 11060
16474 11062
16478 11065
16482 11068
16486 11071
16490 11073
16494 11076
16498 11079
16502 11082
16506 11084
16510 11087
16514 11090
16518 11092
16522 11095
16526 11098
16530 11100
16534 11103
16538 11106
16542 11109
16546 11111
16550 11114
16554 11117
16558 11119
16562 11122
16566 11125
16570 11128
16574 11130
16578 11133
16582 11136
16586 11138
16590 11141
16594 11144
16598 11146
16602 11149
16606 11152
16610 11154
16614 11157
16618 11160
16622 11162
16626 11165
16630 11168
16634 11170
16638 11173
16642 11176
16646 11178
16650 11181
16654 11184
16658 11186
16662 11189
16666 11192
16670 11194
16674 11197
16678 11200
16682 11202
16686 11205
16690 11208
16694 11210
16698 11213
16702 11216
16706 11218
16710 11221
16714 11224
16718 11227
16722 11229
16726 11232
16730 11235
16734 11237
16738 11240
16742 11243
16746 11245
16750 11248
16754 11251
16758 11254
16762 11256
16766 11259
16770 11262
16774 11264
16778 11267
16782 11270
16786 11272
16790 11275
16794 11278
16798 11280
16802 11283
16806 11286
16810 11289
16814 11291
16818 11294
16822 11297
16826 11299
16830 11302
16834 11305
16838 11308
16842 11310
16846 11313
16850 11316
16854 11318
16858 11321
16862 11324
16866 11326
16870 11329
16874 11332
16878 11335
16882 11337
16886 11340
16890 11343
16894 11346
16898 11348
16902 11351
16906 11354
16910 11356
16914 11359
16918 11362
16922 11364
16926 11367
16930 11370
16934 11373
16938 11376
16942 11378
16946 11381
16950 11384
16954 11386
16958 11389
16962 11392
16966 11395
16970 11397
16974 11400
16978 11403
16982 11406
16986 11408
16990 11411
16994 11414
16998 11416
17002 11419
17006 11422
17010 11425
17014 11427
17018 11430
17022 11433
17026 11436
17030 11438
17034 11441
17038 11444
17042 11446
17046 11449
17050 11452
17054 11454
17058 11457
17062 11460
17066 11463
17070 11465
17074 11468
17078 11471
17082 11474
17086 11476
17090 11479
17094 11482
17098 11484
17102 11487
17106 11490
17110 11492
17114 11495
17118 11498
17122 11500
17126 11503
17130 11506
17134 11508
17138 11511
17142 11514
17146 11517
17150 11519
17154 11522
17158 11525
17162 11527
17166 11530
17170 11533
17174 11535
17178 11538
17182 11541
17186 11543
17190 11546
17194 11549
17198 11551
17202 11554
17206 11557
17210 11559
17214 11562
17218 11565
17222 11567
17226 11570
17230 11573
17234 11575
17238 11578
17242 11581
17246 11583
17250 11586
17254 11589
17258 11591
17262 11594
17266 11597
17270 11599
17274 11602
17278 11605
17282 11607
17286 11610
17290 11613
17294 11616
17298 11618
17302 11621
17306 11624
17310 11626
17314 11629
17318 11632
17322 11634
17326 11637
17330 11640
17334 11642
17338 11645
17342 11648
17346 11650
17350 11653
17354 11656
17358 11658
17362 11661
17366 11664
17370 11667
17374 11669
17378 11672
17382 11675
17386 11677
17390 11680
17394 11683
17398 11686
17402 11688
17406 11691
17410 11694
17414 11696
17418 11699
17422 11702
17426 11704
17430 11707
17434 11710
17438 11713
17442 11715
17446 11718
17450 11721
17454 11724
17458 11726
17462 11729
17466 11732
17470 11734
17474 11737
17478 11740
17482 11742
17486 11745
17490 11748
17494 11751
17498 11753
17502 11756
17506 11759
17510 11762
17514 11764
17518 11767
17522 11770
17526 11772
17530 11775
17534 11778
17538 11781
17542 11784
17546 11786
17550 11789
17554 11792
17558 11794
17562 11797
17566 11800
17570 11803
17574 11805
17578 11808
17582 11811
17586 11814
17590 11816
17594 11819
17598 11822
17602 11824
17606 11827
17610 11830
17614 11832
17618 11835
17622 11838
17626 11841
17630 11844
17634 11846
17638 11849
17642 11852
17646 11854
17650 11857
17654 11860
17658 11862
17662 11865
17666 11868
17670 11870
17674 11873
17678 11876
17682 11879
17686 11881
17690 11884
17694 11887
17698 11889
17702 11892
17706 11895
17710 11897
17714 11900
17718 11903
17722 11905
17726 11908
17730 11911
17734 11913
17738 11916
17742 11919
17746 11921
17750 11924
17754 11927
17758 11930
17762 11932
17766 11935
17770 11937
17774 11940
17778 11943
17782 11946
17786 11948
17790 11951
17794 11954
17798 11956
17802 11959
17806 11962
17810 11964
17814 11967
17818 11970
17822 11972
17826 11975
17830 11978
17834 11980
17838 11983
17842 11986
17846 11988
17850 11991
17854 11994
17858 11996
17862 11999
17866 12002
17870 12004
17874 12007
17878 12010
17882 12013
17886 12015
17890 12018
17894 12021
17898 12024
17902 12026
17906 12029
17910 12032
17914 12034
17918 12037
17922 12040
17926 12042
17930 12045
17934 12048
17938 12050
17942 12053
17946 12056
17950 12058
17954 12061
17958 12064
17962 12067
17966 12069
17970 12072
17974 12075
17978 12077
17982 12080
17986 12083
17990 12086
17994 12088
17998 12091
18002 12094
18006 12096
18010 12099
18014 12102
18018 12105
18022 12107
18026 12110
18030 12113
18034 12115
18038 12118
18042 12121
18046 12124
18050 12126
18054 12129
18058 12132
18062 12135
18066 12137
18070 12140
18074 12143
18078 12146
18082 12148
18086 12151
18090 12154
18094 12156
18098 12159
18102 12162
18106 12165
18110 12167
18114 12170
18118 12173
18122 12175
18126 12178
18130 12181
18134 12184
18138 12186
18142 12189
18146 12192
18150 12195
18154 12197
18158 12200
18162 12203
18166 12205
18170 12208
18174 12211
18178 12214
18182 12216
18186 12219
18190 12222
18194 12224
18198 12227
18202 12230
18206 12232
18210 12235
18214 12238
18218 12241
18222 12243
18226 12246
18230 12249
18234 12251
18238 12254
18242 12257
18246 12259
18250 12262
18254 12265
18258 12267
18262 12270
18266 12273
18270 12275
18274 12278
18278 12281
18282 12284
18286 12286
18290 12289
18294 12292
18298 12294
18302 12297
18306 12300
18310 12302
18314 12305
18318 12308
18322 12310
18326 12313
18330 12316
18334 12318
18338 12321
18342 12324
18346 12326
18350 12329
18354 12332
18358 12334
18362 12337
18366 12340
18370 12342
18374 12345
18378 12348
18382 12350
18386 12353
18390 12356
18394 12359
18398 12361
18402 12364
18406 12367
18410 12369
18414 12372
18418 12375
18422 12377
18426 12380
18430 12383
18434 12386
18438 12388
18442 12391
18446 12394
18450 12396
18454 12399
18458 12402
18462 12404
18466 12407
18470 12410
18474 12412
18478 12415
18482 12418
18486 12421
18490 12423
18494 12426
18498 12429
18502 12432
18506 12434
18510 12437
18514 12440
18518 12442
18522 12445
18526 12448
18530 12450
18534 12453
18538 12456
18542 12459
18546 12461
18550 12464
18554 12467
18558 12469
18562 12472
18566 12475
18570 12478
18574 12480
18578 12483
18582 12486
18586 12488
18590 12491
18594 12494
18598 12497
18602 12499
18606 12502
18610 12505
18614 12508
18618 12510
18622 12513
18626 12516
18630 12518
18634 12521
18638 12524
18642 12527
18646 12529
18650 12532
18654 12535
18658 12537
18662 12540
18666 12543
18670 12546
18674 12548
18678 12551
18682 12554
18686 12556
18690 12559
18694 12562
18698 12564
18702 12567
18706 12570
18710 12573
18714 12575
18718 12578
18722 12581
18726 12584
18730 12586
18734 12589
18738 12592
18742 12594
18746 12597
18750 12600
18754 12602
18758 12605
18762 12608
18766 12610
18770 12613
18774 12616
18778 12618
18782 12621
18786 12624
18790 12626
18794 12629
18798 12632
18802 12634
18806 12637
18810 12640
18814 12643
18818 12645
18822 12648
18826 12651
18830 12653
18834 12656
18838 12659
18842 12661
18846 12664
18850 12667
18854 12670
18858 12672
18862 12675
18866 12678
18870 12680
18874 12683
18878 12686
18882 12688
18886 12691
18890 12694
18894 12696
18898 12699
18902 12702
18906 12705
18910 12707
18914 12710
18918 12713
18922 12715
18926 12718
18930 12721
18934 12723
18938 12726
18942 12729
18946 12732
18950 12734
18954 12737
18958 12740
18962 12742
18966 12745
18970 12748
18974 12750
18978 12753
18982 12756
18986 12758
18990 12761
18994 12764
18998 12767
19002 12769
19006 12772
19010 12775
19014 12777
19018 12780
19022 12783
19026 12786
19030 12788
19034 12791
19038 12794
19042 12796
19046 12799
19050 12802
19054 12804
19058 12807
19062 12810
19066 12813
19070 12815
19074 12818
19078 12821
19082 12824
19086 12826
19090 12829
19094 12832
19098 12834
19102 12837
19106 12840
19110 12842
19114 12845
19118 12848
19122 12851
19126 12853
19130 12856
19134 12859
19138 12862
19142 12864
19146 12867
19150 12870
19154 12872
19158 12875
19162 12878
19166 12880
19170 12883
19174 12886
19178 12889
19182 12891
19186 12894
19190 12897
19194 12899
19198 12902
19202 12905
19206 12908
19210 12910
19214 12913
19218 12916
19222 12918
19226 12921
19230 12924
19234 12926
19238 12929
19242 12932
19246 12935
19250 12937
19254 12940
19258 12943
19262 12945
19266 12948
19270 12951
19274 12954
19278 12956
19282 12959
19286 12962
19290 12964
19294 12967
19298 12970
19302 12972
19306 12975
19310 12978
19314 12980
19318 12983
19322 12986
19326 12988
19330 12991
19334 12994
19338 12996
19342 12999
19346 13002
19350 13004
19354 13007
19358 13010
19362 13012
19366 13015
19370 13018
19374 13021
19378 13023
19382 13026
19386 13029
19390 13031
19394 13034
19398 13037
19402 13039
19406 13042
19410 13045
19414 13048
19418 13050
19422 13053
19426 13056
19430 13058
19434 13061
19438 13064
19442 13066
19446 13069
19450 13072
19454 13074
19458 13077
19462 13080
19466 13082
19470 13085
19474 13088
19478 13091
19482 13093
19486 13096
19490 13099
19494 13102
19498 13104
19502 13107
19506 13110
19510 13112
19514 13115
19518 13118
19522 13120
19526 13123
19530 13126
19534 13129
19538 13131
19542 13134
19546 13137
19550 13140
19554 13142
19558 13145
19562 13148
19566 13150
19570 13153
19574 13156
19578 13158
19582 13161
19586 13164
19590 13166
19594 13169
19598 13172
19602 13175
19606 13178
19610 13180
19614 13183
19618 13186
19622 13188
19626 13191
19630 13194
19634 13196
19638 13199
19642 13202
19646 13205
19650 13207
19654 13210
19658 13213
19662 13216
19666 13218
19670 13221
19674 13224
19678 13226
19682 13229
19686 13232
19690 13234
19694 13237
19698 13240
19702 13243
19706 13246
19710 13248
19714 13251
19718 13254
19722 13256
19726 13259
19730 13262
19734 13264
19738 13267
19742 13270
19746 13273
19750 13275
19754 13278
19758 13281
19762 13284
19766 13286
19770 13289
19774 13292
19778 13294
19782 13297
19786 13300
19790 13302
19794 13305
19798 13308
19802 13310
19806 13313
19810 13316
19814 13318
19818 13321
19822 13324
19826 13326
19830 13329
19834 13332
19838 13334
19842 13337
19846 13340
19850 13342
19854 13345
19858 13348
19862 13350
19866 13353
19870 13356
19874 13358
19878 13361
19882 13364
19886 13366
19890 13369
19894 13372
19898 13374
19902 13377
19906 13380
19910 13382
19914 13385
19918 13388
19922 13390
19926 13393
19930 13396
19934 13398
19938 13401
19942 13404
19946 13406
19950 13409
19954 13412
19958 13415
19962 13418
19966 13420
19970 13423
19974 13426
19978 13428
19982 13431
19986 13434
19990 13436
19994 13439
19998 13442
20002 13444
20006 13447
20010 13450
20014 13452
20018 13455
20022 13458
20026 13461
20030 13463
20034 13466
20038 13469
20042 13471
20046 13474
20050 13477
20054 13479
20058 13482
20062 13485
20066 13488
20070 13490
20074 13493
20078 13496
20082 13498
20086 13501
20090 13504
20094 13507
20098 13509
20102 13512
20106 13515
20110 13518
20114 13520
20118 13523
20122 13526
20126 13528
20130 13531
20134 13534
20138 13537
20142 13539
20146 13542
20150 13545
20154 13547
20158 13550
20162 13553
20166 13556
20170 13558
20174 13561
20178 13564
20182 13567
20186 13569
20190 13572
20194 13575
20198 13578
20202 13580
20206 13583
20210 13586
20214 13588
20218 13591
20222 13594
20226 13597
20230 13599
20234 13602
20238 13605
20242 13608
20246 13610
20250 13613
20254 13616
20258 13618
20262 13621
20266 13624
20270 13626
20274 13629
20278 13632
20282 13635
20286 13637
20290 13640
20294 13643
20298 13645
20302 13648
20306 13651
20310 13654
20314 13656
20318 13659
20322 13662
20326 13664
20330 13667
20334 13670
20338 13672
20342 13675
20346 13678
20350 13680
20354 13683
20358 13686
20362 13688
20366 13691
20370 13694
20374 13696
20378 13699
20382 13702
20386 13704
20390 13707
20394 13710
20398 13712
20402 13715
20406 13718
20410 13720
20414 13723
20418 13726
20422 13728
20426 13731
20430 13734
20434 13736
20438 13739
20442 13742
20446 13744
20450 13747
20454 13750
20458 13752
20462 13755
20466 13758
20470 13760
20474 13763
20478 13766
20482 13768
20486 13771
20490 13774
20494 13777
20498 13779
20502 13782
20506 13785
20510 13787
20514 13790
20518 13793
20522 13796
20526 13798
20530 13801
20534 13804
20538 13806
20542 13809
20546 13812
20550 13814
20554 13817
20558 13820
20562 13822
20566 13825
20570 13828
20574 13830
20578 13833
20582 13836
20586 13838
20590 13841
20594 13844
20598 13847
20602 13849
20606 13852
20610 13855
20614 13858
20618 13860
20622 13863
20626 13866
20630 13868
20634 13871
20638 13874
20642 13877
20646 13879
20650 13882
20654 13885
20658 13888
20662 13890
20666 13893
20670 13896
20674 13898
20678 13901
20682 13904
20686 13906
20690 13909
20694 13912
20698 13915
20702 13918
20706 13920
20710 13923
20714 13926
20718 13928
20722 13931
20726 13934
20730 13937
20734 13939
20738 13942
20742 13945
20746 13948
20750 13950
20754 13953
20758 13956
20762 13958
20766 13961
20770 13964
20774 13967
20778 13969
20782 13972
20786 13975
20790 13978
20794 13980
20798 13983
20802 13986
20806 13988
20810 13991
20814 13994
20818 13997
20822 13999
20826 14002
20830 14005
20834 14008
20838 14010
20842 14013
20846 14016
20850 14018
20854 14021
20858 14024
20862 14026
20866 14029
20870 14032
20874 14035
20878 14037
20882 14040
20886 14043
20890 14045
20894 14048
20898 14051
20902 14053
20906 14056
20910 14059
20914 14061
20918 14064
20922 14067
20926 14069
20930 14072
20934 14075
20938 14078
20942 14080
20946 14083
20950 14086
20954 14088
20958 14091
20962 14094
20966 14096
20970 14099
20974 14102
20978 14104
20982 14107
20986 14110
20990 14112
20994 14115
20998 14118
21002 14120
21006 14123
21010 14126
21014 14128
21018 14131
21022 14134
21026 14136
21030 14139
21034 14142
21038 14144
21042 14147
21046 14150
21050 14152
21054 14155
21058 14158
21062 14160
21066 14163
21070 14166
21074 14169
21078 14171
21082 14174
21086 14177
21090 14179
21094 14182
21098 14185
21102 14187
21106 14190
21110 14193
21114 14195
21118 14198
21122 14201
21126 14204
21130 14206
21134 14209
21138 14212
21142 14214
21146 14217
21150 14220
21154 14222
21158 14225
21162 14228
21166 14230
21170 14233
21174 14236
21178 14239
21182 14241
21186 14244
21190 14247
21194 14250
21198 14252
21202 14255
21206 14258
21210 14260
21214 14263
21218 14266
21222 14268
21226 14271
21230 14274
21234 14277
21238 14279
21242 14282
21246 14285
21250 14288
21254 14290
21258 14293
21262 14296
21266 14298
21270 14301
21274 14304
21278 14306
21282 14309
21286 14312
21290 14315
21294 14317
21298 14320
21302 14323
21306 14326
21310 14328
21314 14331
21318 14334
21322 14336
21326 14339
21330 14342
21334 14345
21338 14347
21342 14350
21346 14353
21350 14356
21354 14358
21358 14361
21362 14364
21366 14366
21370 14369
21374 14372
21378 14374
21382 14377
21386 14380
21390 14383
21394 14385
21398 14388
21402 14391
21406 14394
21410 14396
21414 14399
21418 14402
21422 14404
21426 14407
21430 14410
21434 14412
21438 14415
21442 14418
21446 14420
21450 14423
21454 14426
21458 14428
21462 14431
21466 14434
21470 14436
21474 14439
21478 14442
21482 14444
21486 14447
21490 14450
21494 14452
21498 14455
21502 14458
21506 14460
21510 14463
21514 14466
21518 14469
21522 14471
21526 14474
21530 14477
21534 14479
21538 14482
21542 14485
21546 14487
21550 14490
21554 14493
21558 14495
21562 14498
21566 14501
21570 14504
21574 14506
21578 14509
21582 14512
21586 14514
21590 14517
21594 14520
21598 14522
21602 14525
21606 14528
21610 14530
21614 14533
21618 14536
21622 14538
21626 14541
21630 14544
21634 14547
21638 14549
21642 14552
21646 14554
21650 14557
21654 14560
21658 14563
21662 14566
21666 14568
21670 14571
21674 14574
21678 14576
21682 14579
21686 14582
21690 14584
21694 14587
21698 14590
21702 14592
21706 14595
21710 14598
21714 14600
21718 14603
21722 14606
21726 14609
21730 14612
21734 14614
21738 14617
21742 14620
21746 14622
21750 14625
21754 14628
21758 14630
21762 14633
21766 14636
21770 14638
21774 14641
21778 14644
21782 14647
21786 14649
21790 14652
21794 14655
21798 14658
21802 14660
21806 14663
21810 14666
21814 14668
21818 14671
21822 14674
21826 14677
21830 14679
21834 14682
21838 14685
21842 14688
21846 14690
21850 14693
21854 14696
21858 14698
21862 14701
21866 14704
21870 14706
21874 14709
21878 14712
21882 14715
21886 14717
21890 14720
21894 14723
21898 14726
21902 14728
21906 14731
21910 14734
21914 14736
21918 14739
21922 14742
21926 14744
21930 14747
21934 14750
21938 14753
21942 14755
21946 14758
21950 14761
21954 14763
21958 14766
21962 14769
21966 14771
21970 14774
21974 14777
21978 14779
21982 14782
21986 14785
21990 14788
21994 14790
21998 14793
22002 14796
22006 14798
22010 14801
22014 14804
22018 14806
22022 14809
22026 14812
22030 14814
22034 14817
22038 14820
22042 14822
22046 14825
22050 14828
22054 14830
22058 14833
22062 14836
22066 14838
22070 14841
22074 14844
22078 14846
22082 14849
22086 14852
22090 14855
22094 14857
22098 14860
22102 14863
22106 14865
22110 14868
22114 14871
22118 14874
22122 14876
22126 14879
22130 14882
22134 14884
22138 14887
22142 14890
22146 14892
22150 14895
22154 14898
22158 14901
22162 14903
22166 14906
22170 14909
22174 14911
22178 14914
22182 14917
22186 14920
22190 14922
22194 14925
22198 14928
22202 14930
22206 14933
22210 14936
22214 14938
22218 14941
22222 14944
22226 14946
22230 14949
22234 14952
22238 14955
22242 14957
22246 14960
22250 14963
22254 14966
22258 14968
22262 14971
22266 14974
22270 14976
22274 14979
22278 14982
22282 14984
22286 14987
22290 14990
22294 14993
22298 14995
22302 14998
22306 15001
22310 15004
22314 15006
22318 15009
22322 15012
22326 15014
22330 15017
22334 15020
22338 15023
22342 15025
22346 15028
22350 15031
22354 15034
22358 15036
22362 15039
22366 15042
22370 15044
22374 15047
22378 15050
22382 15053
22386 15055
22390 15058
22394 15061
22398 15063
22402 15066
22406 15069
22410 15072
22414 15074
22418 15077
22422 15080
22426 15082
22430 15085
22434 15088
22438 15090
22442 15093
22446 15096
22450 15099
22454 15101
22458 15104
22462 15107
22466 15109
22470 15112
22474 15115
22478 15118
22482 15120
22486 15123
22490 15126
22494 15128
22498 15131
22502 15134
22506 15136
22510 15139
22514 15142
22518 15144
22522 15147
22526 15150
22530 15152
22534 15155
22538 15158
22542 15160
22546 15163
22550 15166
22554 15168
22558 15171
22562 15174
22566 15176
22570 15179
22574 15182
22578 15184
22582 15187
22586 15190
22590 15193
22594 15195
22598 15198
22602 15201
22606 15203
22610 15206
22614 15209
22618 15211
22622 15214
22626 15217
22630 15220
22634 15222
22638 15225
22642 15228
22646 15230
22650 15233
22654 15236
22658 15238
22662 15241
22666 15244
22670 15246
22674 15249
22678 15252
22682 15255
22686 15257
22690 15260
22694 15263
22698 15266
22702 15268
22706 15271
22710 15274
22714 15276
22718 15279
22722 15282
22726 15284
22730 15287
22734 15290
22738 15293
22742 15295
22746 15298
22750 15301
22754 15303
22758 15306
22762 15309
22766 15312
22770 15314
22774 15317
22778 15320
22782 15322
22786 15325
22790 15328
22794 15331
22798 15333
22802 15336
22806 15339
22810 15342
22814 15344
22818 15347
22822 15350
22826 15352
22830 15355
22834 15358
22838 15361
22842 15363
22846 15366
22850 15369
22854 15372
22858 15374
22862 15377
22866 15380
22870 15382
22874 15385
22878 15388
22882 15390
22886 15393
22890 15396
22894 15399
22898 15401
22902 15404
22906 15407
22910 15410
22914 15412
22918 15415
22922 15418
22926 15420
22930 15423
22934 15426
22938 15429
22942 15431
22946 15434
22950 15437
22954 15439
22958 15442
22962 15445
22966 15447
22970 15450
22974 15453
22978 15456
22982 15458
22986 15461
22990 15464
22994 15466
22998 15469
23002 15472
23006 15474
23010 15477
23014 15480
23018 15482
23022 15485
23026 15488
23030 15490
23034 15493
23038 15496
23042 15498
23046 15501
23050 15504
23054 15506
23058 15509
23062 15512
23066 15514
23070 15517
23074 15520
23078 15522
23082 15525
23086 15528
23090 15530
23094 15533
23098 15536
23102 15538
23106 15541
23110 15544
23114 15546
23118 15549
23122 15552
23126 15555
23130 15557
23134 15560
23138 15562
23142 15565
23146 15568
23150 15571
23154 15573
23158 15576
23162 15579
23166 15581
23170 15584
23174 15587
23178 15590
23182 15592
23186 15595
23190 15598
23194 15600
23198 15603
23202 15606
23206 15608
23210 15611
23214 15614
23218 15617
23222 15619
23226 15622
23230 15625
23234 15627
23238 15630
23242 15633
23246 15635
23250 15638
23254 15641
23258 15644
23262 15646
23266 15649
23270 15652
23274 15654
23278 15657
23282 15660
23286 15662
23290 15665
23294 15668
23298 15671
23302 15674
23306 15676
23310 15679
23314 15682
23318 15684
23322 15687
23326 15690
23330 15693
23334 15695
23338 15698
23342 15701
23346 15704
23350 15706
23354 15709
23358 15712
23362 15714
23366 15717
23370 15720
23374 15723
23378 15725
23382 15728
23386 15731
23390 15734
23394 15736
23398 15739
23402 15742
23406 15744
23410 15747
23414 15750
23418 15752
23422 15755
23426 15758
23430 15761
23434 15764
23438 15766
23442 15769
23446 15772
23450 15774
23454 15777
23458 15780
23462 15782
23466 15785
23470 15788
23474 15791
23478 15793
23482 15796
23486 15799
23490 15802
23494 15804
23498 15807
23502 15810
23506 15812
23510 15815
23514 15818
23518 15820
23522 15823
23526 15826
23530 15828
23534 15831
23538 15834
23542 15837
23546 15839
23550 15842
23554 15845
23558 15847
23562 15850
23566 15853
23570 15855
23574 15858
23578 15861
23582 15863
23586 15866
23590 15869
23594 15871
23598 15874
23602 15877
23606 15879
23610 15882
23614 15885
23618 15887
23622 15890
23626 15893
23630 15895
23634 15898
23638 15901
23642 15903
23646 15906
23650 15909
23654 15912
23658 15914
23662 15917
23666 15919
23670 15922
23674 15925
23678 15927
23682 15930
23686 15933
23690 15936
23694 15938
23698 15941
23702 15944
23706 15946
23710 15949
23714 15952
23718 15954
23722 15957
23726 15960
23730 15962
23734 15965
23738 15968
23742 15970
23746 15973
23750 15976
23754 15978
23758 15981
23762 15984
23766 15987
23770 15989
23774 15992
23778 15995
23782 15997
23786 16000
23790 16003
23794 16006
23798 16008
23802 16011
23806 16014
23810 16016
23814 16019
23818 16022
23822 16024
23826 16027
23830 16030
23834 16033
23838 16035
23842 16038
23846 16041
23850 16044
23854 16046
23858 16049
23862 16052
23866 16054
23870 16057
23874 16060
23878 16063
23882 16065
23886 16068
23890 16071
23894 16074
23898 16076
23902 16079
23906 16082
23910 16084
23914 16087
23918 16090
23922 16093
23926 16095
23930 16098
23934 16101
23938 16104
23942 16106
23946 16109
23950 16112
23954 16114
23958 16117
23962 16120
23966 16123
23970 16126
23974 16128
23978 16131
23982 16134
23986 16136
23990 16139
23994 16142
23998 16144
24002 16147
24006 16150
24010 16153
24014 16155
24018 16158
24022 16161
24026 16164
24030 16166
24034 16169
24038 16172
24042 16174
24046 16177
24050 16180
24054 16182
24058 16185
24062 16188
24066 16190
24070 16193
24074 16196
24078 16199
24082 16201
24086 16204
24090 16207
24094 16209
24098 16212
24102 16215
24106 16217
24110 16220
24114 16223
24118 16225
24122 16228
24126 16231
24130 16233
24134 16236
24138 16239
24142 16241
24146 16244
24150 16247
24154 16249
24158 16252
24162 16255
24166 16257
24170 16260
24174 16263
24178 16265
24182 16268
24186 16271
24190 16274
24194 16276
24198 16279
24202 16281
24206 16284
24210 16287
24214 16290
24218 16292
24222 16295
24226 16298
24230 16300
24234 16303
24238 16306
24242 16308
24246 16311
24250 16314
24254 16316
24258 16319
24262 16322
24266 16324
24270 16327
24274 16330
24278 16332
24282 16335
24286 16338
24290 16341
24294 16343
24298 16346
24302 16349
24306 16351
24310 16354
24314 16357
24318 16359
24322 16362
24326 16365
24330 16368
24334 16370
24338 16373
24342 16376
24346 16378
24350 16381
24354 16384
24358 16386
24362 16389
24366 16392
24370 16394
24374 16397
24378 16400
24382 16403
24386 16405
24390 16408
24394 16411
24398 16414
24402 16416
24406 16419
24410 16422
24414 16424
24418 16427
24422 16430
24426 16433
24430 16435
24434 16438
24438 16441
24442 16444
24446 16446
24450 16449
24454 16452
24458 16454
24462 16457
24466 16460
24470 16463
24474 16465
24478 16468
24482 16471
24486 16473
24490 16476
24494 16479
24498 16482
24502 16484
24506 16487
24510 16490
24514 16493
24518 16495
24522 16498
24526 16501
24530 16503
24534 16506
24538 16509
24542 16512
24546 16514
24550 16517
24554 16520
24558 16523
24562 16525
24566 16528
24570 16531
24574 16533
24578 16536
24582 16539
24586 16542
24590 16544
24594 16547
24598 16550
24602 16552
24606 16555
24610 16558
24614 16560
24618 16563
24622 16566
24626 16568
24630 16571
24634 16574
24638 16576
24642 16579
24646 16582
24650 16585
24654 16587
24658 16590
24662 16593
24666 16595
24670 16598
24674 16601
24678 16603
24682 16606
24686 16609
24690 16611
24694 16614
24698 16617
24702 16619
24706 16622
24710 16625
24714 16628
24718 16630
24722 16633
24726 16636
24730 16638
24734 16641
24738 16644
24742 16646
24746 16649
24750 16652
24754 16654
24758 16657
24762 16660
24766 16662
24770 16665
24774 16668
24778 16670
24782 16673
24786 16676
24790 16679
24794 16681
24798 16684
24802 16687
24806 16689
24810 16692
24814 16695
24818 16697
24822 16700
24826 16703
24830 16706
24834 16708
24838 16711
24842 16714
24846 16716
24850 16719
24854 16722
24858 16724
24862 16727
24866 16730
24870 16732
24874 16735
24878 16738
24882 16740
24886 16743
24890 16746
24894 16749
24898 16751
24902 16754
24906 16757
24910 16759
24914 16762
24918 16765
24922 16768
24926 16770
24930 16773
24934 16776
24938 16778
24942 16781
24946 16784
24950 16786
24954 16789
24958 16792
24962 16795
24966 16797
24970 16800
24974 16803
24978 16806
24982 16808
24986 16811
24990 16814
24994 16816
24998 16819
25002 16822
25006 16825
25010 16827
25014 16830
25018 16833
25022 16836
25026 16838
25030 16841
25034 16844
25038 16846
25042 16849
25046 16852
25050 16854
25054 16857
25058 16860
25062 16863
25066 16865
25070 16868
25074 16871
25078 16874
25082 16876
25086 16879
25090 16882
25094 16884
25098 16887
25102 16890
25106 16892
25110 16895
25114 16898
25118 16901
25122 16903
25126 16906
25130 16909
25134 16911
25138 16914
25142 16917
25146 16920
25150 16922
25154 16925
25158 16928
25162 16930
25166 16933
25170 16936
25174 16938
25178 16941
25182 16944
25186 16946
25190 16949
25194 16952
25198 16954
25202 16957
25206 16960
25210 16962
25214 16965
25218 16968
25222 16970
25226 16973
25230 16976
25234 16978
25238 16981
25242 16984
25246 16987
25250 16989
25254 16992
25258 16995
25262 16998
25266 17000
25270 17003
25274 17005
25278 17008
25282 17011
25286 17014
25290 17016
25294 17019
25298 17022
25302 17024
25306 17027
25310 17030
25314 17032
25318 17035
25322 17038
25326 17041
25330 17043
25334 17046
25338 17049
25342 17051
25346 17054
25350 17057
25354 17060
25358 17062
25362 17065
25366 17068
25370 17070
25374 17073
25378 17076
25382 17078
25386 17081
25390 17084
25394 17086
25398 17089
25402 17092
25406 17094
25410 17097
25414 17100
25418 17103
25422 17105
25426 17108
25430 17111
25434 17113
25438 17116
25442 17119
25446 17122
25450 17124
25454 17127
25458 17130
25462 17132
25466 17135
25470 17138
25474 17140
25478 17143
25482 17146
25486 17149
25490 17151
25494 17154
25498 17157
25502 17160
25506 17162
25510 17165
25514 17168
25518 17170
25522 17173
25526 17176
25530 17179
25534 17181
25538 17184
25542 17187
25546 17189
25550 17192
25554 17195
25558 17198
25562 17200
25566 17203
25570 17206
25574 17208
25578 17211
25582 17214
25586 17216
25590 17219
25594 17222
25598 17225
25602 17228
25606 17230
25610 17233
25614 17236
25618 17238
25622 17241
25626 17244
25630 17246
25634 17249
25638 17252
25642 17254
25646 17257
25650 17260
25654 17262
25658 17265
25662 17268
25666 17271
25670 17273
25674 17276
25678 17279
25682 17282
25686 17284
25690 17287
25694 17289
25698 17292
25702 17295
25706 17298
25710 17300
25714 17303
25718 17306
25722 17308
25726 17311
25730 17314
25734 17316
25738 17319
25742 17322
25746 17324
25750 17327
25754 17330
25758 17332
25762 17335
25766 17338
25770 17340
25774 17343
25778 17346
25782 17348
25786 17351
25790 17354
25794 17356
25798 17359
25802 17362
25806 17365
25810 17367
25814 17370
25818 17373
25822 17375
25826 17378
25830 17381
25834 17384
25838 17386
25842 17389
25846 17392
25850 17394
25854 17397
25858 17400
25862 17402
25866 17405
25870 17408
25874 17410
25878 17413
25882 17416
25886 17419
25890 17421
25894 17424
25898 17427
25902 17430
25906 17432
25910 17435
25914 17438
25918 17440
25922 17443
25926 17446
25930 17448
25934 17451
25938 17454
25942 17457
25946 17459
25950 17462
25954 17465
25958 17468
25962 17470
25966 17473
25970 17476
25974 17478
25978 17481
25982 17484
25986 17486
25990 17489
25994 17492
25998 17495
26002 17497
26006 17500
26010 17503
26014 17506
26018 17508
26022 17511
26026 17514
26030 17516
26034 17519
26038 17522
26042 17524
26046 17527
26050 17530
26054 17533
26058 17535
26062 17538
26066 17541
26070 17544
26074 17546
26078 17549
26082 17552
26086 17554
26090 17557
26094 17560
26098 17563
26102 17565
26106 17568
26110 17571
26114 17574
26118 17576
26122 17579
26126 17582
26130 17584
26134 17587
26138 17590
26142 17592
26146 17595
26150 17598
26154 17600
26158 17603
26162 17606
26166 17609
26170 17611
26174 17614
26178 17617
26182 17619
26186 17622
26190 17625
26194 17627
26198 17630
26202 17633
26206 17636
26210 17638
26214 17641
26218 17644
26222 17646
26226 17649
26230 17652
26234 17654
26238 17657
26242 17660
26246 17662
26250 17665
26254 17668
26258 17670
26262 17673
26266 17676
26270 17678
26274 17681
26278 17684
26282 17686
26286 17689
26290 17692
26294 17694
26298 17697
26302 17700
26306 17702
26310 17705
26314 17708
26318 17710
26322 17713
26326 17716
26330 17718
26334 17721
26338 17724
26342 17726
26346 17729
26350 17732
26354 17734
26358 17737
26362 17740
26366 17743
26370 17745
26374 17748
26378 17751
26382 17754
26386 17756
26390 17759
26394 17762
26398 17764
26402 17767
26406 17770
26410 17772
26414 17775
26418 17778
26422 17780
26426 17783
26430 17786
26434 17788
26438 17791
26442 17794
26446 17797
26450 17799
26454 17802
26458 17805
26462 17808
26466 17810
26470 17813
26474 17816
26478 17818
26482 17821
26486 17824
26490 17826
26494 17829
26498 17832
26502 17835
26506 17837
26510 17840
26514 17843
26518 17846
26522 17848
26526 17851
26530 17854
26534 17856
26538 17859
26542 17862
26546 17865
26550 17867
26554 17870
26558 17873
26562 17876
26566 17878
26570 17881
26574 17884
26578 17886
26582 17889
26586 17892
26590 17895
26594 17897
26598 17900
26602 17903
26606 17906
26610 17908
26614 17911
26618 17914
26622 17916
26626 17919
26630 17922
26634 17925
26638 17928
26642 17930
26646 17933
26650 17936
26654 17938
26658 17941
26662 17944
26666 17946
26670 17949
26674 17952
26678 17955
26682 17957
26686 17960
26690 17963
26694 17965
26698 17968
26702 17971
26706 17974
26710 17976
26714 17979
26718 17982
26722 17984
26726 17987
26730 17990
26734 17992
26738 17995
26742 17998
26746 18000
26750 18003
26754 18006
26758 18008
26762 18011
26766 18014
26770 18016
26774 18019
26778 18022
26782 18024
26786 18027
26790 18030
26794 18032
26798 18035
26802 18038
26806 18040
26810 18043
26814 18046
26818 18048
26822 18051
26826 18054
26830 18056
26834 18059
26838 18062
26842 18064
26846 18067
26850 18070
26854 18072
26858 18075
26862 18078
26866 18080
26870 18083
26874 18086
26878 18088
26882 18091
26886 18094
26890 18096
26894 18099
26898 18102
26902 18105
26906 18107
26910 18110
26914 18113
26918 18115
26922 18118
26926 18121
26930 18123
26934 18126
26938 18129
26942 18131
26946 18134
26950 18137
26954 18140
26958 18142
26962 18145
26966 18148
26970 18150
26974 18153
26978 18156
26982 18158
26986 18161
26990 18164
26994 18167
26998 18169
27002 18172
27006 18175
27010 18177
27014 18180
27018 18183
27022 18186
27026 18188
27030 18191
27034 18194
27038 18196
27042 18199
27046 18202
27050 18205
27054 18207
27058 18210
27062 18213
27066 18216
27070 18218
27074 18221
27078 18224
27082 18226
27086 18229
27090 18232
27094 18235
27098 18237
27102 18240
27106 18243
27110 18246
27114 18248
27118 18251
27122 18254
27126 18256
27130 18259
27134 18262
27138 18265
27142 18267
27146 18270
27150 18273
27154 18276
27158 18278
27162 18281
27166 18284
27170 18286
27174 18289
27178 18292
27182 18295
27186 18297
27190 18300
27194 18303
27198 18306
27202 18308
27206 18311
27210 18314
27214 18316
27218 18319
27222 18322
27226 18325
27230 18327
27234 18330
27238 18333
27242 18336
27246 18338
27250 18341
27254 18344
27258 18346
27262 18349
27266 18352
27270 18354
27274 18357
27278 18360
27282 18362
27286 18365
27290 18368
27294 18370
27298 18373
27302 18376
27306 18378
27310 18381
27314 18384
27318 18386
27322 18389
27326 18392
27330 18394
27334 18397
27338 18400
27342 18402
27346 18405
27350 18408
27354 18410
27358 18413
27362 18416
27366 18418
27370 18421
27374 18424
27378 18427
27382 18429
27386 18432
27390 18435
27394 18437
27398 18440
27402 18443
27406 18445
27410 18448
27414 18451
27418 18453
27422 18456
27426 18459
27430 18461
27434 18464
27438 18467
27442 18470
27446 18472
27450 18475
27454 18478
27458 18480
27462 18483
27466 18486
27470 18488
27474 18491
27478 18494
27482 18496
27486 18499
27490 18502
27494 18504
27498 18507
27502 18510
27506 18512
27510 18515
27514 18518
27518 18520
27522 18523
27526 18526
27530 18529
27534 18531
27538 18534
27542 18537
27546 18540
27550 18542
27554 18545
27558 18548
27562 18550
27566 18553
27570 18556
27574 18558
27578 18561
27582 18564
27586 18566
27590 18569
27594 18572
27598 18575
27602 18578
27606 18580
27610 18583
27614 18586
27618 18588
27622 18591
27626 18594
27630 18596
27634 18599
27638 18602
27642 18605
27646 18607
27650 18610
27654 18613
27658 18616
27662 18618
27666 18621
27670 18624
27674 18626
27678 18629
27682 18632
27686 18634
27690 18637
27694 18640
27698 18643
27702 18646
27706 18648
27710 18651
27714 18654
27718 18656
27722 18659
27726 18662
27730 18664
27734 18667
27738 18670
27742 18673
27746 18676
27750 18678
27754 18681
27758 18684
27762 18686
27766 18689
27770 18692
27774 18694
27778 18697
27782 18700
27786 18702
27790 18705
27794 18708
27798 18711
27802 18714
27806 18716
27810 18719
27814 18722
27818 18724
27822 18727
27826 18730
27830 18732
27834 18735
27838 18738
27842 18740
27846 18743
27850 18746
27854 18748
27858 18751
27862 18754
27866 18756
27870 18759
27874 18762
27878 18764
27882 18767
27886 18770
27890 18772
27894 18775
27898 18778
27902 18780
27906 18783
27910 18786
27914 18789
27918 18791
27922 18794
27926 18797
27930 18799
27934 18802
27938 18805
27942 18807
27946 18810
27950 18813
27954 18815
27958 18818
27962 18821
27966 18824
27970 18826
27974 18829
27978 18832
27982 18834
27986 18837
27990 18840
27994 18842
27998 18845
28002 18848
28006 18850
28010 18853
28014 18856
28018 18858
28022 18861
28026 18864
28030 18866
28034 18869
28038 18872
28042 18874
28046 18877
28050 18880
28054 18883
28058 18886
28062 18888
28066 18891
28070 18894
28074 18896
28078 18899
28082 18902
28086 18904
28090 18907
28094 18910
28098 18912
28102 18915
28106 18918
28110 18920
28114 18923
28118 18926
28122 18929
28126 18931
28130 18934
28134 18937
28138 18940
28142 18942
28146 18945
28150 18948
28154 18950
28158 18953
28162 18956
28166 18958
28170 18961
28174 18964
28178 18967
28182 18969
28186 18972
28190 18975
28194 18978
28198 18980
28202 18983
28206 18986
28210 18988
28214 18991
28218 18994
28222 18996
28226 18999
28230 19002
28234 19005
28238 19007
28242 19010
28246 19013
28250 19016
28254 19018
28258 19021
28262 19024
28266 19026
28270 19029
28274 19032
28278 19035
28282 19037
28286 19040
28290 19043
28294 19045
28298 19048
28302 19051
28306 19054
28310 19056
28314 19059
28318 19062
28322 19064
28326 19067
28330 19070
28334 19072
28338 19075
28342 19078
28346 19081
28350 19083
28354 19086
28358 19089
28362 19091
28366 19094
28370 19097
28374 19099
28378 19102
28382 19105
28386 19107
28390 19110
28394 19113
28398 19116
28402 19118
28406 19121
28410 19124
28414 19126
28418 19129
28422 19132
28426 19134
28430 19137
28434 19140
28438 19142
28442 19145
28446 19148
28450 19150
28454 19153
28458 19156
28462 19158
28466 19161
28470 19164
28474 19166
28478 19169
28482 19172
28486 19174
28490 19177
28494 19180
28498 19183
28502 19185
28506 19188
28510 19191
28514 19194
28518 19196
28522 19199
28526 19202
28530 19204
28534 19207
28538 19210
28542 19212
28546 19215
28550 19218
28554 19220
28558 19223
28562 19226
28566 19228
28570 19231
28574 19234
28578 19237
28582 19239
28586 19242
28590 19245
28594 19248
28598 19250
28602 19253
28606 19256
28610 19258
28614 19261
28618 19264
28622 19266
28626 19269
28630 19272
28634 19274
28638 19277
28642 19280
28646 19283
28650 19285
28654 19288
28658 19291
28662 19294
28666 19296
28670 19299
28674 19302
28678 19304
28682 19307
28686 19310
28690 19312
28694 19315
28698 19318
28702 19321
28706 19323
28710 19326
28714 19329
28718 19331
28722 19334
28726 19337
28730 19340
28734 19342
28738 19345
28742 19348
28746 19350
28750 19353
28754 19356
28758 19359
28762 19361
28766 19364
28770 19367
28774 19370
28778 19372
28782 19375
28786 19378
28790 19380
28794 19383
28798 19386
28802 19388
28806 19391
28810 19394
28814 19397
28818 19399
28822 19402
28826 19405
28830 19407
28834 19410
28838 19413
28842 19416
28846 19418
28850 19421
28854 19424
28858 19426
28862 19429
28866 19432
28870 19434
28874 19437
28878 19440
28882 19442
28886 19445
28890 19448
28894 19450
28898 19453
28902 19456
28906 19458
28910 19461
28914 19464
28918 19466
28922 19469
28926 19472
28930 19474
28934 19477
28938 19480
28942 19482
28946 19485
28950 19488
28954 19490
28958 19493
28962 19496
28966 19498
28970 19501
28974 19504
28978 19507
28982 19509
28986 19512
28990 19515
28994 19517
28998 19520
29002 19523
29006 19525
29010 19528
29014 19531
29018 19534
29022 19536
29026 19539
29030 19542
29034 19544
29038 19547
29042 19550
29046 19552
29050 19555
29054 19558
29058 19560
29062 19563
29066 19566
29070 19568
29074 19571
29078 19574
29082 19577
29086 19579
29090 19582
29094 19585
29098 19588
29102 19590
29106 19593
29110 19596
29114 19598
29118 19601
29122 19604
29126 19606
29130 19609
29134 19612
29138 19615
29142 19617
29146 19620
29150 19623
29154 19626
29158 19628
29162 19631
29166 19634
29170 19636
29174 19639
29178 19642
29182 19644
29186 19647
29190 19650
29194 19653
29198 19655
29202 19658
29206 19661
29210 19664
29214 19666
29218 19669
29222 19672
29226 19674
29230 19677
29234 19680
29238 19682
29242 19685
29246 19688
29250 19691
29254 19693
29258 19696
29262 19699
29266 19702
29270 19704
29274 19707
29278 19710
29282 19712
29286 19715
29290 19718
29294 19720
29298 19723
29302 19726
29306 19729
29310 19732
29314 19734
29318 19737
29322 19740
29326 19742
29330 19745
29334 19748
29338 19750
29342 19753
29346 19756
29350 19758
29354 19761
29358 19764
29362 19766
29366 19769
29370 19772
29374 19775
29378 19777
29382 19780
29386 19783
29390 19785
29394 19788
29398 19791
29402 19794
29406 19796
29410 19799
29414 19802
29418 19804
29422 19807
29426 19810
29430 19812
29434 19815
29438 19818
29442 19820
29446 19823
29450 19826
29454 19828
29458 19831
29462 19834
29466 19836
29470 19839
29474 19842
29478 19844
29482 19847
29486 19850
29490 19852
29494 19855
29498 19858
29502 19860
29506 19863
29510 19866
29514 19868
29518 19871
29522 19874
29526 19876
29530 19879
29534 19882
29538 19884
29542 19887
29546 19890
29550 19893
29554 19895
29558 19898
29562 19901
29566 19903
29570 19906
29574 19909
29578 19912
29582 19914
29586 19917
29590 19920
29594 19922
29598 19925
29602 19928
29606 19930
29610 19933
29614 19936
29618 19938
29622 19941
29626 19944
29630 19947
29634 19949
29638 19952
29642 19955
29646 19957
29650 19960
29654 19963
29658 19966
29662 19968
29666 19971
29670 19974
29674 19976
29678 19979
29682 19982
29686 19984
29690 19987
29694 19990
29698 19993
29702 19995
29706 19998
29710 20001
29714 20004
29718 20006
29722 20009
29726 20012
29730 20014
29734 20017
29738 20020
29742 20023
29746 20025
29750 20028
29754 20031
29758 20034
29762 20036
29766 20039
29770 20042
29774 20044
29778 20047
29782 20050
29786 20053
29790 20056
29794 20058
29798 20061
29802 20064
29806 20066
29810 20069
29814 20072
29818 20074
29822 20077
29826 20080
29830 20083
29834 20086
29838 20088
29842 20091
29846 20094
29850 20096
29854 20099
29858 20102
29862 20104
29866 20107
29870 20110
29874 20113
29878 20115
29882 20118
29886 20121
29890 20123
29894 20126
29898 20129
29902 20132
29906 20134
29910 20137
29914 20140
29918 20142
29922 20145
29926 20148
29930 20150
29934 20153
29938 20156
29942 20158
29946 20161
29950 20164
29954 20166
29958 20169
29962 20172
29966 20174
29970 20177
29974 20180
29978 20182
29982 20185
29986 20188
29990 20190
29994 20193
29998 20196
