10 0
14 0
18 0
22 0
26 0
30 0
34 0
38 0
42 25
46 22
50 45
54 40
58 61
62 80
66 72
70 90
74 106
78 145
82 156
86 165
90 198
94 203
98 233
102 235
106 261
110 285
114 306
118 301
122 321
126 339
130 355
134 369
138 382
142 394
146 429
150 436
154 443
158 448
162 479
166 481
170 483
174 509
178 508
182 507
186 532
190 528
194 550
198 545
202 566
206 584
210 576
214 593
218 584
222 600
226 615
230 604
234 618
238 631
242 618
246 631
250 643
254 629
258 641
262 652
266 661
270 645
274 656
278 665
282 674
286 656
290 665
294 674
298 681
302 688
306 694
310 675
314 682
318 689
322 695
326 701
330 680
334 712
338 691
342 697
346 702
350 707
354 711
358 715
362 718
366 722
370 724
374 702
378 707
382 711
386 715
390 718
394 721
398 724
402 727
406 729
410 731
414 733
418 735
422 736
426 737
430 739
434 740
438 741
442 742
446 742
450 743
454 744
458 744
462 745
466 745
470 746
474 746
478 746
482 747
486 747
490 747
494 747
498 748
502 748
506 748
510 748
514 748
518 748
522 749
526 749
530 749
534 749
538 749
542 749
546 749
550 749
554 749
558 749
562 749
566 749
570 749
574 749
578 749
582 749
586 749
590 749
594 749
598 749
602 749
606 749
610 749
614 749
618 774
622 747
626 772
630 770
634 768
638 766
642 764
646 763
650 762
654 760
658 759
662 758
666 757
670 757
674 756
678 755
682 755
686 754
690 754
694 753
698 753
702 753
706 752
710 752
714 752
718 752
722 751
726 751
730 751
734 751
738 751
742 751
746 750
750 750
754 750
758 750
762 750
766 750
770 750
774 750
778 750
782 750
786 750
790 750
794 750
798 750
802 750
806 750
810 750
814 750
818 750
822 750
826 750
830 750
834 750
838 750
842 750
846 750
850 750
854 750
858 750
862 750
866 750
870 750
874 750
878 750
882 750
886 750
890 750
894 775
898 747
902 772
906 745
910 770
914 768
918 766
922 765
926 763
930 762
934 761
938 760
942 759
946 758
950 757
954 756
958 755
962 755
966 754
970 754
974 753
978 753
982 753
986 752
990 752
994 752
998 752
1002 776
1006 774
1010 771
1014 769
1018 767
1022 765
1026 764
1030 762
1034 761
1038 760
1042 759
1046 758
1050 757
1054 756
1058 756
1062 755
1066 754
1070 779
1074 776
1078 773
1082 771
1086 769
1090 767
1094 765
1098 764
1102 762
1106 761
1110 760
1114 759
1118 758
1122 757
1126 756
1130 756
1134 755
1138 779
1142 776
1146 774
1150 771
1154 769
1158 767
1162 765
1166 764
1170 762
1174 761
1178 760
1182 759
1186 758
1190 757
1194 756
1198 756
1202 755
1206 754
1210 754
1214 754
1218 753
1222 753
1226 752
1230 752
1234 752
1238 752
1242 751
1246 751
1250 751
1254 751
1258 751
1262 751
1266 751
1270 750
1274 750
1278 750
1282 750
1286 750
1290 750
1294 750
1298 750
1302 750
1306 750
1310 750
1314 750
1318 750
1322 750
1326 750
1330 750
1334 750
1338 750
1342 750
1346 750
1350 750
1354 750
1358 750
1362 750
1366 750
1370 750
1374 750
1378 750
1382 750
1386 750
1390 750
1394 750
1398 750
1402 750
1406 750
1410 750
1414 750
1418 750
1422 775
1426 747
1430 772
1434 745
1438 770
1442 768
1446 766
1450 765
1454 763
1458 762
1462 761
1466 760
1470 759
1474 758
1478 757
1482 756
1486 755
1490 755
1494 754
1498 754
1502 753
1506 753
1510 753
1514 777
1518 775
1522 772
1526 770
1530 768
1534 766
1538 764
1542 763
1546 761
1550 760
1554 759
1558 758
1562 757
1566 757
1570 756
1574 755
1578 755
1582 779
1586 751
1590 776
1594 748
1598 773
1602 771
1606 769
1610 767
1614 765
1618 764
1622 762
1626 761
1630 760
1634 759
1638 758
1642 757
1646 756
1650 756
1654 755
1658 754
1662 754
1666 778
1670 751
1674 775
1678 748
1682 773
1686 771
1690 769
1694 767
1698 765
1702 763
1706 762
1710 761
1714 760
1718 759
1722 758
1726 757
1730 756
1734 755
1738 755
1742 754
1746 754
1750 753
1754 753
1758 753
1762 752
1766 752
1770 752
1774 752
1778 751
1782 751
1786 751
1790 751
1794 751
1798 751
1802 750
1806 750
1810 750
1814 750
1818 750
1822 750
1826 750
1830 750
1834 750
1838 750
1842 750
1846 750
1850 750
1854 750
1858 750
1862 775
1866 747
1870 772
1874 745
1878 771
1882 743
1886 769
1890 767
1894 765
1898 764
1902 762
1906 761
1910 760
1914 759
1918 758
1922 757
1926 756
1930 756
1934 755
1938 754
1942 754
1946 754
1950 753
1954 753
1958 752
1962 752
1966 752
1970 752
1974 751
1978 751
1982 751
1986 776
1990 748
1994 773
1998 771
2002 769
2006 767
2010 765
2014 764
2018 762
2022 761
2026 760
2030 759
2034 758
2038 757
2042 756
2046 756
2050 755
2054 754
2058 754
2062 753
2066 753
2070 753
2074 752
2078 777
2082 749
2086 774
2090 772
2094 770
2098 768
2102 766
2106 764
2110 763
2114 761
2118 760
2122 759
2126 758
2130 757
2134 757
2138 756
2142 755
2146 755
2150 754
2154 754
2158 753
2162 753
2166 753
2170 752
2174 752
2178 752
2182 751
2186 751
2190 751
2194 751
2198 751
2202 751
2206 751
2210 750
2214 750
2218 750
2222 750
2226 750
2230 750
2234 750
2238 750
2242 775
2246 747
2250 773
2254 745
2258 746
2262 746
2266 771
2270 769
2274 767
2278 765
2282 764
2286 762
2290 761
2294 760
2298 759
2302 758
2306 757
2310 756
2314 756
2318 755
2322 755
2326 754
2330 754
2334 753
2338 753
2342 752
2346 752
2350 752
2354 752
2358 751
2362 751
2366 751
2370 751
2374 751
2378 751
2382 751
2386 750
2390 750
2394 750
2398 775
2402 748
2406 773
2410 770
2414 768
2418 766
2422 765
2426 763
2430 762
2434 761
2438 760
2442 759
2446 758
2450 757
2454 756
2458 755
2462 755
2466 754
2470 754
2474 753
2478 753
2482 753
2486 752
2490 777
2494 774
2498 772
2502 770
2506 768
2510 766
2514 764
2518 763
2522 761
2526 760
2530 759
2534 758
2538 757
2542 757
2546 756
2550 755
2554 755
2558 754
2562 754
2566 753
2570 753
2574 753
2578 752
2582 752
2586 777
2590 774
2594 747
2598 772
2602 745
2606 770
2610 768
2614 766
2618 765
2622 763
2626 762
2630 760
2634 759
2638 758
2642 757
2646 757
2650 756
2654 755
2658 755
2662 754
2666 754
2670 753
2674 753
2678 753
2682 752
2686 752
2690 752
2694 752
2698 751
2702 751
2706 751
2710 751
2714 751
2718 751
2722 750
2726 750
2730 750
2734 750
2738 750
2742 750
2746 750
2750 750
2754 750
2758 750
2762 750
2766 750
2770 750
2774 750
2778 750
2782 750
2786 750
2790 750
2794 750
2798 750
2802 750
2806 750
2810 750
2814 750
2818 750
2822 750
2826 750
2830 750
2834 750
2838 750
2842 750
2846 750
2850 775
2854 747
2858 772
2862 745
2866 770
2870 768
2874 766
2878 765
2882 763
2886 762
2890 761
2894 760
2898 759
2902 758
2906 757
2910 756
2914 755
2918 755
2922 754
2926 754
2930 753
2934 753
2938 753
2942 777
2946 775
2950 772
2954 770
2958 768
2962 766
2966 764
2970 763
2974 761
2978 760
2982 759
2986 758
2990 757
2994 757
2998 756
3002 755
3006 755
3010 754
3014 754
3018 778
3022 750
3026 775
3030 773
3034 770
3038 768
3042 766
3046 765
3050 763
3054 762
3058 761
3062 759
3066 758
3070 758
3074 757
3078 756
3082 755
3086 755
3090 754
3094 754
3098 753
3102 753
3106 753
3110 752
3114 752
3118 752
3122 752
3126 751
3130 751
3134 751
3138 751
3142 751
3146 751
3150 750
3154 750
3158 750
3162 750
3166 750
3170 750
3174 750
3178 750
3182 750
3186 750
3190 750
3194 750
3198 750
3202 750
3206 750
3210 750
3214 750
3218 750
3222 750
3226 750
3230 750
3234 750
3238 750
3242 750
3246 750
3250 750
3254 750
3258 750
3262 750
3266 750
3270 750
3274 750
3278 750
3282 750
3286 750
3290 750
3294 750
3298 750
3302 775
3306 747
3310 772
3314 745
3318 770
3322 743
3326 769
3330 767
3334 765
3338 764
3342 762
3346 761
3350 760
3354 759
3358 758
3362 757
3366 756
3370 756
3374 755
3378 754
3382 754
3386 754
3390 753
3394 753
3398 752
3402 752
3406 752
3410 752
3414 751
3418 776
3422 749
3426 774
3430 771
3434 769
3438 767
3442 765
3446 764
3450 762
3454 761
3458 760
3462 759
3466 758
3470 757
3474 756
3478 756
3482 755
3486 754
3490 754
3494 754
3498 753
3502 778
3506 775
3510 772
3514 770
3518 768
3522 766
3526 765
3530 763
3534 762
3538 760
3542 759
3546 758
3550 757
3554 757
3558 756
3562 755
3566 755
3570 754
3574 754
3578 753
3582 753
3586 753
3590 752
3594 752
3598 752
3602 752
3606 751
3610 751
3614 751
3618 751
3622 751
3626 751
3630 750
3634 750
3638 750
3642 750
3646 750
3650 750
3654 750
3658 750
3662 750
3666 775
3670 747
3674 748
3678 748
3682 748
3686 748
3690 748
3694 748
3698 773
3702 746
3706 771
3710 744
3714 770
3718 743
3722 768
3726 767
3730 765
3734 763
3738 762
3742 761
3746 760
3750 759
3754 758
3758 757
3762 756
3766 755
3770 755
3774 754
3778 754
3782 753
3786 753
3790 753
3794 752
3798 752
3802 752
3806 752
3810 751
3814 751
3818 751
3822 751
3826 751
3830 751
3834 750
3838 750
3842 750
3846 750
3850 750
3854 750
3858 750
3862 750
3866 750
3870 750
3874 750
3878 750
3882 750
3886 775
3890 747
3894 772
3898 770
3902 768
3906 766
3910 765
3914 763
3918 762
3922 760
3926 759
3930 758
3934 758
3938 757
3942 756
3946 755
3950 755
3954 754
3958 754
3962 753
3966 753
3970 753
3974 752
3978 752
3982 752
3986 752
3990 751
3994 776
3998 748
4002 774
4006 746
4010 772
4014 769
4018 767
4022 766
4026 764
4030 762
4034 761
4038 760
4042 759
4046 758
4050 757
4054 756
4058 756
4062 755
4066 755
4070 754
4074 754
4078 753
4082 753
4086 752
4090 752
4094 752
4098 752
4102 751
4106 751
4110 751
4114 751
4118 751
4122 751
4126 751
4130 750
4134 750
4138 750
4142 750
4146 750
4150 750
4154 750
4158 750
4162 750
4166 750
4170 750
4174 750
4178 750
4182 750
4186 750
4190 750
4194 750
4198 750
4202 750
4206 750
4210 750
4214 775
4218 747
4222 772
4226 745
4230 770
4234 768
4238 767
4242 765
4246 763
4250 762
4254 761
4258 760
4262 759
4266 758
4270 757
4274 756
4278 755
4282 755
4286 754
4290 754
4294 753
4298 753
4302 753
4306 752
4310 752
4314 752
4318 752
4322 776
4326 749
4330 774
4334 771
4338 769
4342 767
4346 765
4350 764
4354 762
4358 761
4362 760
4366 759
4370 758
4374 757
4378 756
4382 756
4386 755
4390 754
4394 754
4398 754
4402 753
4406 753
4410 752
4414 752
4418 752
4422 777
4426 749
4430 774
4434 772
4438 769
4442 767
4446 766
4450 764
4454 763
4458 761
4462 760
4466 759
4470 758
4474 757
4478 756
4482 756
4486 755
4490 755
4494 754
4498 754
4502 753
4506 753
4510 752
4514 752
4518 752
4522 752
4526 751
4530 751
4534 751
4538 751
4542 751
4546 751
4550 751
4554 750
4558 750
4562 750
4566 750
4570 750
4574 750
4578 750
4582 750
4586 750
4590 750
4594 750
4598 750
4602 750
4606 750
4610 750
4614 750
4618 750
4622 750
4626 750
4630 750
4634 750
4638 750
4642 750
4646 750
4650 750
4654 750
4658 750
4662 750
4666 750
4670 750
4674 750
4678 750
4682 750
4686 750
4690 750
4694 750
4698 750
4702 750
4706 750
4710 750
4714 750
4718 750
4722 750
4726 750
4730 750
4734 750
4738 750
4742 750
4746 775
4750 747
4754 772
4758 770
4762 768
4766 766
4770 764
4774 763
4778 762
4782 760
4786 759
4790 758
4794 757
4798 757
4802 756
4806 755
4810 755
4814 754
4818 754
4822 753
4826 753
4830 753
4834 752
4838 752
4842 752
4846 777
4850 774
4854 771
4858 769
4862 767
4866 765
4870 764
4874 762
4878 761
4882 760
4886 759
4890 758
4894 757
4898 756
4902 756
4906 755
4910 755
4914 754
4918 754
4922 753
4926 753
4930 777
4934 775
4938 772
4942 770
4946 768
4950 766
4954 764
4958 763
4962 762
4966 760
4970 759
4974 758
4978 757
4982 757
4986 756
4990 755
4994 755
4998 754
5002 754
5006 753
5010 753
5014 753
5018 752
5022 752
5026 752
5030 752
5034 751
5038 751
5042 751
5046 751
5050 751
5054 751
5058 750
5062 750
5066 750
5070 750
5074 750
5078 750
5082 750
5086 750
5090 750
5094 750
5098 750
5102 750
5106 750
5110 750
5114 750
5118 750
5122 750
5126 750
5130 750
5134 750
5138 750
5142 750
5146 750
5150 750
5154 750
5158 750
5162 750
5166 750
5170 750
5174 750
5178 750
5182 750
5186 750
5190 750
5194 750
5198 750
5202 750
5206 750
5210 750
5214 750
5218 750
5222 750
5226 750
5230 775
5234 747
5238 772
5242 745
5246 770
5250 743
5254 769
5258 767
5262 765
5266 764
5270 762
5274 761
5278 760
5282 759
5286 758
5290 757
5294 756
5298 756
5302 755
5306 754
5310 754
5314 754
5318 753
5322 753
5326 752
5330 752
5334 752
5338 752
5342 751
5346 776
5350 774
5354 771
5358 769
5362 767
5366 765
5370 764
5374 762
5378 761
5382 760
5386 759
5390 758
5394 757
5398 756
5402 756
5406 755
5410 754
5414 754
5418 754
5422 778
5426 750
5430 775
5434 748
5438 773
5442 770
5446 768
5450 766
5454 765
5458 763
5462 762
5466 761
5470 760
5474 759
5478 758
5482 757
5486 756
5490 755
5494 755
5498 754
5502 754
5506 753
5510 753
5514 753
5518 752
5522 752
5526 752
5530 752
5534 751
5538 751
5542 751
5546 751
5550 751
5554 751
5558 750
5562 750
5566 750
5570 750
5574 750
5578 750
5582 750
5586 750
5590 750
5594 750
5598 750
5602 750
5606 750
5610 750
5614 750
5618 750
5622 750
5626 750
5630 750
5634 750
5638 750
5642 750
5646 750
5650 750
5654 750
5658 750
5662 750
5666 750
5670 750
5674 775
5678 747
5682 772
5686 745
5690 770
5694 743
5698 769
5702 767
5706 765
5710 764
5714 762
5718 761
5722 760
5726 759
5730 758
5734 757
5738 756
5742 756
5746 755
5750 754
5754 754
5758 754
5762 753
5766 753
5770 752
5774 752
5778 752
5782 752
5786 751
5790 751
5794 751
5798 751
5802 751
5806 751
5810 751
5814 750
5818 750
5822 775
5826 773
5830 770
5834 768
5838 766
5842 765
5846 763
5850 762
5854 761
5858 759
5862 758
5866 758
5870 757
5874 756
5878 755
5882 755
5886 754
5890 754
5894 753
5898 753
5902 753
5906 752
5910 752
5914 752
5918 752
5922 751
5926 751
5930 751
5934 751
5938 751
5942 751
5946 775
5950 748
5954 773
5958 771
5962 769
5966 742
5970 767
5974 741
5978 767
5982 740
5986 766
5990 764
5994 763
5998 761
6002 760
6006 734
6010 761
6014 760
6018 759
6022 758
6026 757
6030 756
6034 755
6038 755
6042 754
6046 754
6050 753
6054 753
6058 753
6062 752
6066 752
6070 752
6074 752
6078 751
6082 751
6086 751
6090 751
6094 751
6098 751
6102 750
6106 750
6110 750
6114 750
6118 750
6122 750
6126 750
6130 750
6134 750
6138 750
6142 750
6146 750
6150 750
6154 750
6158 750
6162 750
6166 750
6170 750
6174 750
6178 750
6182 775
6186 747
6190 772
6194 745
6198 771
6202 768
6206 767
6210 765
6214 763
6218 762
6222 761
6226 760
6230 759
6234 758
6238 757
6242 756
6246 755
6250 755
6254 754
6258 754
6262 753
6266 753
6270 753
6274 777
6278 750
6282 775
6286 747
6290 772
6294 770
6298 768
6302 766
6306 764
6310 763
6314 762
6318 760
6322 759
6326 758
6330 757
6334 757
6338 756
6342 755
6346 755
6350 754
6354 754
6358 753
6362 753
6366 778
6370 750
6374 775
6378 747
6382 772
6386 745
6390 771
6394 768
6398 767
6402 765
6406 763
6410 762
6414 761
6418 760
6422 759
6426 758
6430 757
6434 756
6438 755
6442 755
6446 754
6450 754
6454 753
6458 753
6462 753
6466 752
6470 752
6474 752
6478 752
6482 726
6486 754
6490 728
6494 755
6498 730
6502 757
6506 731
6510 758
6514 732
6518 759
6522 733
6526 760
6530 734
6534 760
6538 734
6542 761
6546 734
6550 761
6554 760
6558 759
6562 758
6566 757
6570 731
6574 758
6578 732
6582 759
6586 758
6590 757
6594 756
6598 756
6602 755
6606 755
6610 754
6614 754
6618 753
6622 753
6626 752
6630 752
6634 752
6638 752
6642 751
6646 751
6650 751
6654 751
6658 751
6662 751
6666 751
6670 750
6674 750
6678 750
6682 750
6686 750
6690 750
6694 750
6698 750
6702 750
6706 750
6710 750
6714 775
6718 747
6722 772
6726 770
6730 768
6734 766
6738 765
6742 763
6746 762
6750 760
6754 759
6758 758
6762 758
6766 757
6770 756
6774 755
6778 755
6782 754
6786 754
6790 778
6794 775
6798 773
6802 771
6806 768
6810 767
6814 765
6818 763
6822 762
6826 761
6830 760
6834 759
6838 758
6842 757
6846 756
6850 755
6854 755
6858 754
6862 754
6866 753
6870 753
6874 778
6878 750
6882 775
6886 747
6890 772
6894 745
6898 771
6902 769
6906 767
6910 765
6914 763
6918 762
6922 761
6926 760
6930 759
6934 758
6938 757
6942 756
6946 755
6950 755
6954 754
6958 754
6962 753
6966 753
6970 753
6974 752
6978 752
6982 752
6986 752
6990 751
6994 751
6998 751
7002 751
7006 751
7010 751
7014 750
7018 750
7022 750
7026 750
7030 750
7034 750
7038 750
7042 750
7046 750
7050 750
7054 750
7058 750
7062 750
7066 750
7070 750
7074 750
7078 750
7082 750
7086 750
7090 750
7094 750
7098 750
7102 750
7106 750
7110 750
7114 750
7118 750
7122 750
7126 750
7130 750
7134 750
7138 750
7142 750
7146 750
7150 750
7154 750
7158 750
7162 750
7166 750
7170 750
7174 750
7178 750
7182 750
7186 750
7190 750
7194 750
7198 750
7202 750
7206 750
7210 750
7214 750
7218 750
7222 775
7226 772
7230 770
7234 768
7238 766
7242 764
7246 763
7250 761
7254 760
7258 759
7262 758
7266 757
7270 757
7274 756
7278 755
7282 755
7286 754
7290 754
7294 753
7298 753
7302 753
7306 752
7310 752
7314 777
7318 774
7322 772
7326 769
7330 767
7334 766
7338 764
7342 763
7346 761
7350 760
7354 759
7358 758
7362 757
7366 756
7370 756
7374 755
7378 755
7382 754
7386 754
7390 753
7394 753
7398 752
7402 752
7406 752
7410 752
7414 751
7418 751
7422 751
7426 751
7430 751
7434 751
7438 751
7442 750
7446 750
7450 750
7454 750
7458 750
7462 750
7466 750
7470 750
7474 750
7478 750
7482 750
7486 750
7490 750
7494 750
7498 750
7502 750
7506 750
7510 750
7514 750
7518 750
7522 750
7526 750
7530 750
7534 750
7538 750
7542 750
7546 750
7550 750
7554 750
7558 750
7562 750
7566 750
7570 750
7574 775
7578 747
7582 772
7586 745
7590 770
7594 743
7598 769
7602 742
7606 768
7610 766
7614 764
7618 763
7622 761
7626 760
7630 759
7634 758
7638 757
7642 757
7646 756
7650 755
7654 755
7658 754
7662 754
7666 753
7670 753
7674 753
7678 752
7682 752
7686 752
7690 751
7694 751
7698 751
7702 751
7706 751
7710 751
7714 751
7718 750
7722 750
7726 750
7730 775
7734 748
7738 773
7742 745
7746 771
7750 744
7754 769
7758 767
7762 766
7766 764
7770 763
7774 761
7778 760
7782 759
7786 758
7790 757
7794 756
7798 756
7802 755
7806 755
7810 754
7814 754
7818 753
7822 753
7826 752
7830 752
7834 752
7838 752
7842 751
7846 751
7850 751
7854 751
7858 751
7862 751
7866 751
7870 750
7874 750
7878 750
7882 750
7886 750
7890 750
7894 750
7898 750
7902 750
7906 750
7910 750
7914 750
7918 750
7922 750
7926 750
7930 750
7934 750
7938 750
7942 750
7946 750
7950 750
7954 750
7958 750
7962 750
7966 750
7970 750
7974 775
7978 747
7982 772
7986 745
7990 770
7994 768
7998 766
8002 765
8006 763
8010 762
8014 761
8018 760
8022 759
8026 758
8030 757
8034 756
8038 755
8042 755
8046 754
8050 754
8054 753
8058 753
8062 753
8066 752
8070 752
8074 752
8078 752
8082 751
8086 751
8090 751
8094 751
8098 751
8102 751
8106 750
8110 750
8114 750
8118 750
8122 775
8126 748
8130 773
8134 745
8138 771
8142 769
8146 767
8150 765
8154 764
8158 762
8162 761
8166 760
8170 759
8174 758
8178 757
8182 756
8186 756
8190 755
8194 754
8198 754
8202 753
8206 753
8210 753
8214 752
8218 752
8222 752
8226 752
8230 776
8234 749
8238 774
8242 771
8246 769
8250 767
8254 765
8258 764
8262 762
8266 761
8270 760
8274 759
8278 758
8282 757
8286 756
8290 756
8294 755
8298 754
8302 754
8306 754
8310 753
8314 753
8318 752
8322 752
8326 752
8330 752
8334 751
8338 751
8342 751
8346 751
8350 751
8354 751
8358 751
8362 750
8366 750
8370 750
8374 750
8378 750
8382 750
8386 750
8390 750
8394 750
8398 750
8402 750
8406 750
8410 750
8414 750
8418 750
8422 750
8426 750
8430 750
8434 750
8438 750
8442 750
8446 750
8450 750
8454 750
8458 750
8462 750
8466 750
8470 750
8474 750
8478 750
8482 750
8486 750
8490 750
8494 750
8498 750
8502 750
8506 750
8510 750
8514 750
8518 750
8522 750
8526 750
8530 750
8534 750
8538 750
8542 750
8546 750
8550 750
8554 750
8558 750
8562 750
8566 750
8570 750
8574 750
8578 750
8582 750
8586 750
8590 750
8594 750
8598 750
8602 775
8606 747
8610 772
8614 770
8618 768
8622 766
8626 764
8630 763
8634 762
8638 760
8642 759
8646 758
8650 757
8654 757
8658 756
8662 755
8666 755
8670 754
8674 754
8678 753
8682 753
8686 778
8690 750
8694 775
8698 772
8702 770
8706 768
8710 766
8714 764
8718 763
8722 762
8726 760
8730 759
8734 758
8738 757
8742 757
8746 756
8750 755
8754 755
8758 754
8762 754
8766 753
8770 753
8774 753
8778 777
8782 749
8786 774
8790 747
8794 772
8798 745
8802 770
8806 768
8810 766
8814 765
8818 763
8822 762
8826 761
8830 760
8834 759
8838 758
8842 757
8846 756
8850 755
8854 755
8858 754
8862 754
8866 753
8870 753
8874 753
8878 752
8882 752
8886 752
8890 752
8894 726
8898 754
8902 728
8906 755
8910 730
8914 757
8918 756
8922 755
8926 730
8930 757
8934 731
8938 758
8942 757
8946 756
8950 731
8954 758
8958 732
8962 758
8966 758
8970 757
8974 756
8978 755
8982 755
8986 754
8990 729
8994 756
8998 755
9002 755
9006 754
9010 754
9014 753
9018 753
9022 753
9026 752
9030 752
9034 752
9038 751
9042 751
9046 751
9050 751
9054 751
9058 751
9062 751
9066 750
9070 750
9074 750
9078 750
9082 750
9086 750
9090 750
9094 750
9098 750
9102 750
9106 750
9110 750
9114 750
9118 750
9122 750
9126 750
9130 750
9134 750
9138 750
9142 750
9146 750
9150 750
9154 750
9158 775
9162 772
9166 770
9170 768
9174 766
9178 764
9182 763
9186 761
9190 760
9194 759
9198 758
9202 757
9206 757
9210 756
9214 755
9218 755
9222 754
9226 754
9230 753
9234 753
9238 753
9242 752
9246 752
9250 752
9254 752
9258 776
9262 774
9266 771
9270 769
9274 767
9278 765
9282 764
9286 762
9290 761
9294 760
9298 759
9302 758
9306 757
9310 756
9314 756
9318 755
9322 754
9326 754
9330 754
9334 753
9338 753
9342 752
9346 752
9350 752
9354 752
9358 751
9362 751
9366 751
9370 751
9374 751
9378 751
9382 751
9386 750
9390 750
9394 750
9398 750
9402 750
9406 750
9410 750
9414 750
9418 750
9422 750
9426 750
9430 750
9434 750
9438 750
9442 750
9446 750
9450 750
9454 750
9458 750
9462 750
9466 750
9470 750
9474 750
9478 750
9482 750
9486 750
9490 750
9494 750
9498 750
9502 750
9506 750
9510 750
9514 750
9518 750
9522 750
9526 775
9530 747
9534 772
9538 745
9542 770
9546 768
9550 766
9554 765
9558 763
9562 762
9566 761
9570 760
9574 759
9578 758
9582 757
9586 756
9590 755
9594 755
9598 754
9602 754
9606 753
9610 753
9614 753
9618 752
9622 752
9626 752
9630 752
9634 751
9638 751
9642 751
9646 751
9650 751
9654 751
9658 750
9662 750
9666 775
9670 773
9674 770
9678 768
9682 766
9686 765
9690 763
9694 762
9698 761
9702 759
9706 758
9710 758
9714 757
9718 756
9722 755
9726 755
9730 754
9734 754
9738 753
9742 753
9746 753
9750 752
9754 752
9758 752
9762 752
9766 751
9770 751
9774 751
9778 751
9782 751
9786 751
9790 750
9794 750
9798 750
9802 750
9806 750
9810 750
9814 750
9818 750
9822 750
9826 750
9830 750
9834 750
9838 750
9842 750
9846 750
9850 750
9854 750
9858 750
9862 750
9866 750
9870 750
9874 750
9878 750
9882 750
9886 750
9890 750
9894 750
9898 750
9902 750
9906 750
9910 750
9914 750
9918 750
9922 750
9926 750
9930 750
9934 750
9938 750
9942 750
9946 750
9950 750
9954 750
9958 750
9962 750
9966 750
9970 750
9974 750
9978 750
9982 750
9986 750
9990 775
9994 747
9998 747
10002 747
10006 748
10010 748
10014 773
10018 771
10022 769
10026 767
10030 765
10034 763
10038 762
10042 761
10046 760
10050 759
10054 758
10058 757
10062 756
10066 755
10070 755
10074 754
10078 754
10082 753
10086 753
10090 753
10094 752
10098 752
10102 752
10106 752
10110 751
10114 751
10118 751
10122 776
10126 748
10130 773
10134 746
10138 771
10142 769
10146 767
10150 765
10154 764
10158 762
10162 761
10166 760
10170 759
10174 758
10178 757
10182 756
10186 756
10190 755
10194 754
10198 754
10202 754
10206 753
10210 753
10214 752
10218 752
10222 752
10226 752
10230 751
10234 751
10238 751
10242 751
10246 751
10250 751
10254 751
10258 750
10262 750
10266 750
10270 750
10274 750
10278 750
10282 750
10286 750
10290 750
10294 750
10298 750
10302 750
10306 750
10310 750
10314 750
10318 750
10322 750
10326 750
10330 750
10334 750
10338 750
10342 750
10346 750
10350 750
10354 750
10358 750
10362 750
10366 750
10370 750
10374 750
10378 750
10382 750
10386 750
10390 750
10394 750
10398 750
10402 750
10406 750
10410 750
10414 750
10418 750
10422 750
10426 750
10430 750
10434 750
10438 750
10442 750
10446 750
10450 750
10454 750
10458 750
10462 750
10466 750
10470 750
10474 750
10478 750
10482 750
10486 750
10490 750
10494 750
10498 750
10502 750
10506 750
10510 750
10514 750
10518 750
10522 750
10526 775
10530 747
10534 772
10538 770
10542 768
10546 766
10550 764
10554 763
10558 762
10562 760
10566 759
10570 758
10574 757
10578 757
10582 756
10586 755
10590 755
10594 754
10598 754
10602 753
10606 753
10610 753
10614 752
10618 777
10622 774
10626 772
10630 770
10634 768
10638 766
10642 764
10646 763
10650 761
10654 760
10658 759
10662 758
10666 757
10670 756
10674 756
10678 755
10682 755
10686 754
10690 754
10694 753
10698 753
10702 753
10706 752
10710 752
10714 752
10718 751
10722 751
10726 751
10730 751
10734 751
10738 751
10742 751
10746 750
10750 750
10754 750
10758 750
10762 750
10766 750
10770 750
10774 750
10778 750
10782 750
10786 750
10790 750
10794 750
10798 750
10802 750
10806 750
10810 750
10814 750
10818 750
10822 750
10826 750
10830 750
10834 750
10838 750
10842 750
10846 750
10850 750
10854 750
10858 750
10862 750
10866 750
10870 750
10874 750
10878 750
10882 750
10886 750
10890 750
10894 750
10898 750
10902 750
10906 750
10910 750
10914 750
10918 750
10922 750
10926 750
10930 750
10934 750
10938 750
10942 750
10946 750
10950 750
10954 750
10958 750
10962 750
10966 750
10970 750
10974 750
10978 750
10982 750
10986 750
10990 750
10994 750
10998 750
11002 750
11006 750
11010 750
11014 750
11018 750
11022 750
11026 750
11030 750
11034 750
11038 750
11042 750
11046 750
11050 749
11054 749
11058 749
11062 749
11066 749
11070 775
11074 747
11078 772
11082 770
11086 768
11090 741
11094 767
11098 765
11102 764
11106 762
11110 761
11114 760
11118 759
11122 758
11126 757
11130 756
11134 756
11138 755
11142 754
11146 754
11150 753
11154 753
11158 753
11162 752
11166 752
11170 752
11174 752
11178 751
11182 751
11186 751
11190 751
11194 776
11198 748
11202 773
11206 746
11210 771
11214 744
11218 745
11222 745
11226 771
11230 743
11234 769
11238 742
11242 768
11246 741
11250 767
11254 740
11258 766
11262 764
11266 763
11270 737
11274 763
11278 737
11282 763
11286 736
11290 763
11294 761
11298 760
11302 759
11306 758
11310 757
11314 757
11318 731
11322 758
11326 757
11330 756
11334 755
11338 755
11342 754
11346 754
11350 753
11354 753
11358 753
11362 752
11366 752
11370 752
11374 752
11378 751
11382 751
11386 751
11390 751
11394 751
11398 751
11402 750
11406 750
11410 750
11414 750
11418 750
11422 750
11426 750
11430 750
11434 750
11438 750
11442 750
11446 750
11450 750
11454 750
11458 750
11462 750
11466 750
11470 750
11474 750
11478 750
11482 750
11486 750
11490 750
11494 750
11498 750
11502 750
11506 750
11510 750
11514 750
11518 775
11522 772
11526 770
11530 768
11534 766
11538 764
11542 763
11546 761
11550 760
11554 759
11558 758
11562 757
11566 757
11570 756
11574 755
11578 755
11582 754
11586 754
11590 753
11594 753
11598 753
11602 752
11606 752
11610 752
11614 751
11618 751
11622 751
11626 751
11630 751
11634 751
11638 751
11642 750
11646 750
11650 750
11654 750
11658 750
11662 750
11666 750
11670 750
11674 750
11678 750
11682 750
11686 750
11690 750
11694 750
11698 750
11702 750
11706 750
11710 750
11714 750
11718 750
11722 750
11726 750
11730 750
11734 750
11738 750
11742 750
11746 750
11750 750
11754 750
11758 750
11762 750
11766 750
11770 750
11774 750
11778 750
11782 750
11786 750
11790 750
11794 750
11798 750
11802 750
11806 750
11810 750
11814 750
11818 750
11822 750
11826 750
11830 750
11834 750
11838 750
11842 750
11846 750
11850 750
11854 750
11858 750
11862 750
11866 750
11870 750
11874 750
11878 750
11882 750
11886 750
11890 750
11894 750
11898 775
11902 747
11906 772
11910 745
11914 770
11918 743
11922 769
11926 742
11930 768
11934 766
11938 764
11942 763
11946 761
11950 760
11954 759
11958 758
11962 757
11966 757
11970 756
11974 755
11978 755
11982 754
11986 754
11990 753
11994 753
11998 753
12002 752
12006 752
12010 752
12014 751
12018 751
12022 776
12026 773
12030 771
12034 769
12038 767
12042 765
12046 764
12050 762
12054 761
12058 760
12062 759
12066 758
12070 757
12074 756
12078 756
12082 755
12086 754
12090 754
12094 753
12098 753
12102 753
12106 752
12110 752
12114 752
12118 752
12122 751
12126 751
12130 751
12134 751
12138 751
12142 751
12146 751
12150 750
12154 750
12158 750
12162 750
12166 750
12170 750
12174 750
12178 750
12182 750
12186 750
12190 750
12194 750
12198 750
12202 750
12206 750
12210 750
12214 750
12218 750
12222 750
12226 750
12230 750
12234 750
12238 750
12242 750
12246 750
12250 750
12254 750
12258 750
12262 750
12266 750
12270 750
12274 750
12278 750
12282 750
12286 750
12290 750
12294 750
12298 750
12302 750
12306 750
12310 750
12314 750
12318 750
12322 750
12326 750
12330 750
12334 750
12338 750
12342 750
12346 750
12350 750
12354 750
12358 750
12362 750
12366 750
12370 750
12374 750
12378 750
12382 750
12386 750
12390 750
12394 750
12398 750
12402 750
12406 750
12410 750
12414 750
12418 750
12422 750
12426 750
12430 750
12434 750
12438 750
12442 775
12446 772
12450 770
12454 768
12458 766
12462 764
12466 763
12470 761
12474 760
12478 759
12482 758
12486 757
12490 757
12494 756
12498 755
12502 755
12506 754
12510 754
12514 753
12518 753
12522 753
12526 752
12530 752
12534 777
12538 774
12542 772
12546 769
12550 767
12554 766
12558 764
12562 763
12566 761
12570 760
12574 759
12578 758
12582 757
12586 756
12590 756
12594 755
12598 755
12602 754
12606 754
12610 753
12614 753
12618 752
12622 752
12626 752
12630 752
12634 751
12638 751
12642 751
12646 751
12650 751
12654 751
12658 751
12662 750
12666 750
12670 750
12674 750
12678 750
12682 750
12686 750
12690 750
12694 750
12698 750
12702 750
12706 750
12710 750
12714 750
12718 750
12722 750
12726 750
12730 750
12734 750
12738 750
12742 750
12746 750
12750 750
12754 750
12758 750
12762 750
12766 750
12770 750
12774 750
12778 750
12782 750
12786 750
12790 750
12794 750
12798 750
12802 750
12806 750
12810 750
12814 750
12818 750
12822 750
12826 750
12830 750
12834 750
12838 750
12842 750
12846 750
12850 750
12854 750
12858 750
12862 750
12866 750
12870 750
12874 750
12878 750
12882 750
12886 750
12890 750
12894 750
12898 750
12902 750
12906 750
12910 750
12914 750
12918 750
12922 750
12926 750
12930 750
12934 750
12938 750
12942 750
12946 750
12950 750
12954 750
12958 750
12962 750
12966 749
12970 749
12974 749
12978 775
12982 747
12986 772
12990 770
12994 768
12998 766
13002 764
13006 763
13010 762
13014 760
13018 759
13022 758
13026 757
13030 757
13034 756
13038 755
13042 755
13046 754
13050 754
13054 753
13058 753
13062 753
13066 752
13070 752
13074 752
13078 752
13082 751
13086 751
13090 751
13094 751
13098 751
13102 751
13106 750
13110 750
13114 750
13118 775
13122 748
13126 773
13130 745
13134 771
13138 744
13142 769
13146 742
13150 768
13154 741
13158 742
13162 743
13166 768
13170 742
13174 767
13178 741
13182 741
13186 742
13190 743
13194 744
13198 744
13202 745
13206 770
13210 743
13214 769
13218 742
13222 768
13226 741
13230 767
13234 740
13238 766
13242 764
13246 763
13250 736
13254 763
13258 736
13262 763
13266 761
13270 760
13274 759
13278 758
13282 732
13286 759
13290 733
13294 760
13298 759
13302 758
13306 757
13310 756
13314 756
13318 755
13322 754
13326 754
13330 753
13334 753
13338 753
13342 752
13346 752
13350 752
13354 752
13358 751
13362 751
13366 751
13370 751
13374 751
13378 751
13382 751
13386 750
13390 750
13394 750
13398 750
13402 750
13406 750
13410 750
13414 750
13418 750
13422 750
13426 750
13430 750
13434 750
13438 750
13442 750
13446 750
13450 750
13454 750
13458 750
13462 750
13466 750
13470 750
13474 750
13478 750
13482 750
13486 750
13490 750
13494 750
13498 775
13502 747
13506 772
13510 745
13514 770
13518 743
13522 769
13526 742
13530 768
13534 766
13538 764
13542 763
13546 761
13550 760
13554 759
13558 758
13562 757
13566 757
13570 756
13574 755
13578 755
13582 754
13586 754
13590 753
13594 753
13598 753
13602 752
13606 727
13610 754
13614 729
13618 756
13622 755
13626 755
13630 729
13634 756
13638 730
13642 757
13646 732
13650 758
13654 732
13658 759
13662 733
13666 735
13670 736
13674 738
13678 739
13682 765
13686 738
13690 764
13694 738
13698 739
13702 740
13706 741
13710 742
13714 768
13718 741
13722 767
13726 740
13730 766
13734 739
13738 765
13742 739
13746 765
13750 763
13754 762
13758 736
13762 762
13766 761
13770 760
13774 759
13778 758
13782 757
13786 756
13790 756
13794 755
13798 754
13802 754
13806 753
13810 753
13814 753
13818 752
13822 752
13826 752
13830 752
13834 751
13838 751
13842 751
13846 751
13850 751
13854 751
13858 751
13862 750
13866 750
13870 750
13874 750
13878 750
13882 750
13886 750
13890 750
13894 750
13898 750
13902 750
13906 750
13910 775
13914 747
13918 772
13922 770
13926 768
13930 766
13934 765
13938 763
13942 762
13946 760
13950 759
13954 758
13958 758
13962 757
13966 756
13970 755
13974 755
13978 754
13982 754
13986 753
13990 753
13994 753
13998 752
14002 752
14006 752
14010 752
14014 751
14018 751
14022 751
14026 751
14030 751
14034 751
14038 750
14042 750
14046 750
14050 750
14054 750
14058 750
14062 750
14066 750
14070 750
14074 750
14078 750
14082 750
14086 750
14090 750
14094 750
14098 750
14102 750
14106 750
14110 750
14114 750
14118 750
14122 750
14126 750
14130 750
14134 750
14138 750
14142 750
14146 750
14150 750
14154 750
14158 750
14162 750
14166 750
14170 750
14174 750
14178 750
14182 750
14186 750
14190 750
14194 750
14198 750
14202 750
14206 750
14210 750
14214 750
14218 750
14222 750
14226 750
14230 750
14234 750
14238 750
14242 750
14246 750
14250 750
14254 750
14258 750
14262 750
14266 750
14270 750
14274 750
14278 750
14282 750
14286 750
14290 750
14294 750
14298 750
14302 750
14306 750
14310 750
14314 750
14318 750
14322 750
14326 750
14330 750
14334 750
14338 750
14342 749
14346 749
14350 749
14354 749
14358 749
14362 749
14366 749
14370 749
14374 749
14378 749
14382 749
14386 749
14390 749
14394 775
14398 747
14402 772
14406 745
14410 770
14414 768
14418 766
14422 765
14426 763
14430 762
14434 761
14438 760
14442 759
14446 758
14450 757
14454 756
14458 755
14462 755
14466 754
14470 754
14474 753
14478 753
14482 753
14486 752
14490 752
14494 752
14498 752
14502 751
14506 751
14510 776
14514 748
14518 773
14522 746
14526 771
14530 744
14534 770
14538 768
14542 766
14546 764
14550 763
14554 761
14558 760
14562 734
14566 761
14570 760
14574 759
14578 758
14582 757
14586 731
14590 758
14594 732
14598 759
14602 733
14606 760
14610 734
14614 735
14618 737
14622 738
14626 739
14630 740
14634 741
14638 742
14642 743
14646 743
14650 744
14654 745
14658 745
14662 745
14666 746
14670 746
14674 747
14678 747
14682 747
14686 747
14690 748
14694 748
14698 748
14702 748
14706 748
14710 748
14714 748
14718 749
14722 749
14726 749
14730 749
14734 749
14738 749
14742 749
14746 749
14750 749
14754 749
14758 749
14762 749
14766 749
14770 749
14774 749
14778 749
14782 749
14786 749
14790 749
14794 749
14798 749
14802 749
14806 749
14810 749
14814 749
14818 749
14822 749
14826 749
14830 749
14834 749
14838 749
14842 749
14846 749
14850 749
14854 749
14858 749
14862 774
14866 747
14870 772
14874 745
14878 770
14882 743
14886 769
14890 767
14894 765
14898 764
14902 762
14906 761
14910 760
14914 759
14918 758
14922 757
14926 756
14930 756
14934 755
14938 754
14942 754
14946 754
14950 753
14954 753
14958 752
14962 752
14966 752
14970 752
14974 751
14978 751
14982 751
14986 751
14990 751
14994 751
14998 751
