10 0
14 0
18 0
22 0
26 0
30 0
34 0
38 0
42 0
46 0
50 0
54 0
58 0
62 0
66 0
70 0
74 0
78 0
82 0
86 0
90 0
94 0
98 0
102 0
106 0
110 0
114 0
118 0
122 0
126 0
130 25
134 22
138 20
142 18
146 41
150 37
154 58
158 52
162 72
166 65
170 83
174 100
178 115
182 103
186 143
190 129
194 166
198 174
202 182
206 188
210 194
214 225
218 227
222 230
226 257
230 256
234 280
238 302
242 297
246 317
250 335
254 327
258 344
262 360
266 374
270 386
274 398
278 408
282 417
286 425
290 408
294 417
298 450
302 455
306 459
310 463
314 467
318 470
322 473
326 501
330 501
334 501
338 500
342 500
346 525
350 523
354 520
358 543
362 539
366 535
370 531
374 553
378 548
382 543
386 564
390 557
394 551
398 571
402 564
406 583
410 574
414 567
418 585
422 577
426 594
430 584
434 576
438 593
442 584
446 600
450 590
454 581
458 598
462 588
466 604
470 594
474 609
478 598
482 614
486 602
490 617
494 605
498 620
502 608
506 622
510 610
514 624
518 611
522 625
526 612
530 626
534 613
538 627
542 614
546 628
550 615
554 628
558 616
562 629
566 616
570 629
574 616
578 630
582 617
586 630
590 617
594 630
598 617
602 630
606 642
610 628
614 615
618 629
622 641
626 627
630 639
634 625
638 637
642 624
646 636
650 623
654 635
658 622
662 634
666 621
670 634
674 620
678 633
682 620
686 633
690 620
694 633
698 619
702 632
706 619
710 632
714 619
718 632
722 619
726 632
730 618
734 632
738 618
742 606
746 621
750 609
754 623
758 610
762 624
766 612
770 626
774 613
778 602
782 616
786 605
790 619
794 607
798 596
802 612
806 601
810 615
814 604
818 593
822 609
826 598
830 613
834 602
838 592
842 607
846 597
850 587
854 603
858 593
862 583
866 600
870 590
874 606
878 595
882 586
886 602
890 592
894 608
898 597
902 587
906 603
910 593
914 609
918 598
922 588
926 604
930 594
934 609
938 598
942 588
946 604
950 594
954 610
958 599
962 589
966 605
970 594
974 585
978 601
982 591
986 607
990 596
994 611
998 600
1002 590
1006 606
1010 595
1014 611
1018 600
1022 590
1026 606
1030 595
1034 611
1038 599
1042 589
1046 605
1050 595
1054 610
1058 599
1062 589
1066 605
1070 595
1074 610
1078 599
1082 589
1086 605
1090 595
1094 610
1098 599
1102 589
1106 605
1110 595
1114 610
1118 599
1122 614
1126 603
1130 592
1134 608
1138 597
1142 612
1146 601
1150 616
1154 604
1158 594
1162 609
1166 598
1170 614
1174 602
1178 592
1182 608
1186 597
1190 612
1194 601
1198 591
1202 607
1206 596
1210 611
1214 600
1218 615
1222 603
1226 593
1230 609
1234 598
1238 613
1242 602
1246 591
1250 607
1254 596
1258 587
1262 603
1266 593
1270 608
1274 597
1278 588
1282 604
1286 593
1290 609
1294 598
1298 588
1302 604
1306 594
1310 609
1314 598
1318 589
1322 605
1326 594
1330 610
1334 599
1338 589
1342 605
1346 594
1350 585
1354 601
1358 591
1362 582
1366 599
1370 589
1374 580
1378 597
1382 587
1386 578
1390 595
1394 586
1398 577
1402 594
1406 585
1410 576
1414 594
1418 584
1422 576
1426 593
1430 584
1434 575
1438 593
1442 583
1446 600
1450 590
1454 581
1458 573
1462 590
1466 581
1470 598
1474 588
1478 579
1482 596
1486 587
1490 603
1494 593
1498 583
1502 600
1506 590
1510 606
1514 595
1518 586
1522 602
1526 592
1530 608
1534 597
1538 587
1542 603
1546 593
1550 609
1554 598
1558 588
1562 604
1566 594
1570 609
1574 598
1578 588
1582 604
1586 594
1590 609
1594 598
1598 589
1602 605
1606 594
1610 610
1614 599
1618 614
1622 602
1626 617
1630 605
1634 595
1638 610
1642 599
1646 614
1650 603
1654 592
1658 608
1662 597
1666 612
1670 601
1674 616
1678 604
1682 619
1686 607
1690 596
1694 612
1698 625
1702 613
1706 601
1710 616
1714 605
1718 619
1722 607
1726 621
1730 609
1734 623
1738 611
1742 600
1746 615
1750 603
1754 618
1758 606
1762 620
1766 608
1770 622
1774 610
1778 599
1782 614
1786 603
1790 617
1794 606
1798 620
1802 608
1806 622
1810 610
1814 599
1818 614
1822 602
1826 617
1830 605
1834 595
1838 610
1842 599
1846 614
1850 603
1854 592
1858 608
1862 597
1866 612
1870 601
1874 591
1878 607
1882 596
1886 611
1890 600
1894 590
1898 606
1902 595
1906 611
1910 600
1914 590
1918 606
1922 595
1926 611
1930 599
1934 589
1938 605
1942 595
1946 585
1950 602
1954 591
1958 582
1962 599
1966 589
1970 605
1974 595
1978 585
1982 601
1986 591
1990 582
1994 599
1998 589
2002 580
2006 597
2010 587
2014 578
2018 596
2022 586
2026 577
2030 595
2034 585
2038 576
2042 594
2046 584
2050 576
2054 593
2058 584
2062 575
2066 593
2070 583
2074 575
2078 593
2082 583
2086 575
2090 592
2094 583
2098 575
2102 592
2106 583
2110 600
2114 590
2118 581
2122 597
2126 588
2130 604
2134 593
2138 584
2142 601
2146 590
2150 606
2154 596
2158 586
2162 602
2166 592
2170 608
2174 597
2178 587
2182 603
2186 593
2190 609
2194 598
2198 588
2202 604
2206 594
2210 609
2214 598
2218 613
2222 602
2226 617
2230 605
2234 594
2238 610
2242 599
2246 614
2250 603
2254 592
2258 608
2262 597
2266 612
2270 601
2274 616
2278 604
2282 619
2286 607
2290 596
2294 611
2298 600
2302 615
2306 604
2310 618
2314 606
2318 621
2322 609
2326 598
2330 613
2334 601
2338 616
2342 605
2346 619
2350 607
2354 621
2358 609
2362 598
2366 613
2370 602
2374 617
2378 605
2382 619
2386 607
2390 622
2394 609
2398 598
2402 614
2406 602
2410 617
2414 605
2418 620
2422 608
2426 622
2430 610
2434 599
2438 614
2442 602
2446 617
2450 605
2454 595
2458 610
2462 599
2466 614
2470 603
2474 592
2478 608
2482 597
2486 612
2490 601
2494 591
2498 607
2502 596
2506 611
2510 600
2514 590
2518 606
2522 595
2526 611
2530 600
2534 590
2538 606
2542 595
2546 610
2550 599
2554 589
2558 580
2562 597
2566 588
2570 604
2574 593
2578 584
2582 600
2586 590
2590 581
2594 598
2598 588
2602 579
2606 596
2610 587
2614 578
2618 595
2622 586
2626 577
2630 594
2634 585
2638 576
2642 594
2646 584
2650 576
2654 568
2658 586
2662 578
2666 595
2670 585
2674 577
2678 594
2682 584
2686 576
2690 593
2694 584
2698 576
2702 593
2706 584
2710 600
2714 590
2718 581
2722 598
2726 588
2730 604
2734 594
2738 584
2742 601
2746 591
2750 607
2754 596
2758 586
2762 603
2766 592
2770 608
2774 597
2778 587
2782 604
2786 593
2790 609
2794 598
2798 588
2802 604
2806 594
2810 609
2814 598
2818 588
2822 605
2826 594
2830 610
2834 599
2838 614
2842 602
2846 617
2850 605
2854 595
2858 610
2862 599
2866 614
2870 603
2874 617
2878 606
2882 620
2886 608
2890 597
2894 612
2898 601
2902 616
2906 604
2910 619
2914 607
2918 621
2922 609
2926 598
2930 613
2934 602
2938 617
2942 605
2946 594
2950 610
2954 624
2958 611
2962 600
2966 615
2970 604
2974 618
2978 606
2982 596
2986 611
2990 625
2994 612
2998 601
3002 616
3006 604
3010 619
3014 607
3018 596
3022 611
3026 600
3030 615
3034 604
3038 618
3042 606
3046 596
3050 611
3054 600
3058 615
3062 603
3066 618
3070 606
3074 595
3078 611
3082 600
3086 615
3090 603
3094 593
3098 608
3102 598
3106 613
3110 601
3114 591
3118 607
3122 596
3126 587
3130 603
3134 593
3138 583
3142 600
3146 590
3150 606
3154 595
3158 586
3162 602
3166 592
3170 583
3174 599
3178 589
3182 580
3186 597
3190 587
3194 604
3198 593
3202 584
3206 575
3210 593
3214 583
3218 600
3222 590
3226 581
3230 573
3234 590
3238 581
3242 598
3246 588
3250 579
3254 571
3258 589
3262 580
3266 597
3270 587
3274 579
3278 596
3282 586
3286 577
3290 595
3294 585
3298 577
3302 594
3306 584
3310 601
3314 591
3318 582
3322 598
3326 589
3330 580
3334 597
3338 587
3342 603
3346 593
3350 583
3354 600
3358 590
3362 606
3366 595
3370 611
3374 600
3378 590
3382 606
3386 595
3390 610
3394 599
3398 589
3402 605
3406 595
3410 610
3414 599
3418 589
3422 605
3426 595
3430 610
3434 599
3438 589
3442 605
3446 595
3450 610
3454 599
3458 614
3462 603
3466 617
3470 606
3474 595
3478 610
3482 599
3486 614
3490 603
3494 617
3498 606
3502 620
3506 608
3510 597
3514 612
3518 601
3522 616
3526 604
3530 619
3534 607
3538 621
3542 609
3546 598
3550 613
3554 627
3558 614
3562 603
3566 617
3570 606
3574 620
3578 608
3582 622
3586 610
3590 624
3594 611
3598 600
3602 615
3606 604
3610 618
3614 606
3618 596
3622 611
3626 600
3630 615
3634 603
3638 618
3642 606
3646 620
3650 608
3654 597
3658 613
3662 601
3666 616
3670 604
3674 594
3678 610
3682 599
3686 614
3690 602
3694 592
3698 608
3702 597
3706 612
3710 601
3714 591
3718 607
3722 596
3726 611
3730 600
3734 590
3738 606
3742 595
3746 611
3750 600
3754 590
3758 606
3762 595
3766 585
3770 602
3774 592
3778 582
3782 599
3786 589
3790 580
3794 597
3798 587
3802 579
3806 596
3810 586
3814 577
3818 595
3822 585
3826 577
3830 594
3834 584
3838 576
3842 593
3846 584
3850 575
3854 593
3858 584
3862 575
3866 593
3870 583
3874 575
3878 592
3882 583
3886 600
3890 590
3894 581
3898 598
3902 588
3906 579
3910 596
3914 586
3918 578
3922 595
3926 585
3930 602
3934 591
3938 582
3942 599
3946 589
3950 605
3954 595
3958 585
3962 601
3966 591
3970 607
3974 596
3978 587
3982 603
3986 593
3990 608
3994 597
3998 588
4002 604
4006 593
4010 609
4014 598
4018 588
4022 604
4026 594
4030 609
4034 598
4038 589
4042 605
4046 619
4050 607
4054 596
4058 612
4062 600
4066 615
4070 604
4074 593
4078 609
4082 598
4086 613
4090 602
4094 617
4098 605
4102 619
4106 607
4110 597
4114 612
4118 601
4122 616
4126 604
4130 618
4134 607
4138 596
4142 611
4146 600
4150 615
4154 603
4158 618
4162 606
4166 596
4170 611
4174 600
4178 615
4182 603
4186 618
4190 606
4194 620
4198 608
4202 597
4206 613
4210 601
4214 616
4218 604
4222 619
4226 607
4230 621
4234 609
4238 598
4242 613
4246 602
4250 617
4254 605
4258 594
4262 610
4266 599
4270 614
4274 602
4278 617
4282 605
4286 595
4290 610
4294 599
4298 614
4302 603
4306 592
4310 608
4314 597
4318 613
4322 601
4326 591
4330 607
4334 596
4338 586
4342 603
4346 592
4350 608
4354 597
4358 588
4362 604
4366 593
4370 584
4374 600
4378 590
4382 581
4386 598
4390 588
4394 579
4398 596
4402 587
4406 578
4410 595
4414 586
4418 577
4422 594
4426 585
4430 576
4434 594
4438 584
4442 576
4446 593
4450 584
4454 575
4458 593
4462 583
4466 575
4470 592
4474 583
4478 575
4482 592
4486 583
4490 575
4494 592
4498 583
4502 575
4506 592
4510 583
4514 599
4518 589
4522 580
4526 597
4530 588
4534 604
4538 593
4542 584
4546 601
4550 590
4554 606
4558 596
4562 586
4566 602
4570 592
4574 583
4578 599
4582 589
4586 605
4590 595
4594 610
4598 599
4602 589
4606 605
4610 595
4614 610
4618 599
4622 589
4626 605
4630 595
4634 610
4638 599
4642 589
4646 605
4650 595
4654 610
4658 599
4662 614
4666 603
4670 617
4674 606
4678 595
4682 610
4686 599
4690 614
4694 603
4698 592
4702 608
4706 622
4710 610
4714 599
4718 614
4722 603
4726 617
4730 605
4734 595
4738 610
4742 624
4746 612
4750 601
4754 615
4758 604
4762 618
4766 607
4770 621
4774 609
4778 623
4782 610
4786 599
4790 614
4794 603
4798 618
4802 606
4806 620
4810 608
4814 622
4818 610
4822 599
4826 614
4830 603
4834 617
4838 605
4842 620
4846 608
4850 597
4854 612
4858 601
4862 616
4866 604
4870 619
4874 607
4878 596
4882 611
4886 600
4890 615
4894 604
4898 593
4902 609
4906 623
4910 611
4914 599
4918 614
4922 603
4926 593
4930 608
4934 597
4938 613
4942 601
4946 591
4950 607
4954 596
4958 587
4962 603
4966 593
4970 608
4974 597
4978 588
4982 604
4986 593
4990 584
4994 600
4998 590
5002 581
5006 598
5010 588
5014 579
5018 596
5022 587
5026 578
5030 595
5034 586
5038 602
5042 592
5046 582
5050 574
5054 592
5058 583
5062 599
5066 589
5070 580
5074 597
5078 587
5082 579
5086 596
5090 586
5094 577
5098 595
5102 585
5106 602
5110 591
5114 582
5118 599
5122 589
5126 580
5130 597
5134 587
5138 578
5142 596
5146 586
5150 602
5154 592
5158 608
5162 597
5166 587
5170 603
5174 593
5178 584
5182 600
5186 590
5190 606
5194 595
5198 586
5202 602
5206 592
5210 608
5214 597
5218 612
5222 601
5226 616
5230 604
5234 594
5238 609
5242 598
5246 613
5250 602
5254 592
5258 608
5262 597
5266 612
5270 601
5274 616
5278 604
5282 619
5286 607
5290 596
5294 611
5298 600
5302 615
5306 603
5310 593
5314 609
5318 623
5322 610
5326 599
5330 614
5334 603
5338 618
5342 606
5346 595
5350 611
5354 599
5358 614
5362 603
5366 618
5370 606
5374 620
5378 608
5382 597
5386 612
5390 601
5394 616
5398 604
5402 619
5406 607
5410 621
5414 609
5418 598
5422 613
5426 602
5430 617
5434 605
5438 619
5442 607
5446 622
5450 609
5454 598
5458 613
5462 602
5466 617
5470 605
5474 595
5478 610
5482 599
5486 614
5490 603
5494 592
5498 608
5502 597
5506 612
5510 601
5514 616
5518 604
5522 594
5526 609
5530 598
5534 589
5538 605
5542 594
5546 610
5550 599
5554 589
5558 605
5562 594
5566 585
5570 601
5574 591
5578 582
5582 599
5586 589
5590 605
5594 594
5598 585
5602 576
5606 594
5610 584
5614 576
5618 593
5622 584
5626 575
5630 593
5634 583
5638 600
5642 590
5646 581
5650 573
5654 590
5658 581
5662 598
5666 588
5670 579
5674 571
5678 589
5682 580
5686 597
5690 587
5694 579
5698 596
5702 586
5706 577
5710 595
5714 585
5718 577
5722 594
5726 584
5730 601
5734 591
5738 582
5742 598
5746 589
5750 605
5754 594
5758 585
5762 601
5766 591
5770 607
5774 596
5778 586
5782 603
5786 592
5790 608
5794 597
5798 587
5802 604
5806 593
5810 609
5814 598
5818 588
5822 604
5826 594
5830 609
5834 598
5838 588
5842 605
5846 594
5850 610
5854 599
5858 614
5862 602
5866 617
5870 605
5874 595
5878 610
5882 599
5886 614
5890 603
5894 592
5898 608
5902 597
5906 612
5910 601
5914 616
5918 604
5922 619
5926 607
5930 621
5934 609
5938 598
5942 613
5946 602
5950 617
5954 605
5958 619
5962 607
5966 597
5970 612
5974 601
5978 616
5982 604
5986 618
5990 607
5994 621
5998 609
6002 623
6006 610
6010 599
6014 614
6018 603
6022 618
6026 606
6030 620
6034 608
6038 597
6042 612
6046 601
6050 616
6054 604
6058 619
6062 607
6066 621
6070 609
6074 598
6078 613
6082 602
6086 617
6090 605
6094 594
6098 610
6102 599
6106 614
6110 602
6114 592
6118 608
6122 597
6126 612
6130 601
6134 591
6138 607
6142 596
6146 611
6150 600
6154 590
6158 606
6162 595
6166 611
6170 600
6174 590
6178 581
6182 598
6186 588
6190 604
6194 593
6198 584
6202 601
6206 590
6210 581
6214 598
6218 588
6222 579
6226 596
6230 587
6234 578
6238 595
6242 586
6246 577
6250 594
6254 585
6258 601
6262 591
6266 582
6270 599
6274 589
6278 580
6282 597
6286 587
6290 578
6294 595
6298 586
6302 577
6306 594
6310 585
6314 576
6318 594
6322 584
6326 601
6330 591
6334 582
6338 598
6342 588
6346 605
6350 594
6354 585
6358 601
6362 591
6366 607
6370 596
6374 586
6378 603
6382 592
6386 608
6390 597
6394 587
6398 604
6402 593
6406 609
6410 598
6414 588
6418 604
6422 594
6426 609
6430 598
6434 588
6438 605
6442 594
6446 610
6450 599
6454 589
6458 605
6462 594
6466 610
6470 599
6474 614
6478 602
6482 617
6486 605
6490 595
6494 610
6498 599
6502 614
6506 603
6510 617
6514 606
6518 595
6522 610
6526 599
6530 614
6534 603
6538 618
6542 606
6546 595
6550 611
6554 599
6558 614
6562 603
6566 618
6570 606
6574 620
6578 608
6582 597
6586 612
6590 601
6594 616
6598 604
6602 619
6606 607
6610 596
6614 612
6618 600
6622 615
6626 604
6630 618
6634 606
6638 621
6642 609
6646 598
6650 613
6654 602
6658 616
6662 605
6666 619
6670 607
6674 596
6678 612
6682 600
6686 615
6690 604
6694 593
6698 609
6702 598
6706 613
6710 602
6714 592
6718 607
6722 597
6726 612
6730 601
6734 591
6738 606
6742 596
6746 611
6750 600
6754 590
6758 606
6762 595
6766 586
6770 602
6774 592
6778 583
6782 599
6786 589
6790 580
6794 597
6798 587
6802 579
6806 596
6810 586
6814 577
6818 595
6822 585
6826 577
6830 594
6834 584
6838 601
6842 591
6846 582
6850 573
6854 591
6858 582
6862 599
6866 589
6870 580
6874 597
6878 587
6882 578
6886 595
6890 586
6894 577
6898 594
6902 585
6906 601
6910 591
6914 582
6918 599
6922 589
6926 580
6930 597
6934 587
6938 578
6942 595
6946 586
6950 602
6954 592
6958 608
6962 597
6966 587
6970 603
6974 593
6978 584
6982 600
6986 590
6990 606
6994 595
6998 611
7002 600
7006 615
7010 603
7014 593
7018 608
7022 598
7026 613
7030 601
7034 591
7038 607
7042 596
7046 612
7050 600
7054 590
7058 606
7062 596
7066 611
7070 600
7074 615
7078 603
7082 618
7086 606
7090 595
7094 611
7098 600
7102 615
7106 603
7110 593
7114 608
7118 598
7122 613
7126 601
7130 616
7134 605
7138 619
7142 607
7146 596
7150 612
7154 600
7158 615
7162 604
7166 618
7170 606
7174 596
7178 611
7182 600
7186 615
7190 603
7194 618
7198 606
7202 620
7206 608
7210 597
7214 613
7218 601
7222 616
7226 605
7230 619
7234 607
7238 596
7242 612
7246 600
7250 615
7254 604
7258 618
7262 606
7266 621
7270 609
7274 598
7278 613
7282 602
7286 616
7290 605
7294 594
7298 610
7302 599
7306 614
7310 602
7314 592
7318 608
7322 597
7326 612
7330 601
7334 591
7338 607
7342 596
7346 611
7350 600
7354 590
7358 606
7362 595
7366 586
7370 602
7374 592
7378 583
7382 599
7386 589
7390 605
7394 595
7398 585
7402 577
7406 594
7410 585
7414 601
7418 591
7422 582
7426 573
7430 591
7434 582
7438 599
7442 589
7446 580
7450 597
7454 587
7458 578
7462 595
7466 586
7470 577
7474 594
7478 585
7482 601
7486 591
7490 582
7494 599
7498 589
7502 580
7506 597
7510 587
7514 578
7518 595
7522 586
7526 602
7530 592
7534 583
7538 599
7542 589
7546 605
7550 595
7554 585
7558 602
7562 591
7566 607
7570 597
7574 587
7578 603
7582 593
7586 608
7590 598
7594 588
7598 604
7602 593
7606 609
7610 598
7614 588
7618 604
7622 594
7626 609
7630 598
7634 589
7638 605
7642 594
7646 610
7650 599
7654 589
7658 605
7662 594
7666 610
7670 599
7674 614
7678 602
7682 617
7686 605
7690 595
7694 610
7698 599
7702 614
7706 603
7710 617
7714 606
7718 620
7722 608
7726 597
7730 612
7734 601
7738 616
7742 604
7746 619
7750 607
7754 621
7758 609
7762 598
7766 613
7770 602
7774 617
7778 605
7782 594
7786 610
7790 599
7794 614
7798 602
7802 617
7806 605
7810 620
7814 608
7818 597
7822 612
7826 601
7830 616
7834 604
7838 594
7842 609
7846 598
7850 613
7854 602
7858 592
7862 608
7866 622
7870 610
7874 599
7878 614
7882 602
7886 617
7890 605
7894 595
7898 610
7902 599
7906 614
7910 603
7914 592
7918 608
7922 597
7926 612
7930 601
7934 591
7938 607
7942 596
7946 586
7950 603
7954 592
7958 608
7962 597
7966 587
7970 604
7974 593
7978 584
7982 600
7986 590
7990 581
7994 598
7998 588
8002 579
8006 596
8010 587
8014 578
8018 595
8022 586
8026 577
8030 594
8034 585
8038 576
8042 594
8046 584
8050 576
8054 593
8058 584
8062 600
8066 590
8070 581
8074 573
8078 591
8082 582
8086 598
8090 588
8094 580
8098 597
8102 587
8106 603
8110 593
8114 583
8118 600
8122 590
8126 581
8130 598
8134 588
8138 579
8142 596
8146 586
8150 603
8154 592
8158 583
8162 600
8166 590
8170 606
8174 595
8178 586
8182 602
8186 592
8190 607
8194 597
8198 612
8202 601
8206 591
8210 606
8214 596
8218 611
8222 600
8226 615
8230 603
8234 593
8238 609
8242 598
8246 613
8250 602
8254 591
8258 607
8262 596
8266 612
8270 601
8274 615
8278 604
8282 618
8286 606
8290 596
8294 611
8298 600
8302 615
8306 603
8310 618
8314 606
8318 595
8322 611
8326 600
8330 615
8334 603
8338 618
8342 606
8346 595
8350 611
8354 600
8358 615
8362 603
8366 593
8370 608
8374 598
8378 613
8382 601
8386 616
8390 605
8394 619
8398 607
8402 596
8406 612
8410 600
8414 615
8418 604
8422 618
8426 606
8430 621
8434 609
8438 598
8442 613
8446 602
8450 616
8454 605
8458 594
8462 610
8466 599
8470 614
8474 602
8478 592
8482 608
8486 597
8490 612
8494 601
8498 591
8502 607
8506 596
8510 611
8514 600
8518 615
8522 604
8526 593
8530 609
8534 598
8538 588
8542 604
8546 594
8550 609
8554 598
8558 588
8562 605
8566 594
8570 585
8574 601
8578 591
8582 582
8586 599
8590 589
8594 605
8598 594
8602 585
8606 601
8610 591
8614 582
8618 599
8622 589
8626 580
8630 597
8634 587
8638 578
8642 595
8646 586
8650 577
8654 594
8658 585
8662 601
8666 591
8670 582
8674 599
8678 589
8682 580
8686 597
8690 587
8694 578
8698 595
8702 586
8706 602
8710 592
8714 583
8718 599
8722 589
8726 605
8730 595
8734 585
8738 602
8742 591
8746 607
8750 597
8754 587
8758 603
8762 593
8766 583
8770 600
8774 590
8778 606
8782 595
8786 611
8790 600
8794 590
8798 606
8802 595
8806 610
8810 599
8814 589
8818 605
8822 595
8826 610
8830 599
8834 589
8838 605
8842 595
8846 610
8850 599
8854 589
8858 605
8862 595
8866 610
8870 599
8874 614
8878 603
8882 617
8886 606
8890 595
8894 610
8898 599
8902 614
8906 603
8910 617
8914 606
8918 620
8922 608
8926 597
8930 612
8934 601
8938 616
8942 604
8946 619
8950 607
8954 621
8958 609
8962 598
8966 613
8970 602
8974 617
8978 605
8982 594
8986 610
8990 599
8994 614
8998 602
9002 617
9006 605
9010 620
9014 608
9018 597
9022 612
9026 601
9030 616
9034 604
9038 594
9042 609
9046 598
9050 613
9054 602
9058 592
9062 608
9066 597
9070 612
9074 601
9078 616
9082 604
9086 594
9090 609
9094 598
9098 613
9102 602
9106 617
9110 605
9114 594
9118 610
9122 599
9126 589
9130 605
9134 594
9138 585
9142 601
9146 591
9150 607
9154 596
9158 587
9162 603
9166 593
9170 583
9174 600
9178 590
9182 581
9186 598
9190 588
9194 604
9198 594
9202 584
9206 576
9210 593
9214 584
9218 600
9222 590
9226 581
9230 598
9234 588
9238 579
9242 596
9246 587
9250 578
9254 595
9258 586
9262 602
9266 592
9270 582
9274 599
9278 589
9282 580
9286 597
9290 587
9294 579
9298 596
9302 586
9306 602
9310 592
9314 583
9318 600
9322 590
9326 606
9330 595
9334 585
9338 602
9342 592
9346 607
9350 597
9354 587
9358 603
9362 593
9366 608
9370 598
9374 588
9378 604
9382 593
9386 609
9390 598
9394 588
9398 604
9402 594
9406 609
9410 598
9414 589
9418 605
9422 594
9426 610
9430 599
9434 589
9438 605
9442 594
9446 610
9450 599
9454 589
9458 605
9462 594
9466 610
9470 599
9474 614
9478 602
9482 617
9486 605
9490 595
9494 610
9498 599
9502 614
9506 603
9510 617
9514 606
9518 620
9522 608
9526 597
9530 612
9534 601
9538 616
9542 604
9546 594
9550 609
9554 623
9558 611
9562 600
9566 615
9570 603
9574 618
9578 606
9582 595
9586 611
9590 600
9594 615
9598 603
9602 618
9606 606
9610 595
9614 611
9618 600
9622 615
9626 603
9630 618
9634 606
9638 595
9642 611
9646 600
9650 615
9654 603
9658 593
9662 608
9666 597
9670 613
9674 601
9678 616
9682 605
9686 594
9690 610
9694 599
9698 614
9702 602
9706 617
9710 605
9714 595
9718 610
9722 599
9726 589
9730 605
9734 595
9738 585
9742 602
9746 591
9750 607
9754 596
9758 587
9762 603
9766 593
9770 583
9774 600
9778 590
9782 581
9786 598
9790 588
9794 604
9798 594
9802 584
9806 576
9810 593
9814 584
9818 600
9822 590
9826 581
9830 598
9834 588
9838 579
9842 596
9846 587
9850 578
9854 595
9858 586
9862 577
9866 594
9870 585
9874 576
9878 594
9882 584
9886 601
9890 591
9894 581
9898 598
9902 588
9906 604
9910 594
9914 585
9918 601
9922 591
9926 582
9930 599
9934 589
9938 580
9942 597
9946 587
9950 603
9954 593
9958 584
9962 600
9966 590
9970 606
9974 595
9978 586
9982 602
9986 592
9990 608
9994 597
9998 612
10002 601
10006 616
10010 604
10014 594
10018 609
10022 598
10026 613
10030 602
10034 592
10038 608
10042 597
10046 612
10050 601
10054 616
10058 604
10062 594
10066 609
10070 598
10074 613
10078 602
10082 617
10086 605
10090 594
10094 610
10098 599
10102 614
10106 603
10110 617
10114 605
10118 620
10122 608
10126 597
10130 612
10134 601
10138 616
10142 604
10146 619
10150 607
10154 621
10158 609
10162 598
10166 613
10170 602
10174 617
10178 605
10182 619
10186 607
10190 622
10194 609
10198 598
10202 613
10206 602
10210 617
10214 605
10218 595
10222 610
10226 599
10230 614
10234 603
10238 592
10242 608
10246 597
10250 612
10254 601
10258 591
10262 607
10266 621
10270 609
10274 598
10278 613
10282 602
10286 592
10290 607
10294 597
10298 587
10302 603
10306 618
10310 606
10314 595
10318 611
10322 600
10326 590
10330 606
10334 595
10338 585
10342 602
10346 592
10350 607
10354 597
10358 587
10362 603
10366 593
10370 583
10374 600
10378 590
10382 581
10386 598
10390 588
10394 604
10398 594
10402 584
10406 576
10410 593
10414 584
10418 600
10422 590
10426 581
10430 598
10434 588
10438 579
10442 596
10446 587
10450 578
10454 595
10458 586
10462 577
10466 594
10470 585
10474 601
10478 591
10482 582
10486 599
10490 589
10494 580
10498 597
10502 587
10506 603
10510 593
10514 584
10518 600
10522 590
10526 581
10530 598
10534 588
10538 604
10542 594
10546 584
10550 601
10554 591
10558 607
10562 596
10566 586
10570 603
10574 592
10578 583
10582 600
10586 590
10590 606
10594 595
10598 610
10602 599
10606 614
10610 603
10614 593
10618 608
10622 597
10626 613
10630 601
10634 591
10638 607
10642 596
10646 612
10650 600
10654 615
10658 604
10662 618
10666 606
10670 596
10674 611
10678 600
10682 615
10686 603
10690 593
10694 609
10698 598
10702 613
10706 602
10710 616
10714 605
10718 619
10722 607
10726 596
10730 612
10734 600
10738 615
10742 604
10746 618
10750 606
10754 621
10758 609
10762 598
10766 613
10770 602
10774 616
10778 605
10782 619
10786 607
10790 621
10794 609
10798 598
10802 613
10806 602
10810 617
10814 605
10818 594
10822 610
10826 599
10830 614
10834 603
10838 617
10842 605
10846 595
10850 610
10854 599
10858 614
10862 603
10866 617
10870 606
10874 595
10878 610
10882 599
10886 614
10890 603
10894 593
10898 608
10902 597
10906 613
10910 601
10914 591
10918 607
10922 596
10926 587
10930 603
10934 592
10938 583
10942 600
10946 590
10950 606
10954 595
10958 586
10962 602
10966 592
10970 582
10974 599
10978 589
10982 580
10986 597
10990 587
10994 579
10998 596
11002 586
11006 577
11010 595
11014 585
11018 577
11022 594
11026 584
11030 576
11034 593
11038 584
11042 575
11046 593
11050 584
11054 575
11058 593
11062 583
11066 600
11070 590
11074 581
11078 573
11082 590
11086 581
11090 598
11094 588
11098 579
11102 596
11106 587
11110 603
11114 593
11118 583
11122 600
11126 590
11130 606
11134 595
11138 586
11142 602
11146 592
11150 608
11154 597
11158 587
11162 603
11166 593
11170 609
11174 598
11178 588
11182 604
11186 594
11190 609
11194 598
11198 588
11202 604
11206 594
11210 609
11214 598
11218 589
11222 605
11226 594
11230 610
11234 599
11238 614
11242 602
11246 617
11250 605
11254 595
11258 610
11262 599
11266 614
11270 603
11274 617
11278 606
11282 620
11286 608
11290 597
11294 612
11298 601
11302 616
11306 604
11310 619
11314 607
11318 621
11322 609
11326 598
11330 613
11334 602
11338 617
11342 605
11346 619
11350 607
11354 622
11358 609
11362 598
11366 613
11370 602
11374 617
11378 605
11382 620
11386 608
11390 622
11394 610
11398 599
11402 614
11406 602
11410 617
11414 605
11418 595
11422 610
11426 599
11430 614
11434 603
11438 617
11442 606
11446 595
11450 610
11454 599
11458 614
11462 603
11466 618
11470 606
11474 595
11478 611
11482 599
11486 589
11490 605
11494 595
11498 610
11502 599
11506 614
11510 603
11514 592
11518 608
11522 597
11526 588
11530 604
11534 593
11538 584
11542 600
11546 590
11550 606
11554 596
11558 586
11562 602
11566 592
11570 583
11574 599
11578 589
11582 580
11586 597
11590 588
11594 604
11598 593
11602 584
11606 576
11610 593
11614 584
11618 575
11622 593
11626 583
11630 575
11634 592
11638 583
11642 600
11646 590
11650 581
11654 573
11658 590
11662 581
11666 598
11670 588
11674 579
11678 596
11682 587
11686 578
11690 595
11694 586
11698 577
11702 594
11706 585
11710 601
11714 591
11718 582
11722 599
11726 589
11730 605
11734 594
11738 585
11742 601
11746 591
11750 607
11754 596
11758 587
11762 603
11766 592
11770 608
11774 597
11778 588
11782 604
11786 593
11790 609
11794 598
11798 588
11802 604
11806 594
11810 609
11814 598
11818 613
11822 602
11826 592
11830 608
11834 597
11838 612
11842 601
11846 616
11850 604
11854 594
11858 609
11862 598
11866 613
11870 602
11874 617
11878 605
11882 619
11886 607
11890 597
11894 612
11898 601
11902 616
11906 604
11910 619
11914 607
11918 621
11922 609
11926 598
11930 613
11934 602
11938 616
11942 605
11946 619
11950 607
11954 621
11958 609
11962 598
11966 613
11970 602
11974 617
11978 605
11982 619
11986 607
11990 622
11994 609
11998 598
12002 614
12006 602
12010 617
12014 605
12018 595
12022 610
12026 599
12030 614
12034 603
12038 617
12042 606
12046 595
12050 610
12054 599
12058 614
12062 603
12066 617
12070 606
12074 595
12078 611
12082 599
12086 614
12090 603
12094 593
12098 608
12102 597
12106 613
12110 601
12114 591
12118 607
12122 596
12126 612
12130 600
12134 590
12138 606
12142 596
12146 586
12150 602
12154 592
12158 583
12162 599
12166 589
12170 580
12174 597
12178 588
12182 579
12186 596
12190 586
12194 578
12198 595
12202 585
12206 577
12210 594
12214 584
12218 576
12222 593
12226 584
12230 576
12234 593
12238 584
12242 575
12246 593
12250 583
12254 575
12258 592
12262 583
12266 575
12270 592
12274 583
12278 575
12282 592
12286 583
12290 574
12294 592
12298 583
12302 574
12306 592
12310 583
12314 599
12318 589
12322 580
12326 597
12330 588
12334 604
12338 593
12342 584
12346 600
12350 590
12354 606
12358 596
12362 586
12366 602
12370 592
12374 608
12378 597
12382 587
12386 603
12390 593
12394 609
12398 598
12402 588
12406 604
12410 594
12414 609
12418 598
12422 588
12426 604
12430 594
12434 610
12438 599
12442 614
12446 602
12450 592
12454 608
12458 597
12462 612
12466 601
12470 616
12474 604
12478 594
12482 609
12486 598
12490 613
12494 602
12498 617
12502 605
12506 619
12510 607
12514 597
12518 612
12522 601
12526 616
12530 604
12534 619
12538 607
12542 621
12546 609
12550 623
12554 611
12558 624
12562 612
12566 601
12570 616
12574 604
12578 619
12582 607
12586 621
12590 609
12594 623
12598 610
12602 599
12606 614
12610 603
12614 618
12618 606
12622 620
12626 608
12630 622
12634 610
12638 599
12642 614
12646 603
12650 617
12654 605
12658 595
12662 610
12666 599
12670 614
12674 603
12678 617
12682 606
12686 595
12690 610
12694 599
12698 614
12702 603
12706 618
12710 606
12714 595
12718 611
12722 599
12726 589
12730 605
12734 595
12738 585
12742 602
12746 592
12750 607
12754 597
12758 587
12762 603
12766 593
12770 583
12774 600
12778 590
12782 581
12786 598
12790 588
12794 604
12798 594
12802 584
12806 576
12810 593
12814 584
12818 600
12822 590
12826 581
12830 598
12834 588
12838 579
12842 596
12846 587
12850 578
12854 595
12858 586
12862 577
12866 594
12870 585
12874 576
12878 594
12882 584
12886 601
12890 591
12894 581
12898 598
12902 588
12906 579
12910 596
12914 587
12918 578
12922 595
12926 586
12930 602
12934 592
12938 583
12942 599
12946 589
12950 605
12954 595
12958 585
12962 602
12966 591
12970 607
12974 596
12978 587
12982 603
12986 593
12990 608
12994 597
12998 588
13002 604
13006 593
13010 609
13014 598
13018 613
13022 602
13026 592
13030 607
13034 597
13038 612
13042 601
13046 616
13050 604
13054 593
13058 609
13062 598
13066 613
13070 602
13074 617
13078 605
13082 619
13086 607
13090 597
13094 612
13098 601
13102 616
13106 604
13110 618
13114 607
13118 621
13122 609
13126 598
13130 613
13134 602
13138 616
13142 605
13146 619
13150 607
13154 621
13158 609
13162 598
13166 613
13170 602
13174 617
13178 605
13182 619
13186 607
13190 622
13194 609
13198 598
13202 614
13206 602
13210 617
13214 605
13218 595
13222 610
13226 599
13230 614
13234 603
13238 617
13242 606
13246 595
13250 610
13254 599
13258 614
13262 603
13266 617
13270 606
13274 595
13278 611
13282 599
13286 614
13290 603
13294 593
13298 608
13302 597
13306 613
13310 601
13314 591
13318 607
13322 596
13326 612
13330 600
13334 590
13338 581
13342 598
13346 588
13350 604
13354 594
13358 584
13362 601
13366 591
13370 582
13374 598
13378 589
13382 580
13386 597
13390 587
13394 603
13398 593
13402 583
13406 575
13410 593
13414 583
13418 575
13422 592
13426 583
13430 575
13434 592
13438 583
13442 600
13446 590
13450 581
13454 572
13458 590
13462 581
13466 573
13470 591
13474 581
13478 573
13482 591
13486 582
13490 599
13494 589
13498 580
13502 597
13506 587
13510 603
13514 593
13518 584
13522 600
13526 590
13530 581
13534 598
13538 588
13542 579
13546 596
13550 587
13554 603
13558 592
13562 583
13566 600
13570 590
13574 606
13578 595
13582 586
13586 602
13590 592
13594 607
13598 597
13602 587
13606 603
13610 593
13614 609
13618 598
13622 588
13626 604
13630 594
13634 609
13638 598
13642 613
13646 602
13650 617
13654 605
13658 594
13662 610
13666 599
13670 614
13674 602
13678 592
13682 608
13686 597
13690 612
13694 601
13698 616
13702 604
13706 619
13710 607
13714 621
13718 609
13722 598
13726 613
13730 602
13734 617
13738 605
13742 619
13746 607
13750 622
13754 609
13758 623
13762 611
13766 600
13770 615
13774 603
13778 618
13782 606
13786 620
13790 608
13794 622
13798 610
13802 599
13806 614
13810 603
13814 617
13818 606
13822 620
13826 608
13830 622
13834 610
13838 599
13842 614
13846 602
13850 617
13854 605
13858 620
13862 608
13866 622
13870 610
13874 599
13878 614
13882 602
13886 617
13890 605
13894 595
13898 610
13902 599
13906 614
13910 603
13914 592
13918 608
13922 597
13926 612
13930 601
13934 591
13938 607
13942 596
13946 611
13950 600
13954 590
13958 606
13962 595
13966 586
13970 602
13974 592
13978 583
13982 599
13986 589
13990 580
13994 597
13998 588
14002 579
14006 596
14010 586
14014 578
14018 595
14022 585
14026 577
14030 594
14034 584
14038 576
14042 593
14046 584
14050 575
14054 593
14058 584
14062 600
14066 590
14070 581
14074 598
14078 588
14082 579
14086 596
14090 587
14094 578
14098 595
14102 585
14106 602
14110 592
14114 582
14118 599
14122 589
14126 580
14130 597
14134 587
14138 579
14142 596
14146 586
14150 602
14154 592
14158 583
14162 600
14166 590
14170 606
14174 595
14178 585
14182 602
14186 592
14190 607
14194 597
14198 587
14202 603
14206 593
14210 608
14214 598
14218 588
14222 604
14226 593
14230 609
14234 598
14238 588
14242 604
14246 594
14250 609
14254 598
14258 614
14262 602
14266 617
14270 605
14274 595
14278 610
14282 599
14286 614
14290 603
14294 617
14298 606
14302 620
14306 608
14310 597
14314 612
14318 601
14322 616
14326 604
14330 619
14334 607
14338 621
14342 609
14346 598
14350 613
14354 602
14358 617
14362 605
14366 619
14370 607
14374 622
14378 609
14382 598
14386 613
14390 602
14394 617
14398 605
14402 620
14406 608
14410 622
14414 609
14418 598
14422 614
14426 602
14430 617
14434 605
14438 595
14442 610
14446 599
14450 614
14454 603
14458 617
14462 606
14466 620
14470 608
14474 597
14478 612
14482 601
14486 616
14490 604
14494 594
14498 609
14502 598
14506 613
14510 602
14514 592
14518 608
14522 597
14526 612
14530 601
14534 591
14538 607
14542 596
14546 611
14550 600
14554 590
14558 581
14562 598
14566 588
14570 604
14574 594
14578 584
14582 601
14586 591
14590 582
14594 598
14598 588
14602 580
14606 572
14610 589
14614 580
14618 597
14622 587
14626 579
14630 571
14634 589
14638 580
14642 597
14646 587
14650 578
14654 570
14658 588
14662 579
14666 596
14670 587
14674 578
14678 595
14682 586
14686 577
14690 594
14694 585
14698 576
14702 594
14706 584
14710 601
14714 591
14718 581
14722 598
14726 588
14730 579
14734 596
14738 587
14742 578
14746 595
14750 586
14754 602
14758 592
14762 583
14766 599
14770 589
14774 605
14778 595
14782 585
14786 602
14790 591
14794 607
14798 596
14802 587
14806 603
14810 593
14814 608
14818 597
14822 588
14826 604
14830 593
14834 609
14838 598
14842 588
14846 604
14850 594
14854 609
14858 598
14862 614
14866 602
14870 617
14874 605
14878 595
14882 610
14886 599
14890 614
14894 603
14898 592
14902 608
14906 597
14910 612
14914 601
14918 616
14922 604
14926 619
14930 607
14934 596
14938 611
14942 600
14946 615
14950 604
14954 618
14958 606
14962 621
14966 609
14970 598
14974 613
14978 601
14982 616
14986 605
14990 619
14994 607
14998 621
