10 0
14 0
18 0
22 0
26 0
30 0
34 0
38 0
42 0
46 0
50 0
54 0
58 0
62 0
66 0
70 0
74 0
78 0
82 0
86 0
90 0
94 0
98 0
102 0
106 0
110 0
114 0
118 0
122 25
126 22
130 20
134 18
138 16
142 39
146 35
150 32
154 53
158 48
162 68
166 61
170 80
174 97
178 112
182 126
186 138
190 150
194 160
198 169
202 177
206 184
210 215
214 219
218 222
222 250
226 250
230 250
234 275
238 297
242 292
246 313
250 332
254 323
258 341
262 357
266 371
270 384
274 396
278 406
282 415
286 424
290 431
294 438
298 444
302 450
306 455
310 459
314 463
318 467
322 495
326 496
330 496
334 496
338 522
342 519
346 517
350 516
354 539
358 535
362 532
366 553
370 548
374 543
378 564
382 557
386 577
390 569
394 562
398 581
402 573
406 590
410 581
414 573
418 591
422 582
426 598
430 588
434 580
438 597
442 612
446 601
450 590
454 606
458 596
462 611
466 600
470 615
474 603
478 618
482 606
486 620
490 633
494 620
498 608
502 622
506 635
510 621
514 634
518 621
522 634
526 620
530 633
534 620
538 633
542 619
546 632
550 644
554 630
558 642
562 627
566 640
570 626
574 638
578 649
582 634
586 646
590 631
594 643
598 629
602 641
606 652
610 636
614 648
618 633
622 645
626 630
630 642
634 653
638 637
642 649
646 634
650 645
654 631
658 643
662 653
666 638
670 624
674 637
678 648
682 633
686 645
690 630
694 642
698 628
702 640
706 651
710 636
714 622
718 635
722 646
726 632
730 643
734 629
738 641
742 627
746 639
750 625
754 638
758 624
762 611
766 625
770 638
774 624
778 611
782 625
786 638
790 624
794 611
798 625
802 613
806 626
810 614
814 627
818 614
822 628
826 615
830 604
834 618
838 606
842 621
846 608
850 598
854 613
858 601
862 616
866 605
870 594
874 610
878 599
882 614
886 602
890 592
894 608
898 597
902 612
906 601
910 591
914 582
918 598
922 589
926 605
930 594
934 585
938 601
942 591
946 582
950 599
954 589
958 580
962 597
966 587
970 603
974 593
978 584
982 575
986 593
990 583
994 575
998 592
1002 583
1006 575
1010 592
1014 583
1018 575
1022 592
1026 583
1030 574
1034 567
1038 585
1042 577
1046 594
1050 585
1054 576
1058 568
1062 586
1066 578
1070 595
1074 585
1078 577
1082 569
1086 587
1090 578
1094 595
1098 586
1102 577
1106 569
1110 587
1114 579
1118 596
1122 586
1126 577
1130 595
1134 585
1138 577
1142 594
1146 584
1150 576
1154 593
1158 584
1162 600
1166 590
1170 581
1174 598
1178 588
1182 604
1186 594
1190 584
1194 576
1198 593
1202 609
1206 598
1210 588
1214 604
1218 594
1222 609
1226 598
1230 588
1234 605
1238 594
1242 610
1246 599
1250 589
1254 605
1258 594
1262 610
1266 599
1270 589
1274 605
1278 594
1282 610
1286 599
1290 589
1294 605
1298 619
1302 607
1306 597
1310 612
1314 601
1318 616
1322 604
1326 594
1330 609
1334 598
1338 613
1342 602
1346 592
1350 607
1354 622
1358 609
1362 598
1366 614
1370 602
1374 617
1378 605
1382 595
1386 610
1390 599
1394 614
1398 603
1402 592
1406 608
1410 622
1414 610
1418 599
1422 614
1426 602
1430 617
1434 605
1438 595
1442 610
1446 599
1450 614
1454 603
1458 592
1462 608
1466 597
1470 613
1474 601
1478 591
1482 607
1486 596
1490 611
1494 600
1498 615
1502 604
1506 618
1510 606
1514 596
1518 611
1522 600
1526 615
1530 603
1534 593
1538 609
1542 598
1546 613
1550 602
1554 591
1558 607
1562 596
1566 612
1570 600
1574 590
1578 606
1582 596
1586 611
1590 600
1594 590
1598 606
1602 595
1606 611
1610 599
1614 589
1618 605
1622 595
1626 610
1630 599
1634 589
1638 580
1642 597
1646 587
1650 604
1654 593
1658 584
1662 600
1666 590
1670 606
1674 596
1678 586
1682 602
1686 592
1690 608
1694 597
1698 587
1702 603
1706 593
1710 609
1714 598
1718 588
1722 604
1726 594
1730 609
1734 598
1738 588
1742 604
1746 594
1750 610
1754 599
1758 589
1762 605
1766 594
1770 610
1774 599
1778 589
1782 605
1786 594
1790 610
1794 599
1798 589
1802 605
1806 594
1810 610
1814 599
1818 589
1822 605
1826 594
1830 610
1834 599
1838 589
1842 605
1846 594
1850 610
1854 599
1858 589
1862 605
1866 594
1870 610
1874 599
1878 589
1882 605
1886 594
1890 610
1894 599
1898 589
1902 605
1906 594
1910 610
1914 599
1918 589
1922 605
1926 594
1930 610
1934 599
1938 589
1942 605
1946 619
1950 607
1954 597
1958 587
1962 603
1966 618
1970 606
1974 595
1978 611
1982 600
1986 615
1990 603
1994 593
1998 583
2002 600
2006 615
2010 603
2014 593
2018 609
2022 598
2026 588
2030 604
2034 594
2038 584
2042 601
2046 591
2050 607
2054 596
2058 586
2062 603
2066 592
2070 608
2074 597
2078 587
2082 604
2086 593
2090 609
2094 598
2098 588
2102 604
2106 594
2110 609
2114 598
2118 588
2122 605
2126 594
2130 610
2134 599
2138 589
2142 605
2146 594
2150 610
2154 599
2158 589
2162 605
2166 594
2170 610
2174 599
2178 589
2182 605
2186 594
2190 610
2194 599
2198 589
2202 605
2206 594
2210 610
2214 599
2218 589
2222 605
2226 594
2230 610
2234 599
2238 589
2242 605
2246 594
2250 610
2254 599
2258 589
2262 605
2266 594
2270 610
2274 599
2278 589
2282 605
2286 594
2290 610
2294 599
2298 589
2302 605
2306 594
2310 610
2314 599
2318 589
2322 605
2326 594
2330 610
2334 599
2338 589
2342 605
2346 594
2350 610
2354 599
2358 589
2362 605
2366 594
2370 610
2374 599
2378 589
2382 605
2386 594
2390 610
2394 599
2398 589
2402 605
2406 619
2410 607
2414 597
2418 612
2422 601
2426 616
2430 604
2434 594
2438 609
2442 598
2446 613
2450 602
2454 592
2458 607
2462 597
2466 612
2470 601
2474 591
2478 606
2482 596
2486 611
2490 600
2494 590
2498 606
2502 595
2506 611
2510 600
2514 590
2518 581
2522 597
2526 613
2530 601
2534 591
2538 582
2542 599
2546 589
2550 605
2554 594
2558 585
2562 601
2566 591
2570 607
2574 596
2578 587
2582 603
2586 593
2590 608
2594 597
2598 588
2602 604
2606 593
2610 609
2614 598
2618 588
2622 604
2626 594
2630 609
2634 598
2638 588
2642 605
2646 594
2650 610
2654 599
2658 589
2662 605
2666 594
2670 610
2674 599
2678 589
2682 605
2686 594
2690 610
2694 599
2698 589
2702 605
2706 594
2710 610
2714 599
2718 589
2722 605
2726 594
2730 610
2734 599
2738 589
2742 605
2746 594
2750 610
2754 599
2758 589
2762 605
2766 594
2770 610
2774 599
2778 589
2782 605
2786 594
2790 610
2794 599
2798 589
2802 605
2806 594
2810 610
2814 599
2818 589
2822 605
2826 594
2830 610
2834 599
2838 589
2842 605
2846 594
2850 610
2854 599
2858 589
2862 605
2866 594
2870 610
2874 599
2878 589
2882 605
2886 594
2890 610
2894 599
2898 589
2902 605
2906 594
2910 610
2914 599
2918 589
2922 605
2926 594
2930 610
2934 599
2938 589
2942 605
2946 594
2950 610
2954 599
2958 589
2962 605
2966 594
2970 610
2974 599
2978 589
2982 605
2986 594
2990 610
2994 599
2998 589
3002 605
3006 619
3010 607
3014 597
3018 612
3022 601
3026 616
3030 604
3034 594
3038 584
3042 601
3046 616
3050 604
3054 594
3058 609
3062 598
3066 588
3070 604
3074 594
3078 584
3082 601
3086 616
3090 604
3094 594
3098 584
3102 601
3106 591
3110 607
3114 596
3118 586
3122 603
3126 592
3130 608
3134 597
3138 587
3142 604
3146 593
3150 609
3154 598
3158 588
3162 604
3166 594
3170 609
3174 598
3178 588
3182 605
3186 594
3190 610
3194 599
3198 589
3202 605
3206 594
3210 610
3214 599
3218 589
3222 605
3226 594
3230 610
3234 599
3238 589
3242 605
3246 594
3250 610
3254 599
3258 589
3262 605
3266 594
3270 610
3274 599
3278 589
3282 605
3286 594
3290 610
3294 599
3298 589
3302 605
3306 594
3310 610
3314 599
3318 589
3322 605
3326 594
3330 610
3334 599
3338 589
3342 605
3346 594
3350 610
3354 599
3358 589
3362 605
3366 594
3370 610
3374 599
3378 589
3382 605
3386 594
3390 610
3394 599
3398 589
3402 605
3406 594
3410 610
3414 599
3418 589
3422 605
3426 594
3430 610
3434 599
3438 589
3442 605
3446 594
3450 610
3454 599
3458 589
3462 605
3466 594
3470 610
3474 599
3478 589
3482 605
3486 594
3490 610
3494 599
3498 589
3502 605
3506 594
3510 610
3514 599
3518 589
3522 605
3526 594
3530 610
3534 599
3538 589
3542 605
3546 594
3550 610
3554 599
3558 589
3562 605
3566 594
3570 610
3574 599
3578 589
3582 605
3586 594
3590 610
3594 599
3598 589
3602 605
3606 619
3610 607
3614 597
3618 612
3622 601
3626 616
3630 604
3634 594
3638 584
3642 601
3646 616
3650 604
3654 594
3658 609
3662 598
3666 613
3670 602
3674 592
3678 582
3682 599
3686 614
3690 603
3694 592
3698 608
3702 597
3706 612
3710 601
3714 591
3718 582
3722 599
3726 589
3730 605
3734 594
3738 585
3742 601
3746 591
3750 607
3754 596
3758 587
3762 603
3766 592
3770 608
3774 597
3778 588
3782 604
3786 593
3790 609
3794 598
3798 588
3802 604
3806 594
3810 609
3814 598
3818 588
3822 605
3826 594
3830 610
3834 599
3838 589
3842 605
3846 594
3850 610
3854 599
3858 589
3862 605
3866 594
3870 610
3874 599
3878 589
3882 605
3886 594
3890 610
3894 599
3898 589
3902 580
3906 597
3910 587
3914 603
3918 593
3922 584
3926 600
3930 590
3934 606
3938 595
3942 586
3946 602
3950 592
3954 608
3958 597
3962 587
3966 603
3970 593
3974 609
3978 598
3982 588
3986 604
3990 594
3994 609
3998 598
4002 588
4006 604
4010 594
4014 610
4018 599
4022 589
4026 605
4030 594
4034 610
4038 599
4042 589
4046 605
4050 594
4054 610
4058 599
4062 589
4066 605
4070 619
4074 607
4078 597
4082 612
4086 601
4090 616
4094 604
4098 593
4102 609
4106 598
4110 613
4114 602
4118 592
4122 582
4126 599
4130 614
4134 603
4138 592
4142 608
4146 597
4150 612
4154 601
4158 591
4162 607
4166 596
4170 611
4174 600
4178 590
4182 606
4186 595
4190 611
4194 600
4198 590
4202 606
4206 595
4210 611
4214 599
4218 589
4222 605
4226 595
4230 610
4234 599
4238 589
4242 605
4246 595
4250 610
4254 599
4258 589
4262 605
4266 595
4270 610
4274 599
4278 589
4282 605
4286 595
4290 610
4294 599
4298 589
4302 605
4306 595
4310 610
4314 599
4318 589
4322 605
4326 595
4330 610
4334 599
4338 614
4342 603
4346 592
4350 608
4354 597
4358 587
4362 604
4366 618
4370 606
4374 596
4378 611
4382 600
4386 590
4390 606
4394 595
4398 586
4402 602
4406 592
4410 608
4414 597
4418 587
4422 603
4426 593
4430 609
4434 598
4438 588
4442 604
4446 594
4450 609
4454 598
4458 588
4462 604
4466 594
4470 609
4474 598
4478 589
4482 605
4486 594
4490 610
4494 599
4498 589
4502 605
4506 594
4510 610
4514 599
4518 589
4522 605
4526 594
4530 610
4534 599
4538 589
4542 580
4546 597
4550 587
4554 603
4558 593
4562 584
4566 600
4570 590
4574 606
4578 595
4582 586
4586 602
4590 592
4594 608
4598 597
4602 587
4606 603
4610 593
4614 609
4618 598
4622 588
4626 604
4630 594
4634 609
4638 598
4642 588
4646 604
4650 594
4654 610
4658 599
4662 589
4666 605
4670 594
4674 610
4678 599
4682 589
4686 605
4690 594
4694 610
4698 599
4702 589
4706 605
4710 594
4714 610
4718 599
4722 589
4726 605
4730 594
4734 610
4738 599
4742 589
4746 605
4750 594
4754 610
4758 599
4762 589
4766 605
4770 594
4774 610
4778 599
4782 614
4786 603
4790 592
4794 608
4798 597
4802 612
4806 601
4810 616
4814 604
4818 594
4822 609
4826 598
4830 613
4834 602
4838 592
4842 608
4846 597
4850 612
4854 601
4858 591
4862 607
4866 596
4870 611
4874 600
4878 590
4882 606
4886 595
4890 611
4894 600
4898 590
4902 606
4906 595
4910 610
4914 599
4918 589
4922 605
4926 595
4930 610
4934 599
4938 589
4942 605
4946 595
4950 610
4954 599
4958 589
4962 605
4966 595
4970 610
4974 599
4978 589
4982 605
4986 595
4990 610
4994 599
4998 589
5002 605
5006 595
5010 610
5014 599
5018 589
5022 605
5026 595
5030 610
5034 599
5038 589
5042 605
5046 595
5050 610
5054 599
5058 589
5062 605
5066 595
5070 610
5074 599
5078 589
5082 605
5086 595
5090 610
5094 599
5098 589
5102 605
5106 594
5110 610
5114 599
5118 589
5122 605
5126 594
5130 610
5134 599
5138 589
5142 605
5146 594
5150 610
5154 599
5158 589
5162 580
5166 597
5170 612
5174 601
5178 591
5182 582
5186 598
5190 589
5194 605
5198 594
5202 585
5206 601
5210 591
5214 607
5218 596
5222 586
5226 603
5230 592
5234 608
5238 597
5242 587
5246 604
5250 593
5254 609
5258 598
5262 588
5266 604
5270 594
5274 609
5278 598
5282 588
5286 605
5290 594
5294 610
5298 599
5302 589
5306 605
5310 594
5314 610
5318 599
5322 589
5326 605
5330 594
5334 610
5338 599
5342 614
5346 602
5350 617
5354 605
5358 595
5362 610
5366 599
5370 614
5374 603
5378 592
5382 608
5386 597
5390 612
5394 601
5398 591
5402 607
5406 596
5410 611
5414 600
5418 590
5422 606
5426 595
5430 611
5434 600
5438 590
5442 606
5446 595
5450 611
5454 599
5458 589
5462 605
5466 595
5470 610
5474 599
5478 589
5482 605
5486 595
5490 610
5494 599
5498 614
5502 603
5506 617
5510 606
5514 595
5518 610
5522 599
5526 614
5530 603
5534 593
5538 608
5542 597
5546 613
5550 601
5554 591
5558 582
5562 599
5566 614
5570 602
5574 592
5578 608
5582 597
5586 587
5590 603
5594 593
5598 584
5602 600
5606 590
5610 606
5614 595
5618 586
5622 602
5626 592
5630 608
5634 597
5638 587
5642 603
5646 593
5650 609
5654 598
5658 588
5662 604
5666 594
5670 584
5674 601
5678 591
5682 581
5686 598
5690 588
5694 605
5698 594
5702 585
5706 601
5710 591
5714 607
5718 596
5722 586
5726 603
5730 592
5734 608
5738 597
5742 587
5746 604
5750 593
5754 584
5758 600
5762 590
5766 581
5770 598
5774 588
5778 604
5782 594
5786 584
5790 601
5794 591
5798 607
5802 596
5806 586
5810 603
5814 592
5818 608
5822 597
5826 587
5830 604
5834 593
5838 609
5842 598
5846 588
5850 604
5854 594
5858 609
5862 598
5866 588
5870 605
5874 594
5878 610
5882 599
5886 589
5890 605
5894 594
5898 610
5902 599
5906 589
5910 605
5914 594
5918 610
5922 599
5926 589
5930 605
5934 619
5938 607
5942 597
5946 612
5950 601
5954 616
5958 604
5962 594
5966 609
5970 598
5974 613
5978 602
5982 592
5986 607
5990 597
5994 612
5998 601
6002 591
6006 606
6010 596
6014 611
6018 600
6022 590
6026 606
6030 595
6034 611
6038 600
6042 590
6046 606
6050 620
6054 608
6058 597
6062 612
6066 601
6070 616
6074 604
6078 594
6082 609
6086 598
6090 613
6094 602
6098 592
6102 608
6106 597
6110 612
6114 601
6118 591
6122 607
6126 596
6130 611
6134 600
6138 590
6142 606
6146 595
6150 611
6154 600
6158 590
6162 606
6166 595
6170 610
6174 599
6178 589
6182 605
6186 595
6190 610
6194 599
6198 589
6202 605
6206 595
6210 610
6214 599
6218 589
6222 605
6226 595
6230 610
6234 599
6238 589
6242 605
6246 595
6250 610
6254 599
6258 589
6262 605
6266 595
6270 610
6274 599
6278 589
6282 605
6286 595
6290 610
6294 599
6298 589
6302 605
6306 595
6310 585
6314 601
6318 591
6322 582
6326 599
6330 589
6334 605
6338 594
6342 585
6346 601
6350 591
6354 607
6358 596
6362 587
6366 603
6370 593
6374 608
6378 597
6382 588
6386 604
6390 593
6394 609
6398 598
6402 588
6406 604
6410 594
6414 609
6418 598
6422 589
6426 605
6430 594
6434 610
6438 599
6442 589
6446 580
6450 597
6454 612
6458 601
6462 591
6466 607
6470 596
6474 611
6478 600
6482 590
6486 581
6490 598
6494 613
6498 602
6502 591
6506 582
6510 599
6514 614
6518 603
6522 592
6526 583
6530 600
6534 615
6538 603
6542 593
6546 608
6550 598
6554 613
6558 601
6562 591
6566 607
6570 596
6574 612
6578 600
6582 590
6586 606
6590 596
6594 611
6598 600
6602 590
6606 606
6610 595
6614 611
6618 599
6622 589
6626 605
6630 595
6634 610
6638 599
6642 589
6646 605
6650 595
6654 610
6658 599
6662 614
6666 603
6670 617
6674 606
6678 595
6682 610
6686 599
6690 614
6694 603
6698 593
6702 608
6706 597
6710 613
6714 601
6718 591
6722 607
6726 596
6730 612
6734 600
6738 590
6742 606
6746 595
6750 611
6754 600
6758 590
6762 606
6766 595
6770 611
6774 599
6778 589
6782 605
6786 595
6790 610
6794 599
6798 589
6802 605
6806 595
6810 610
6814 599
6818 589
6822 605
6826 595
6830 610
6834 599
6838 589
6842 605
6846 595
6850 610
6854 599
6858 589
6862 605
6866 595
6870 610
6874 599
6878 589
6882 605
6886 595
6890 610
6894 599
6898 589
6902 605
6906 595
6910 610
6914 599
6918 589
6922 605
6926 595
6930 610
6934 599
6938 589
6942 605
6946 595
6950 610
6954 599
6958 589
6962 580
6966 597
6970 587
6974 603
6978 593
6982 584
6986 600
6990 590
6994 606
6998 595
7002 586
7006 602
7010 592
7014 608
7018 597
7022 587
7026 603
7030 593
7034 609
7038 598
7042 588
7046 604
7050 594
7054 609
7058 598
7062 588
7066 604
7070 594
7074 610
7078 599
7082 589
7086 605
7090 594
7094 610
7098 599
7102 589
7106 605
7110 594
7114 610
7118 599
7122 589
7126 605
7130 594
7134 610
7138 599
7142 589
7146 605
7150 594
7154 610
7158 599
7162 589
7166 605
7170 594
7174 610
7178 599
7182 589
7186 605
7190 594
7194 610
7198 599
7202 589
7206 605
7210 594
7214 610
7218 599
7222 589
7226 605
7230 594
7234 610
7238 599
7242 589
7246 605
7250 594
7254 610
7258 599
7262 614
7266 603
7270 617
7274 605
7278 595
7282 610
7286 599
7290 614
7294 603
7298 592
7302 608
7306 597
7310 613
7314 601
7318 591
7322 607
7326 596
7330 611
7334 600
7338 590
7342 606
7346 595
7350 611
7354 600
7358 590
7362 606
7366 595
7370 611
7374 599
7378 589
7382 605
7386 595
7390 610
7394 599
7398 589
7402 605
7406 595
7410 610
7414 599
7418 589
7422 605
7426 595
7430 610
7434 599
7438 589
7442 605
7446 595
7450 610
7454 599
7458 589
7462 605
7466 595
7470 610
7474 599
7478 589
7482 605
7486 595
7490 610
7494 599
7498 589
7502 605
7506 595
7510 585
7514 601
7518 591
7522 582
7526 599
7530 589
7534 605
7538 594
7542 585
7546 601
7550 591
7554 607
7558 596
7562 587
7566 603
7570 593
7574 608
7578 597
7582 588
7586 604
7590 593
7594 609
7598 598
7602 588
7606 604
7610 594
7614 609
7618 598
7622 589
7626 605
7630 594
7634 610
7638 599
7642 589
7646 580
7650 597
7654 587
7658 603
7662 593
7666 584
7670 600
7674 590
7678 606
7682 595
7686 586
7690 602
7694 592
7698 608
7702 597
7706 587
7710 603
7714 593
7718 609
7722 598
7726 588
7730 604
7734 619
7738 607
7742 596
7746 586
7750 603
7754 592
7758 608
7762 597
7766 612
7770 601
7774 616
7778 604
7782 594
7786 609
7790 598
7794 614
7798 602
7802 592
7806 608
7810 597
7814 612
7818 601
7822 591
7826 607
7830 596
7834 611
7838 600
7842 590
7846 606
7850 620
7854 608
7858 597
7862 613
7866 601
7870 616
7874 604
7878 594
7882 609
7886 598
7890 614
7894 602
7898 592
7902 608
7906 597
7910 612
7914 601
7918 591
7922 607
7926 621
7930 609
7934 598
7938 613
7942 602
7946 616
7950 605
7954 594
7958 610
7962 599
7966 614
7970 602
7974 592
7978 608
7982 597
7986 612
7990 601
7994 591
7998 607
8002 596
8006 611
8010 600
8014 590
8018 581
8022 598
8026 588
8030 604
8034 594
8038 584
8042 601
8046 591
8050 607
8054 596
8058 586
8062 603
8066 592
8070 608
8074 597
8078 587
8082 604
8086 593
8090 609
8094 598
8098 588
8102 604
8106 594
8110 584
8114 601
8118 591
8122 582
8126 598
8130 588
8134 605
8138 594
8142 585
8146 601
8150 591
8154 607
8158 596
8162 586
8166 603
8170 592
8174 608
8178 597
8182 587
8186 604
8190 593
8194 609
8198 598
8202 588
8206 579
8210 596
8214 612
8218 600
8222 590
8226 581
8230 598
8234 588
8238 604
8242 594
8246 584
8250 601
8254 591
8258 607
8262 596
8266 586
8270 603
8274 592
8278 608
8282 597
8286 587
8290 604
8294 593
8298 609
8302 598
8306 588
8310 604
8314 594
8318 609
8322 598
8326 588
8330 605
8334 594
8338 610
8342 599
8346 589
8350 605
8354 594
8358 610
8362 599
8366 589
8370 605
8374 594
8378 610
8382 599
8386 614
8390 602
8394 617
8398 605
8402 595
8406 610
8410 599
8414 614
8418 603
8422 592
8426 608
8430 597
8434 612
8438 601
8442 591
8446 607
8450 596
8454 611
8458 600
8462 590
8466 606
8470 620
8474 608
8478 597
8482 613
8486 601
8490 616
8494 605
8498 594
8502 610
8506 599
8510 614
8514 602
8518 592
8522 608
8526 597
8530 612
8534 601
8538 591
8542 607
8546 621
8550 609
8554 598
8558 613
8562 602
8566 616
8570 605
8574 594
8578 610
8582 599
8586 614
8590 602
8594 592
8598 583
8602 599
8606 614
8610 603
8614 593
8618 583
8622 600
8626 590
8630 606
8634 595
8638 586
8642 602
8646 592
8650 608
8654 597
8658 587
8662 603
8666 593
8670 609
8674 598
8678 588
8682 604
8686 594
8690 609
8694 598
8698 588
8702 604
8706 594
8710 584
8714 601
8718 591
8722 582
8726 598
8730 589
8734 605
8738 594
8742 585
8746 601
8750 591
8754 607
8758 596
8762 586
8766 603
8770 592
8774 608
8778 597
8782 588
8786 604
8790 593
8794 584
8798 600
8802 590
8806 581
8810 598
8814 588
8818 604
8822 594
8826 584
8830 601
8834 591
8838 607
8842 596
8846 586
8850 603
8854 592
8858 608
8862 597
8866 587
8870 604
8874 593
8878 609
8882 598
8886 588
8890 604
8894 594
8898 609
8902 598
8906 588
8910 605
8914 594
8918 610
8922 599
8926 589
8930 605
8934 594
8938 610
8942 599
8946 589
8950 605
8954 594
8958 610
8962 599
8966 589
8970 605
8974 594
8978 610
8982 599
8986 589
8990 605
8994 594
8998 610
9002 599
9006 589
9010 605
9014 594
9018 610
9022 599
9026 589
9030 605
9034 594
9038 610
9042 599
9046 614
9050 603
9054 617
9058 605
9062 595
9066 610
9070 599
9074 614
9078 603
9082 592
9086 608
9090 597
9094 613
9098 601
9102 591
9106 607
9110 596
9114 611
9118 600
9122 615
9126 604
9130 618
9134 606
9138 596
9142 611
9146 600
9150 615
9154 603
9158 593
9162 609
9166 598
9170 613
9174 602
9178 591
9182 607
9186 596
9190 612
9194 600
9198 590
9202 606
9206 596
9210 611
9214 600
9218 590
9222 606
9226 595
9230 611
9234 599
9238 589
9242 605
9246 595
9250 610
9254 599
9258 589
9262 605
9266 595
9270 610
9274 599
9278 589
9282 605
9286 595
9290 610
9294 599
9298 589
9302 605
9306 595
9310 610
9314 599
9318 589
9322 605
9326 595
9330 610
9334 599
9338 589
9342 605
9346 595
9350 610
9354 599
9358 589
9362 605
9366 595
9370 610
9374 599
9378 589
9382 605
9386 595
9390 585
9394 601
9398 591
9402 582
9406 599
9410 589
9414 605
9418 594
9422 585
9426 601
9430 591
9434 607
9438 596
9442 587
9446 603
9450 593
9454 608
9458 597
9462 588
9466 604
9470 593
9474 609
9478 598
9482 588
9486 604
9490 594
9494 609
9498 598
9502 589
9506 580
9510 597
9514 587
9518 603
9522 593
9526 583
9530 600
9534 590
9538 606
9542 595
9546 586
9550 602
9554 592
9558 608
9562 597
9566 587
9570 603
9574 593
9578 609
9582 598
9586 588
9590 604
9594 594
9598 609
9602 598
9606 588
9610 604
9614 594
9618 610
9622 599
9626 589
9630 605
9634 594
9638 610
9642 599
9646 614
9650 602
9654 617
9658 605
9662 595
9666 610
9670 599
9674 614
9678 603
9682 592
9686 608
9690 597
9694 612
9698 601
9702 591
9706 607
9710 596
9714 611
9718 600
9722 590
9726 606
9730 595
9734 611
9738 600
9742 590
9746 606
9750 595
9754 611
9758 599
9762 589
9766 605
9770 595
9774 610
9778 599
9782 614
9786 603
9790 617
9794 606
9798 595
9802 610
9806 599
9810 614
9814 603
9818 593
9822 608
9826 597
9830 613
9834 601
9838 591
9842 607
9846 596
9850 612
9854 600
9858 590
9862 581
9866 598
9870 588
9874 604
9878 594
9882 584
9886 601
9890 591
9894 607
9898 596
9902 586
9906 603
9910 592
9914 608
9918 597
9922 587
9926 604
9930 593
9934 609
9938 598
9942 588
9946 604
9950 594
9954 609
9958 598
9962 588
9966 605
9970 594
9974 610
9978 599
9982 589
9986 580
9990 597
9994 587
9998 603
10002 593
10006 584
10010 600
10014 590
10018 606
10022 595
10026 586
10030 602
10034 592
10038 608
10042 597
10046 587
10050 603
10054 593
10058 609
10062 598
10066 588
10070 604
10074 594
10078 609
10082 598
10086 588
10090 604
10094 594
10098 610
10102 599
10106 589
10110 605
10114 594
10118 610
10122 599
10126 589
10130 605
10134 594
10138 610
10142 599
10146 589
10150 580
10154 597
10158 587
10162 603
10166 593
10170 584
10174 600
10178 615
10182 604
10186 593
10190 609
10194 598
10198 613
10202 602
10206 591
10210 607
10214 596
10218 612
10222 601
10226 590
10230 606
10234 596
10238 611
10242 600
10246 590
10250 606
10254 595
10258 611
10262 600
10266 590
10270 606
10274 595
10278 610
10282 599
10286 589
10290 605
10294 620
10298 608
10302 597
10306 612
10310 601
10314 616
10318 604
10322 594
10326 609
10330 598
10334 613
10338 602
10342 592
10346 608
10350 597
10354 612
10358 601
10362 591
10366 607
10370 596
10374 611
10378 600
10382 590
10386 606
10390 595
10394 611
10398 600
10402 590
10406 606
10410 620
10414 608
10418 597
10422 587
10426 604
10430 593
10434 609
10438 598
10442 588
10446 604
10450 594
10454 609
10458 598
10462 588
10466 605
10470 594
10474 610
10478 599
10482 589
10486 605
10490 594
10494 610
10498 599
10502 589
10506 605
10510 594
10514 610
10518 599
10522 589
10526 605
10530 594
10534 610
10538 599
10542 589
10546 605
10550 594
10554 610
10558 599
10562 589
10566 605
10570 594
10574 610
10578 599
10582 589
10586 605
10590 594
10594 610
10598 599
10602 589
10606 605
10610 594
10614 610
10618 599
10622 589
10626 605
10630 594
10634 610
10638 599
10642 589
10646 605
10650 594
10654 610
10658 599
10662 589
10666 580
10670 597
10674 587
10678 603
10682 593
10686 584
10690 600
10694 590
10698 606
10702 595
10706 586
10710 602
10714 592
10718 608
10722 597
10726 587
10730 603
10734 593
10738 609
10742 598
10746 588
10750 604
10754 594
10758 609
10762 598
10766 588
10770 604
10774 594
10778 610
10782 599
10786 589
10790 605
10794 594
10798 610
10802 599
10806 589
10810 605
10814 594
10818 610
10822 599
10826 589
10830 605
10834 594
10838 610
10842 599
10846 589
10850 605
10854 594
10858 610
10862 599
10866 589
10870 605
10874 594
10878 610
10882 599
10886 589
10890 605
10894 619
10898 607
10902 597
10906 612
10910 601
10914 616
10918 604
10922 594
10926 609
10930 598
10934 613
10938 602
10942 592
10946 607
10950 597
10954 612
10958 601
10962 591
10966 606
10970 596
10974 611
10978 600
10982 590
10986 606
10990 595
10994 611
10998 600
11002 590
11006 606
11010 595
11014 610
11018 599
11022 589
11026 605
11030 595
11034 610
11038 599
11042 589
11046 605
11050 595
11054 610
11058 599
11062 589
11066 605
11070 595
11074 610
11078 599
11082 589
11086 580
11090 597
11094 612
11098 601
11102 591
11106 582
11110 599
11114 589
11118 605
11122 594
11126 585
11130 601
11134 591
11138 607
11142 596
11146 586
11150 603
11154 592
11158 608
11162 597
11166 588
11170 604
11174 593
11178 609
11182 598
11186 588
11190 604
11194 594
11198 609
11202 598
11206 588
11210 605
11214 594
11218 610
11222 599
11226 589
11230 605
11234 594
11238 610
11242 599
11246 589
11250 605
11254 594
11258 610
11262 599
11266 589
11270 605
11274 594
11278 610
11282 599
11286 589
11290 605
11294 594
11298 610
11302 599
11306 589
11310 605
11314 594
11318 610
11322 599
11326 589
11330 605
11334 594
11338 610
11342 599
11346 589
11350 605
11354 594
11358 610
11362 599
11366 589
11370 605
11374 594
11378 610
11382 599
11386 589
11390 605
11394 594
11398 610
11402 599
11406 589
11410 605
11414 594
11418 610
11422 599
11426 589
11430 605
11434 594
11438 610
11442 599
11446 589
11450 605
11454 594
11458 610
11462 599
11466 589
11470 605
11474 594
11478 610
11482 599
11486 589
11490 605
11494 594
11498 610
11502 599
11506 589
11510 605
11514 594
11518 610
11522 599
11526 614
11530 603
11534 617
11538 605
11542 595
11546 610
11550 599
11554 614
11558 603
11562 592
11566 608
11570 597
11574 613
11578 601
11582 591
11586 607
11590 596
11594 611
11598 600
11602 590
11606 606
11610 595
11614 611
11618 600
11622 590
11626 606
11630 595
11634 611
11638 599
11642 589
11646 605
11650 595
11654 610
11658 599
11662 589
11666 605
11670 595
11674 585
11678 602
11682 591
11686 582
11690 599
11694 589
11698 605
11702 594
11706 585
11710 601
11714 591
11718 607
11722 596
11726 587
11730 603
11734 593
11738 608
11742 597
11746 588
11750 604
11754 593
11758 609
11762 598
11766 588
11770 604
11774 594
11778 609
11782 598
11786 589
11790 605
11794 594
11798 610
11802 599
11806 589
11810 605
11814 594
11818 610
11822 599
11826 589
11830 605
11834 594
11838 610
11842 599
11846 589
11850 605
11854 594
11858 610
11862 599
11866 589
11870 605
11874 594
11878 610
11882 599
11886 589
11890 605
11894 594
11898 610
11902 599
11906 589
11910 605
11914 594
11918 610
11922 599
11926 589
11930 605
11934 594
11938 610
11942 599
11946 589
11950 605
11954 594
11958 610
11962 599
11966 589
11970 605
11974 594
11978 610
11982 599
11986 589
11990 605
11994 594
11998 610
12002 599
12006 589
12010 605
12014 594
12018 610
12022 599
12026 589
12030 605
12034 594
12038 610
12042 599
12046 589
12050 605
12054 594
12058 610
12062 599
12066 589
12070 605
12074 594
12078 610
12082 599
12086 589
12090 605
12094 594
12098 610
12102 599
12106 589
12110 605
12114 594
12118 610
12122 599
12126 589
12130 605
12134 594
12138 610
12142 599
12146 589
12150 605
12154 594
12158 610
12162 599
12166 589
12170 605
12174 619
12178 607
12182 597
12186 587
12190 603
12194 593
12198 609
12202 598
12206 588
12210 604
12214 619
12218 607
12222 596
12226 611
12230 600
12234 590
12238 606
12242 595
12246 586
12250 602
12254 592
12258 608
12262 597
12266 587
12270 603
12274 593
12278 609
12282 598
12286 588
12290 604
12294 594
12298 609
12302 598
12306 588
12310 604
12314 594
12318 610
12322 599
12326 589
12330 605
12334 594
12338 610
12342 599
12346 589
12350 605
12354 594
12358 610
12362 599
12366 589
12370 605
12374 594
12378 610
12382 599
12386 589
12390 605
12394 594
12398 610
12402 599
12406 589
12410 605
12414 594
12418 610
12422 599
12426 589
12430 605
12434 594
12438 610
12442 599
12446 589
12450 605
12454 594
12458 610
12462 599
12466 589
12470 605
12474 594
12478 610
12482 599
12486 589
12490 605
12494 594
12498 610
12502 599
12506 589
12510 605
12514 594
12518 610
12522 599
12526 589
12530 605
12534 619
12538 607
12542 597
12546 612
12550 601
12554 591
12558 606
12562 596
12566 586
12570 602
12574 617
12578 605
12582 595
12586 610
12590 599
12594 614
12598 603
12602 592
12606 608
12610 597
12614 613
12618 601
12622 591
12626 607
12630 596
12634 611
12638 600
12642 590
12646 581
12650 598
12654 613
12658 602
12662 592
12666 607
12670 597
12674 587
12678 603
12682 593
12686 583
12690 600
12694 615
12698 603
12702 593
12706 609
12710 598
12714 613
12718 602
12722 591
12726 582
12730 599
12734 614
12738 603
12742 592
12746 583
12750 600
12754 590
12758 606
12762 595
12766 585
12770 602
12774 617
12778 605
12782 594
12786 585
12790 601
12794 591
12798 607
12802 596
12806 587
12810 603
12814 618
12818 606
12822 595
12826 586
12830 602
12834 592
12838 607
12842 597
12846 587
12850 603
12854 593
12858 609
12862 598
12866 588
12870 604
12874 594
12878 609
12882 598
12886 588
12890 604
12894 594
12898 609
12902 598
12906 589
12910 605
12914 594
12918 610
12922 599
12926 589
12930 605
12934 594
12938 610
12942 599
12946 589
12950 605
12954 594
12958 610
12962 599
12966 589
12970 605
12974 594
12978 610
12982 599
12986 589
12990 605
12994 594
12998 610
13002 599
13006 589
13010 605
13014 594
13018 610
13022 599
13026 589
13030 605
13034 594
13038 610
13042 599
13046 589
13050 605
13054 594
13058 610
13062 599
13066 589
13070 605
13074 594
13078 610
13082 599
13086 589
13090 605
13094 594
13098 610
13102 599
13106 589
13110 605
13114 594
13118 610
13122 599
13126 589
13130 605
13134 594
13138 610
13142 599
13146 589
13150 605
13154 594
13158 610
13162 599
13166 589
13170 605
13174 594
13178 610
13182 599
13186 589
13190 605
13194 594
13198 610
13202 599
13206 589
13210 605
13214 594
13218 610
13222 599
13226 589
13230 605
13234 594
13238 610
13242 599
13246 589
13250 605
13254 619
13258 607
13262 597
13266 612
13270 601
13274 616
13278 604
13282 594
13286 609
13290 598
13294 613
13298 602
13302 592
13306 607
13310 597
13314 612
13318 601
13322 591
13326 606
13330 596
13334 611
13338 600
13342 590
13346 606
13350 595
13354 611
13358 600
13362 590
13366 606
13370 595
13374 610
13378 599
13382 589
13386 605
13390 595
13394 610
13398 599
13402 589
13406 580
13410 597
13414 587
13418 604
13422 593
13426 584
13430 600
13434 590
13438 606
13442 596
13446 586
13450 602
13454 592
13458 608
13462 597
13466 587
13470 603
13474 593
13478 609
13482 598
13486 588
13490 604
13494 594
13498 609
13502 598
13506 588
13510 604
13514 594
13518 610
13522 599
13526 589
13530 605
13534 594
13538 610
13542 599
13546 589
13550 605
13554 594
13558 610
13562 599
13566 589
13570 605
13574 594
13578 610
13582 599
13586 589
13590 605
13594 594
13598 610
13602 599
13606 589
13610 605
13614 594
13618 610
13622 599
13626 589
13630 605
13634 594
13638 610
13642 599
13646 589
13650 605
13654 594
13658 610
13662 599
13666 589
13670 605
13674 594
13678 610
13682 599
13686 589
13690 605
13694 594
13698 610
13702 599
13706 589
13710 605
13714 594
13718 610
13722 599
13726 589
13730 605
13734 594
13738 610
13742 599
13746 589
13750 605
13754 594
13758 610
13762 599
13766 589
13770 605
13774 594
13778 610
13782 599
13786 589
13790 605
13794 594
13798 610
13802 599
13806 589
13810 605
13814 594
13818 610
13822 599
13826 589
13830 605
13834 594
13838 610
13842 599
13846 589
13850 605
13854 594
13858 610
13862 599
13866 589
13870 605
13874 594
13878 610
13882 599
13886 589
13890 605
13894 594
13898 610
13902 599
13906 589
13910 605
13914 594
13918 610
13922 599
13926 589
13930 605
13934 619
13938 607
13942 597
13946 587
13950 603
13954 593
13958 609
13962 598
13966 588
13970 604
13974 619
13978 607
13982 596
13986 586
13990 603
13994 592
13998 608
14002 597
14006 587
14010 604
14014 593
14018 609
14022 598
14026 588
14030 604
14034 594
14038 609
14042 598
14046 588
14050 605
14054 594
14058 610
14062 599
14066 589
14070 605
14074 594
14078 610
14082 599
14086 589
14090 605
14094 594
14098 610
14102 599
14106 589
14110 605
14114 594
14118 610
14122 599
14126 589
14130 605
14134 594
14138 610
14142 599
14146 589
14150 605
14154 594
14158 610
14162 599
14166 589
14170 605
14174 594
14178 610
14182 599
14186 589
14190 605
14194 594
14198 610
14202 599
14206 589
14210 605
14214 594
14218 610
14222 599
14226 589
14230 605
14234 594
14238 610
14242 599
14246 589
14250 605
14254 594
14258 610
14262 599
14266 589
14270 605
14274 594
14278 610
14282 599
14286 589
14290 605
14294 594
14298 610
14302 599
14306 589
14310 605
14314 594
14318 610
14322 599
14326 589
14330 605
14334 594
14338 610
14342 599
14346 589
14350 605
14354 594
14358 610
14362 599
14366 589
14370 605
14374 594
14378 610
14382 599
14386 589
14390 605
14394 594
14398 610
14402 599
14406 589
14410 605
14414 594
14418 610
14422 599
14426 589
14430 605
14434 594
14438 610
14442 599
14446 589
14450 605
14454 619
14458 607
14462 597
14466 587
14470 603
14474 618
14478 606
14482 595
14486 611
14490 600
14494 615
14498 603
14502 593
14506 608
14510 598
14514 613
14518 601
14522 591
14526 607
14530 596
14534 612
14538 600
14542 590
14546 606
14550 596
14554 611
14558 600
14562 590
14566 606
14570 595
14574 611
14578 599
14582 589
14586 580
14590 597
14594 588
14598 604
14602 593
14606 584
14610 601
14614 590
14618 606
14622 596
14626 586
14630 602
14634 592
14638 608
14642 597
14646 587
14650 603
14654 593
14658 609
14662 598
14666 588
14670 604
14674 594
14678 609
14682 598
14686 588
14690 605
14694 594
14698 610
14702 599
14706 589
14710 580
14714 597
14718 587
14722 603
14726 593
14730 584
14734 600
14738 590
14742 606
14746 595
14750 586
14754 602
14758 592
14762 608
14766 597
14770 587
14774 603
14778 593
14782 609
14786 598
14790 588
14794 604
14798 594
14802 609
14806 598
14810 588
14814 604
14818 619
14822 607
14826 596
14830 612
14834 600
14838 615
14842 604
14846 593
14850 609
14854 598
14858 613
14862 602
14866 592
14870 607
14874 597
14878 612
14882 601
14886 590
14890 606
14894 596
14898 611
14902 600
14906 590
14910 606
14914 595
14918 611
14922 600
14926 590
14930 606
14934 595
14938 610
14942 599
14946 589
14950 605
14954 595
14958 610
14962 599
14966 589
14970 605
14974 620
14978 608
14982 597
14986 612
14990 601
14994 616
14998 604
