10 0
14 0
18 0
22 0
26 0
30 0
34 0
38 0
42 0
46 0
50 0
54 0
58 0
62 0
66 0
70 0
74 0
78 25
82 22
86 45
90 40
94 61
98 80
102 97
106 112
110 126
114 138
118 149
122 159
126 193
130 199
134 229
138 231
142 258
146 282
150 279
154 301
158 321
162 339
166 330
170 347
174 362
178 376
182 388
186 399
190 409
194 418
198 451
202 456
206 461
210 464
214 493
218 494
222 494
226 495
230 520
234 518
238 541
242 537
246 533
250 555
254 549
258 569
262 562
266 581
270 573
274 591
278 582
282 598
286 588
290 605
294 594
298 610
302 624
306 611
310 625
314 612
318 626
322 638
326 625
330 637
334 623
338 636
342 647
346 633
350 644
354 655
358 664
362 673
366 655
370 665
374 673
378 656
382 665
386 674
390 656
394 666
398 674
402 682
406 688
410 669
414 677
418 685
422 691
426 672
430 680
434 687
438 693
442 699
446 679
450 686
454 692
458 698
462 678
466 685
470 692
474 697
478 703
482 707
486 687
490 693
494 698
498 704
502 708
506 712
510 691
514 697
518 702
522 707
526 711
530 690
534 696
538 701
542 706
546 710
550 689
554 695
558 701
562 706
566 710
570 689
574 695
578 700
582 705
586 710
590 689
594 695
598 700
602 705
606 710
610 714
614 692
618 698
622 703
626 708
630 712
634 691
638 697
642 702
646 707
650 711
654 715
658 693
662 699
666 704
670 708
674 713
678 691
682 697
686 702
690 707
694 711
698 690
702 696
706 701
710 706
714 711
718 714
722 718
726 696
730 701
734 706
738 711
742 714
746 718
750 696
754 701
758 706
762 711
766 714
770 718
774 696
778 701
782 706
786 711
790 714
794 718
798 721
802 699
806 704
810 709
814 713
818 716
822 720
826 723
830 700
834 705
838 710
842 714
846 717
850 720
854 723
858 701
862 706
866 710
870 714
874 718
878 721
882 724
886 726
890 729
894 706
898 710
902 714
906 718
910 721
914 724
918 726
922 704
926 708
930 712
934 716
938 719
942 722
946 725
950 728
954 730
958 707
962 711
966 715
970 718
974 721
978 724
982 727
986 729
990 706
994 710
998 714
1002 718
1006 721
1010 724
1014 726
1018 729
1022 706
1026 710
1030 714
1034 718
1038 721
1042 724
1046 726
1050 704
1054 708
1058 712
1062 716
1066 719
1070 722
1074 725
1078 703
1082 707
1086 711
1090 715
1094 719
1098 697
1102 702
1106 707
1110 711
1114 715
1118 718
1122 696
1126 702
1130 707
1134 711
1138 715
1142 718
1146 696
1150 702
1154 706
1158 711
1162 715
1166 693
1170 699
1174 704
1178 708
1182 712
1186 716
1190 720
1194 698
1198 703
1202 707
1206 712
1210 715
1214 694
1218 699
1222 704
1226 709
1230 713
1234 717
1238 720
1242 698
1246 703
1250 708
1254 712
1258 716
1262 694
1266 700
1270 705
1274 709
1278 713
1282 717
1286 720
1290 698
1294 703
1298 708
1302 712
1306 716
1310 719
1314 722
1318 700
1322 705
1326 709
1330 713
1334 717
1338 720
1342 723
1346 701
1350 706
1354 710
1358 714
1362 718
1366 721
1370 724
1374 701
1378 706
1382 710
1386 714
1390 718
1394 721
1398 724
1402 701
1406 706
1410 711
1414 714
1418 718
1422 721
1426 724
1430 726
1434 729
1438 706
1442 710
1446 714
1450 718
1454 721
1458 724
1462 726
1466 729
1470 731
1474 708
1478 712
1482 716
1486 719
1490 722
1494 725
1498 727
1502 729
1506 706
1510 711
1514 715
1518 718
1522 721
1526 724
1530 727
1534 729
1538 706
1542 710
1546 714
1550 718
1554 721
1558 724
1562 726
1566 704
1570 708
1574 712
1578 716
1582 719
1586 722
1590 725
1594 703
1598 707
1602 711
1606 715
1610 719
1614 722
1618 725
1622 702
1626 707
1630 711
1634 715
1638 718
1642 696
1646 702
1650 707
1654 711
1658 715
1662 718
1666 721
1670 699
1674 704
1678 709
1682 713
1686 716
1690 720
1694 698
1698 703
1702 708
1706 712
1710 716
1714 719
1718 697
1722 702
1726 707
1730 711
1734 715
1738 718
1742 722
1746 699
1750 704
1754 709
1758 713
1762 717
1766 720
1770 698
1774 703
1778 708
1782 712
1786 716
1790 719
1794 697
1798 702
1802 707
1806 711
1810 715
1814 719
1818 722
1822 699
1826 704
1830 709
1834 713
1838 717
1842 720
1846 723
1850 701
1854 705
1858 710
1862 714
1866 717
1870 721
1874 723
1878 701
1882 706
1886 710
1890 714
1894 718
1898 721
1902 724
1906 701
1910 706
1914 710
1918 714
1922 718
1926 721
1930 724
1934 701
1938 706
1942 711
1946 714
1950 718
1954 721
1958 724
1962 727
1966 729
1970 706
1974 710
1978 714
1982 718
1986 721
1990 724
1994 726
1998 704
2002 708
2006 712
2010 716
2014 719
2018 722
2022 725
2026 728
2030 705
2034 709
2038 713
2042 717
2046 720
2050 723
2054 726
2058 728
2062 705
2066 710
2070 714
2074 717
2078 720
2082 723
2086 726
2090 703
2094 708
2098 712
2102 716
2106 719
2110 697
2114 702
2118 707
2122 711
2126 715
2130 719
2134 722
2138 700
2142 705
2146 709
2150 713
2154 717
2158 720
2162 723
2166 701
2170 705
2174 710
2178 714
2182 717
2186 721
2190 699
2194 704
2198 708
2202 712
2206 716
2210 719
2214 697
2218 728
2222 705
2226 709
2230 713
2234 717
2238 720
2242 698
2246 703
2250 708
2254 712
2258 716
2262 719
2266 722
2270 700
2274 705
2278 709
2282 713
2286 717
2290 720
2294 723
2298 701
2302 706
2306 710
2310 714
2314 718
2318 721
2322 724
2326 701
2330 706
2334 710
2338 714
2342 718
2346 721
2350 724
2354 701
2358 706
2362 711
2366 714
2370 718
2374 721
2378 724
2382 701
2386 706
2390 711
2394 715
2398 718
2402 721
2406 724
2410 702
2414 706
2418 711
2422 715
2426 718
2430 721
2434 724
2438 727
2442 704
2446 708
2450 713
2454 716
2458 720
2462 723
2466 725
2470 728
2474 705
2478 709
2482 713
2486 717
2490 720
2494 723
2498 726
2502 703
2506 708
2510 712
2514 716
2518 719
2522 722
2526 725
2530 702
2534 707
2538 711
2542 715
2546 719
2550 722
2554 724
2558 702
2562 707
2566 711
2570 715
2574 718
2578 721
2582 724
2586 702
2590 707
2594 711
2598 715
2602 718
2606 696
2610 702
2614 706
2618 711
2622 715
2626 718
2630 721
2634 699
2638 704
2642 709
2646 713
2650 716
2654 695
2658 700
2662 705
2666 710
2670 714
2674 692
2678 698
2682 703
2686 708
2690 712
2694 716
2698 719
2702 697
2706 702
2710 707
2714 711
2718 715
2722 719
2726 722
2730 699
2734 704
2738 709
2742 713
2746 717
2750 695
2754 725
2758 703
2762 707
2766 712
2770 715
2774 719
2778 697
2782 702
2786 707
2790 711
2794 715
2798 718
2802 722
2806 699
2810 704
2814 709
2818 713
2822 717
2826 720
2830 723
2834 701
2838 705
2842 710
2846 714
2850 717
2854 721
2858 723
2862 726
2866 728
2870 706
2874 710
2878 714
2882 717
2886 721
2890 724
2894 726
2898 703
2902 708
2906 712
2910 716
2914 719
2918 722
2922 725
2926 727
2930 730
2934 707
2938 711
2942 715
2946 718
2950 721
2954 724
2958 727
2962 704
2966 709
2970 713
2974 716
2978 720
2982 723
2986 725
2990 703
2994 732
2998 709
3002 713
3006 717
3010 720
3014 723
3018 701
3022 731
3026 707
3030 712
3034 715
3038 719
3042 722
3046 725
3050 702
3054 707
3058 711
3062 715
3066 718
3070 722
3074 699
3078 704
3082 709
3086 713
3090 717
3094 720
3098 723
3102 701
3106 705
3110 710
3114 714
3118 717
3122 721
3126 698
3130 704
3134 708
3138 712
3142 716
3146 719
3150 697
3154 703
3158 707
3162 712
3166 715
3170 694
3174 699
3178 704
3182 709
3186 713
3190 717
3194 720
3198 698
3202 703
3206 708
3210 712
3214 716
3218 694
3222 700
3226 705
3230 709
3234 713
3238 717
3242 720
3246 698
3250 703
3254 708
3258 712
3262 716
3266 694
3270 700
3274 705
3278 709
3282 713
3286 717
3290 720
3294 698
3298 703
3302 708
3306 712
3310 716
3314 694
3318 700
3322 705
3326 709
3330 713
3334 717
3338 720
3342 723
3346 701
3350 706
3354 710
3358 714
3362 717
3366 721
3370 699
3374 729
3378 706
3382 710
3386 714
3390 718
3394 721
3398 724
3402 726
3406 704
3410 708
3414 712
3418 716
3422 719
3426 722
3430 725
3434 728
3438 705
3442 709
3446 713
3450 717
3454 720
3458 723
3462 726
3466 728
3470 705
3474 710
3478 714
3482 717
3486 720
3490 723
3494 726
3498 728
3502 730
3506 707
3510 712
3514 715
3518 719
3522 722
3526 725
3530 727
3534 704
3538 709
3542 713
3546 717
3550 720
3554 723
3558 725
3562 728
3566 705
3570 710
3574 714
3578 717
3582 720
3586 723
3590 701
3594 706
3598 710
3602 714
3606 718
3610 721
3614 724
3618 701
3622 706
3626 710
3630 714
3634 718
3638 696
3642 701
3646 706
3650 711
3654 714
3658 718
3662 721
3666 699
3670 704
3674 709
3678 713
3682 716
3686 695
3690 700
3694 705
3698 709
3702 713
3706 717
3710 720
3714 698
3718 703
3722 708
3726 712
3730 716
3734 694
3738 700
3742 705
3746 709
3750 713
3754 717
3758 720
3762 698
3766 703
3770 708
3774 712
3778 716
3782 694
3786 700
3790 705
3794 709
3798 713
3802 717
3806 720
3810 698
3814 703
3818 708
3822 712
3826 716
3830 694
3834 700
3838 705
3842 709
3846 713
3850 717
3854 720
3858 698
3862 703
3866 708
3870 712
3874 716
3878 719
3882 722
3886 700
3890 705
3894 709
3898 713
3902 717
3906 720
3910 723
3914 701
3918 706
3922 710
3926 714
3930 718
3934 721
3938 724
3942 726
3946 729
3950 706
3954 710
3958 714
3962 718
3966 721
3970 724
3974 726
3978 704
3982 708
3986 712
3990 716
3994 719
3998 722
4002 725
4006 728
4010 730
4014 707
4018 711
4022 715
4026 718
4030 721
4034 724
4038 727
4042 704
4046 709
4050 713
4054 716
4058 720
4062 723
4066 725
4070 703
4074 707
4078 712
4082 715
4086 719
4090 722
4094 725
4098 702
4102 707
4106 711
4110 715
4114 718
4118 722
4122 724
4126 702
4130 707
4134 711
4138 715
4142 718
4146 721
4150 724
4154 702
4158 706
4162 711
4166 715
4170 718
4174 721
4178 724
4182 702
4186 706
4190 711
4194 715
4198 718
4202 696
4206 702
4210 706
4214 711
4218 715
4222 718
4226 721
4230 699
4234 704
4238 709
4242 713
4246 716
4250 695
4254 700
4258 705
4262 710
4266 714
4270 717
4274 720
4278 698
4282 703
4286 708
4290 712
4294 716
4298 719
4302 697
4306 703
4310 707
4314 711
4318 715
4322 719
4326 697
4330 702
4334 707
4338 711
4342 715
4346 718
4350 721
4354 699
4358 704
4362 709
4366 713
4370 717
4374 720
4378 723
4382 700
4386 705
4390 710
4394 714
4398 717
4402 721
4406 723
4410 701
4414 706
4418 710
4422 714
4426 718
4430 721
4434 724
4438 701
4442 706
4446 710
4450 714
4454 718
4458 721
4462 724
4466 701
4470 706
4474 711
4478 714
4482 718
4486 721
4490 724
4494 702
4498 706
4502 711
4506 715
4510 718
4514 721
4518 724
4522 702
4526 706
4530 711
4534 715
4538 718
4542 721
4546 724
4550 702
4554 706
4558 711
4562 715
4566 718
4570 721
4574 724
4578 702
4582 706
4586 711
4590 715
4594 718
4598 721
4602 724
4606 702
4610 706
4614 711
4618 715
4622 718
4626 721
4630 699
4634 704
4638 709
4642 713
4646 716
4650 720
4654 698
4658 703
4662 708
4666 712
4670 716
4674 719
4678 722
4682 700
4686 705
4690 709
4694 713
4698 717
4702 695
4706 701
4710 705
4714 710
4718 714
4722 717
4726 721
4730 698
4734 704
4738 708
4742 712
4746 716
4750 719
4754 697
4758 703
4762 707
4766 712
4770 715
4774 719
4778 697
4782 702
4786 707
4790 711
4794 715
4798 718
4802 721
4806 699
4810 704
4814 709
4818 713
4822 717
4826 720
4830 723
4834 700
4838 705
4842 710
4846 714
4850 717
4854 721
4858 723
4862 701
4866 706
4870 710
4874 714
4878 718
4882 721
4886 724
4890 701
4894 706
4898 710
4902 714
4906 718
4910 721
4914 724
4918 701
4922 706
4926 711
4930 714
4934 718
4938 721
4942 724
4946 702
4950 706
4954 711
4958 715
4962 718
4966 721
4970 724
4974 702
4978 706
4982 711
4986 715
4990 718
4994 721
4998 724
5002 702
5006 706
5010 711
5014 715
5018 718
5022 721
5026 724
5030 702
5034 706
5038 711
5042 715
5046 718
5050 721
5054 724
5058 702
5062 706
5066 711
5070 715
5074 718
5078 721
5082 724
5086 702
5090 706
5094 711
5098 715
5102 718
5106 721
5110 724
5114 702
5118 706
5122 711
5126 715
5130 718
5134 696
5138 702
5142 706
5146 711
5150 715
5154 718
5158 696
5162 702
5166 706
5170 711
5174 715
5178 718
5182 696
5186 701
5190 706
5194 711
5198 715
5202 693
5206 699
5210 704
5214 708
5218 712
5222 716
5226 719
5230 697
5234 703
5238 707
5242 712
5246 715
5250 719
5254 722
5258 700
5262 705
5266 709
5270 713
5274 717
5278 695
5282 700
5286 705
5290 710
5294 714
5298 717
5302 721
5306 698
5310 704
5314 708
5318 712
5322 716
5326 719
5330 722
5334 700
5338 705
5342 709
5346 713
5350 717
5354 720
5358 723
5362 701
5366 706
5370 710
5374 714
5378 718
5382 721
5386 724
5390 701
5394 706
5398 710
5402 714
5406 718
5410 721
5414 724
5418 726
5422 729
5426 706
5430 710
5434 714
5438 718
5442 721
5446 724
5450 726
5454 704
5458 708
5462 712
5466 716
5470 719
5474 722
5478 725
5482 728
5486 730
5490 707
5494 711
5498 715
5502 718
5506 721
5510 724
5514 727
5518 704
5522 709
5526 713
5530 716
5534 720
5538 723
5542 725
5546 703
5550 707
5554 712
5558 715
5562 719
5566 722
5570 725
5574 702
5578 707
5582 711
5586 715
5590 718
5594 722
5598 724
5602 702
5606 707
5610 711
5614 715
5618 718
5622 696
5626 702
5630 706
5634 711
5638 715
5642 693
5646 699
5650 704
5654 708
5658 713
5662 716
5666 720
5670 698
5674 703
5678 707
5682 712
5686 715
5690 694
5694 699
5698 704
5702 709
5706 713
5710 692
5714 697
5718 703
5722 707
5726 712
5730 715
5734 694
5738 699
5742 704
5746 709
5750 713
5754 717
5758 695
5762 700
5766 705
5770 710
5774 714
5778 692
5782 698
5786 703
5790 708
5794 712
5798 716
5802 694
5806 700
5810 705
5814 709
5818 713
5822 717
5826 695
5830 700
5834 705
5838 710
5842 714
5846 717
5850 721
5854 698
5858 704
5862 708
5866 712
5870 716
5874 694
5878 700
5882 705
5886 709
5890 713
5894 717
5898 720
5902 698
5906 703
5910 708
5914 712
5918 716
5922 719
5926 722
5930 725
5934 727
5938 705
5942 709
5946 713
5950 717
5954 720
5958 723
5962 726
5966 703
5970 708
5974 712
5978 716
5982 719
5986 722
5990 725
5994 727
5998 729
6002 706
6006 711
6010 715
6014 718
6018 721
6022 724
6026 727
6030 704
6034 708
6038 713
6042 716
6046 720
6050 723
6054 725
6058 728
6062 730
6066 707
6070 711
6074 715
6078 718
6082 722
6086 724
6090 727
6094 704
6098 709
6102 713
6106 716
6110 720
6114 723
6118 725
6122 703
6126 707
6130 712
6134 715
6138 719
6142 697
6146 702
6150 707
6154 711
6158 715
6162 718
6166 697
6170 702
6174 707
6178 711
6182 715
6186 718
6190 696
6194 702
6198 706
6202 711
6206 715
6210 693
6214 699
6218 704
6222 708
6226 713
6230 716
6234 720
6238 698
6242 703
6246 707
6250 712
6254 715
6258 694
6262 699
6266 704
6270 709
6274 713
6278 692
6282 697
6286 703
6290 707
6294 712
6298 715
6302 719
6306 697
6310 702
6314 707
6318 711
6322 715
6326 693
6330 699
6334 704
6338 709
6342 713
6346 716
6350 720
6354 698
6358 703
6362 708
6366 712
6370 715
6374 719
6378 697
6382 702
6386 707
6390 711
6394 715
6398 718
6402 697
6406 702
6410 707
6414 711
6418 715
6422 718
6426 721
6430 699
6434 704
6438 709
6442 713
6446 716
6450 720
6454 723
6458 700
6462 705
6466 710
6470 714
6474 717
6478 721
6482 723
6486 701
6490 706
6494 710
6498 714
6502 718
6506 721
6510 724
6514 726
6518 729
6522 706
6526 710
6530 714
6534 718
6538 721
6542 724
6546 726
6550 704
6554 708
6558 712
6562 716
6566 719
6570 722
6574 725
6578 703
6582 707
6586 711
6590 715
6594 719
6598 722
6602 725
6606 702
6610 707
6614 711
6618 715
6622 718
6626 721
6630 724
6634 702
6638 707
6642 711
6646 715
6650 718
6654 721
6658 724
6662 702
6666 706
6670 711
6674 715
6678 718
6682 721
6686 699
6690 704
6694 709
6698 713
6702 716
6706 720
6710 698
6714 703
6718 708
6722 712
6726 716
6730 719
6734 722
6738 700
6742 705
6746 709
6750 713
6754 717
6758 695
6762 701
6766 705
6770 710
6774 714
6778 717
6782 721
6786 698
6790 704
6794 708
6798 712
6802 716
6806 719
6810 697
6814 703
6818 707
6822 712
6826 715
6830 719
6834 697
6838 702
6842 707
6846 711
6850 715
6854 693
6858 724
6862 702
6866 706
6870 711
6874 715
6878 718
6882 696
6886 702
6890 706
6894 711
6898 715
6902 718
6906 721
6910 699
6914 704
6918 709
6922 713
6926 716
6930 720
6934 723
6938 700
6942 705
6946 710
6950 714
6954 717
6958 720
6962 723
6966 701
6970 706
6974 710
6978 714
6982 718
6986 721
6990 724
6994 701
6998 706
7002 710
7006 714
7010 718
7014 721
7018 724
7022 701
7026 706
7030 711
7034 714
7038 718
7042 721
7046 699
7050 704
7054 709
7058 713
7062 716
7066 720
7070 723
7074 700
7078 705
7082 710
7086 714
7090 717
7094 720
7098 698
7102 703
7106 708
7110 712
7114 716
7118 719
7122 722
7126 700
7130 705
7134 709
7138 713
7142 717
7146 695
7150 701
7154 706
7158 710
7162 714
7166 717
7170 721
7174 699
7178 704
7182 708
7186 712
7190 716
7194 694
7198 700
7202 705
7206 709
7210 713
7214 692
7218 698
7222 703
7226 708
7230 712
7234 716
7238 719
7242 697
7246 702
7250 707
7254 711
7258 715
7262 693
7266 699
7270 704
7274 709
7278 713
7282 716
7286 720
7290 698
7294 703
7298 708
7302 712
7306 716
7310 694
7314 699
7318 704
7322 709
7326 713
7330 717
7334 720
7338 698
7342 703
7346 708
7350 712
7354 716
7358 719
7362 722
7366 700
7370 705
7374 709
7378 713
7382 717
7386 720
7390 723
7394 701
7398 706
7402 710
7406 714
7410 718
7414 721
7418 724
7422 701
7426 706
7430 710
7434 714
7438 718
7442 721
7446 724
7450 701
7454 706
7458 711
7462 714
7466 718
7470 721
7474 724
7478 701
7482 706
7486 711
7490 714
7494 718
7498 721
7502 724
7506 702
7510 706
7514 711
7518 715
7522 718
7526 721
7530 724
7534 702
7538 706
7542 711
7546 715
7550 718
7554 721
7558 724
7562 702
7566 706
7570 711
7574 715
7578 718
7582 721
7586 724
7590 702
7594 706
7598 711
7602 715
7606 718
7610 696
7614 702
7618 706
7622 711
7626 715
7630 718
7634 721
7638 699
7642 704
7646 709
7650 713
7654 716
7658 695
7662 700
7666 705
7670 710
7674 714
7678 717
7682 720
7686 698
7690 703
7694 708
7698 712
7702 716
7706 694
7710 700
7714 705
7718 709
7722 713
7726 692
7730 698
7734 703
7738 707
7742 712
7746 715
7750 694
7754 699
7758 704
7762 709
7766 713
7770 692
7774 697
7778 703
7782 707
7786 712
7790 715
7794 694
7798 699
7802 704
7806 709
7810 713
7814 717
7818 720
7822 698
7826 703
7830 708
7834 712
7838 716
7842 719
7846 697
7850 702
7854 707
7858 711
7862 715
7866 719
7870 697
7874 702
7878 707
7882 711
7886 715
7890 718
7894 721
7898 699
7902 704
7906 709
7910 713
7914 717
7918 720
7922 723
7926 700
7930 705
7934 710
7938 714
7942 717
7946 721
7950 723
7954 726
7958 728
7962 705
7966 710
7970 714
7974 717
7978 721
7982 724
7986 726
7990 703
7994 708
7998 712
8002 716
8006 719
8010 722
8014 725
8018 727
8022 730
8026 707
8030 711
8034 715
8038 718
8042 721
8046 724
8050 727
8054 704
8058 709
8062 713
8066 716
8070 720
8074 723
8078 725
8082 703
8086 707
8090 712
8094 715
8098 719
8102 722
8106 725
8110 702
8114 707
8118 711
8122 715
8126 718
8130 697
8134 702
8138 707
8142 711
8146 715
8150 718
8154 721
8158 699
8162 704
8166 709
8170 713
8174 716
8178 695
8182 700
8186 705
8190 710
8194 714
8198 717
8202 695
8206 701
8210 706
8214 710
8218 714
8222 718
8226 696
8230 701
8234 706
8238 710
8242 714
8246 693
8250 698
8254 704
8258 708
8262 712
8266 691
8270 697
8274 702
8278 707
8282 711
8286 715
8290 718
8294 697
8298 702
8302 707
8306 711
8310 715
8314 693
8318 699
8322 704
8326 708
8330 713
8334 716
8338 720
8342 698
8346 703
8350 707
8354 712
8358 715
8362 694
8366 699
8370 704
8374 709
8378 713
8382 717
8386 720
8390 698
8394 703
8398 708
8402 712
8406 716
8410 719
8414 697
8418 702
8422 707
8426 711
8430 715
8434 719
8438 722
8442 724
8446 702
8450 707
8454 711
8458 715
8462 718
8466 721
8470 724
8474 702
8478 707
8482 711
8486 715
8490 718
8494 721
8498 724
8502 702
8506 706
8510 711
8514 715
8518 718
8522 721
8526 724
8530 727
8534 729
8538 706
8542 710
8546 714
8550 718
8554 721
8558 724
8562 726
8566 704
8570 708
8574 712
8578 716
8582 719
8586 722
8590 725
8594 703
8598 732
8602 709
8606 713
8610 717
8614 720
8618 723
8622 726
8626 728
8630 705
8634 710
8638 714
8642 717
8646 720
8650 723
8654 726
8658 703
8662 708
8666 712
8670 716
8674 719
8678 697
8682 702
8686 707
8690 711
8694 715
8698 719
8702 722
8706 699
8710 704
8714 709
8718 713
8722 717
8726 720
8730 698
8734 703
8738 708
8742 712
8746 716
8750 719
8754 697
8758 702
8762 707
8766 711
8770 715
8774 694
8778 699
8782 704
8786 709
8790 713
8794 716
8798 720
8802 698
8806 703
8810 708
8814 712
8818 716
8822 694
8826 699
8830 704
8834 709
8838 713
8842 717
8846 720
8850 698
8854 703
8858 708
8862 712
8866 716
8870 694
8874 700
8878 705
8882 709
8886 713
8890 717
8894 720
8898 698
8902 703
8906 708
8910 712
8914 716
8918 694
8922 700
8926 705
8930 709
8934 713
8938 717
8942 720
8946 698
8950 703
8954 708
8958 712
8962 716
8966 719
8970 722
8974 700
8978 705
8982 709
8986 713
8990 717
8994 720
8998 723
9002 701
9006 706
9010 710
9014 714
9018 718
9022 721
9026 724
9030 726
9034 729
9038 706
9042 710
9046 714
9050 718
9054 721
9058 724
9062 726
9066 704
9070 708
9074 712
9078 716
9082 719
9086 722
9090 725
9094 703
9098 707
9102 711
9106 715
9110 719
9114 722
9118 725
9122 702
9126 707
9130 711
9134 715
9138 718
9142 721
9146 724
9150 702
9154 707
9158 711
9162 715
9166 718
9170 721
9174 724
9178 702
9182 706
9186 711
9190 715
9194 718
9198 696
9202 702
9206 706
9210 711
9214 715
9218 718
9222 721
9226 699
9230 704
9234 709
9238 713
9242 716
9246 695
9250 700
9254 705
9258 710
9262 714
9266 717
9270 720
9274 698
9278 703
9282 708
9286 712
9290 716
9294 719
9298 722
9302 700
9306 705
9310 709
9314 713
9318 717
9322 695
9326 701
9330 706
9334 710
9338 714
9342 717
9346 721
9350 699
9354 704
9358 708
9362 712
9366 716
9370 694
9374 700
9378 705
9382 709
9386 713
9390 717
9394 720
9398 698
9402 703
9406 708
9410 712
9414 716
9418 694
9422 700
9426 705
9430 709
9434 713
9438 717
9442 720
9446 698
9450 703
9454 708
9458 712
9462 716
9466 719
9470 722
9474 725
9478 702
9482 707
9486 711
9490 715
9494 719
9498 722
9502 724
9506 727
9510 704
9514 709
9518 713
9522 716
9526 720
9530 698
9534 728
9538 705
9542 710
9546 714
9550 717
9554 720
9558 698
9562 703
9566 708
9570 712
9574 716
9578 719
9582 722
9586 700
9590 705
9594 709
9598 713
9602 717
9606 720
9610 723
9614 701
9618 706
9622 710
9626 714
9630 718
9634 721
9638 724
9642 701
9646 706
9650 710
9654 714
9658 718
9662 696
9666 701
9670 706
9674 710
9678 714
9682 718
9686 721
9690 699
9694 704
9698 709
9702 713
9706 716
9710 695
9714 700
9718 705
9722 709
9726 713
9730 717
9734 720
9738 698
9742 703
9746 708
9750 712
9754 716
9758 694
9762 700
9766 705
9770 709
9774 713
9778 717
9782 720
9786 698
9790 703
9794 708
9798 712
9802 716
9806 694
9810 700
9814 705
9818 709
9822 713
9826 717
9830 720
9834 698
9838 703
9842 708
9846 712
9850 716
9854 719
9858 722
9862 700
9866 705
9870 709
9874 713
9878 717
9882 720
9886 723
9890 701
9894 706
9898 710
9902 714
9906 718
9910 721
9914 724
9918 701
9922 706
9926 710
9930 714
9934 718
9938 721
9942 724
9946 701
9950 706
9954 711
9958 714
9962 718
9966 721
9970 724
9974 701
9978 706
9982 711
9986 715
9990 718
9994 721
9998 724
10002 702
10006 706
10010 711
10014 715
10018 718
10022 721
10026 724
10030 702
10034 706
10038 711
10042 715
10046 718
10050 721
10054 724
10058 702
10062 706
10066 711
10070 715
10074 718
10078 721
10082 724
10086 702
10090 706
10094 711
10098 715
10102 718
10106 721
10110 724
10114 702
10118 706
10122 711
10126 715
10130 718
10134 721
10138 724
10142 702
10146 706
10150 711
10154 715
10158 718
10162 721
10166 699
10170 704
10174 709
10178 713
10182 716
10186 720
10190 698
10194 703
10198 708
10202 712
10206 716
10210 694
10214 699
10218 704
10222 709
10226 713
10230 692
10234 697
10238 703
10242 707
10246 712
10250 715
10254 694
10258 699
10262 704
10266 709
10270 713
10274 717
10278 695
10282 700
10286 705
10290 710
10294 714
10298 692
10302 698
10306 703
10310 708
10314 712
10318 716
10322 694
10326 700
10330 705
10334 709
10338 713
10342 717
10346 695
10350 700
10354 705
10358 710
10362 714
10366 717
10370 721
10374 698
10378 704
10382 708
10386 712
10390 716
10394 694
10398 700
10402 705
10406 709
10410 713
10414 717
10418 720
10422 723
10426 701
10430 706
10434 710
10438 714
10442 718
10446 721
10450 699
10454 704
10458 708
10462 712
10466 716
10470 719
10474 722
10478 725
10482 728
10486 705
10490 709
10494 713
10498 717
10502 720
10506 723
10510 726
10514 703
10518 708
10522 712
10526 716
10530 719
10534 722
10538 725
10542 727
10546 730
10550 707
10554 711
10558 715
10562 718
10566 721
10570 724
10574 727
10578 729
10582 706
10586 710
10590 714
10594 718
10598 721
10602 724
10606 726
10610 729
10614 706
10618 710
10622 714
10626 718
10630 721
10634 724
10638 726
10642 704
10646 708
10650 712
10654 716
10658 719
10662 697
10666 703
10670 707
10674 712
10678 715
10682 719
10686 722
10690 700
10694 705
10698 709
10702 713
10706 717
10710 720
10714 723
10718 701
10722 706
10726 710
10730 714
10734 717
10738 696
10742 701
10746 706
10750 710
10754 714
10758 718
10762 696
10766 701
10770 706
10774 710
10778 714
10782 718
10786 696
10790 701
10794 706
10798 710
10802 714
10806 693
10810 699
10814 704
10818 708
10822 712
10826 716
10830 719
10834 697
10838 703
10842 707
10846 712
10850 715
10854 694
10858 699
10862 704
10866 709
10870 713
10874 717
10878 720
10882 698
10886 703
10890 708
10894 712
10898 716
10902 694
10906 700
10910 705
10914 709
10918 713
10922 717
10926 720
10930 698
10934 703
10938 708
10942 712
10946 716
10950 719
10954 722
10958 700
10962 705
10966 709
10970 713
10974 717
10978 720
10982 723
10986 701
10990 706
10994 710
10998 714
11002 718
11006 721
11010 724
11014 701
11018 706
11022 710
11026 714
11030 718
11034 721
11038 724
11042 701
11046 706
11050 711
11054 714
11058 718
11062 721
11066 724
11070 726
11074 729
11078 706
11082 710
11086 714
11090 718
11094 721
11098 724
11102 726
11106 704
11110 708
11114 712
11118 716
11122 719
11126 722
11130 725
11134 703
11138 732
11142 709
11146 713
11150 717
11154 720
11158 723
11162 726
11166 703
11170 708
11174 712
11178 716
11182 719
11186 722
11190 725
11194 702
11198 707
11202 711
11206 715
11210 718
11214 722
11218 699
11222 704
11226 709
11230 713
11234 717
11238 720
11242 723
11246 701
11250 705
11254 710
11258 714
11262 717
11266 696
11270 701
11274 706
11278 710
11282 714
11286 718
11290 721
11294 699
11298 704
11302 708
11306 712
11310 716
11314 695
11318 700
11322 705
11326 709
11330 713
11334 717
11338 720
11342 698
11346 703
11350 708
11354 712
11358 716
11362 719
11366 697
11370 702
11374 707
11378 711
11382 715
11386 719
11390 697
11394 702
11398 707
11402 711
11406 715
11410 718
11414 721
11418 699
11422 704
11426 709
11430 713
11434 717
11438 695
11442 700
11446 705
11450 710
11454 714
11458 717
11462 720
11466 698
11470 703
11474 708
11478 712
11482 716
11486 719
11490 722
11494 700
11498 705
11502 709
11506 713
11510 717
11514 720
11518 723
11522 726
11526 728
11530 705
11534 710
11538 714
11542 717
11546 721
11550 723
11554 726
11558 703
11562 708
11566 712
11570 716
11574 719
11578 722
11582 725
11586 702
11590 707
11594 711
11598 715
11602 719
11606 722
11610 724
11614 702
11618 707
11622 711
11626 715
11630 718
11634 721
11638 724
11642 727
11646 704
11650 709
11654 713
11658 716
11662 720
11666 723
11670 725
11674 728
11678 705
11682 709
11686 713
11690 717
11694 720
11698 723
11702 726
11706 703
11710 708
11714 712
11718 716
11722 719
11726 722
11730 700
11734 705
11738 709
11742 713
11746 717
11750 720
11754 698
11758 703
11762 708
11766 712
11770 716
11774 694
11778 700
11782 705
11786 709
11790 713
11794 717
11798 720
11802 698
11806 703
11810 708
11814 712
11818 716
11822 719
11826 722
11830 700
11834 705
11838 709
11842 713
11846 717
11850 720
11854 723
11858 701
11862 706
11866 710
11870 714
11874 718
11878 721
11882 724
11886 701
11890 706
11894 710
11898 714
11902 718
11906 721
11910 724
11914 701
11918 706
11922 711
11926 714
11930 718
11934 721
11938 724
11942 701
11946 706
11950 711
11954 715
11958 718
11962 721
11966 724
11970 702
11974 706
11978 711
11982 715
11986 718
11990 721
11994 724
11998 702
12002 706
12006 711
12010 715
12014 718
12018 721
12022 724
12026 702
12030 706
12034 711
12038 715
12042 718
12046 721
12050 724
12054 702
12058 706
12062 711
12066 715
12070 718
12074 721
12078 724
12082 727
12086 704
12090 708
12094 713
12098 716
12102 720
12106 723
12110 700
12114 730
12118 707
12122 711
12126 715
12130 719
12134 722
12138 724
12142 727
12146 704
12150 709
12154 713
12158 716
12162 720
12166 723
12170 700
12174 705
12178 710
12182 714
12186 717
12190 721
12194 698
12198 704
12202 708
12206 712
12210 716
12214 719
12218 697
12222 703
12226 707
12230 711
12234 715
12238 719
12242 697
12246 702
12250 707
12254 711
12258 715
12262 718
12266 721
12270 699
12274 704
12278 709
12282 713
12286 717
12290 695
12294 700
12298 705
12302 710
12306 714
12310 717
12314 720
12318 698
12322 703
12326 708
12330 712
12334 716
12338 719
12342 722
12346 700
12350 705
12354 709
12358 713
12362 717
12366 720
12370 723
12374 701
12378 706
12382 710
12386 714
12390 718
12394 721
12398 724
12402 701
12406 706
12410 710
12414 714
12418 718
12422 721
12426 724
12430 701
12434 706
12438 711
12442 714
12446 718
12450 721
12454 724
12458 701
12462 706
12466 711
12470 715
12474 718
12478 721
12482 724
12486 702
12490 706
12494 711
12498 715
12502 718
12506 721
12510 724
12514 727
12518 729
12522 706
12526 710
12530 714
12534 718
12538 721
12542 724
12546 726
12550 704
12554 708
12558 712
12562 716
12566 719
12570 722
12574 725
12578 703
12582 707
12586 711
12590 715
12594 719
12598 722
12602 725
12606 702
12610 707
12614 711
12618 715
12622 718
12626 696
12630 727
12634 704
12638 709
12642 713
12646 716
12650 720
12654 698
12658 703
12662 708
12666 712
12670 715
12674 719
12678 722
12682 700
12686 705
12690 709
12694 713
12698 717
12702 720
12706 723
12710 701
12714 706
12718 710
12722 714
12726 717
12730 696
12734 701
12738 706
12742 710
12746 714
12750 693
12754 698
12758 704
12762 708
12766 712
12770 716
12774 719
12778 697
12782 703
12786 707
12790 711
12794 715
12798 694
12802 699
12806 704
12810 709
12814 713
12818 692
12822 697
12826 703
12830 707
12834 711
12838 715
12842 719
12846 697
12850 702
12854 707
12858 711
12862 715
12866 718
12870 721
12874 699
12878 704
12882 709
12886 713
12890 717
12894 720
12898 698
12902 703
12906 708
12910 712
12914 716
12918 719
12922 697
12926 702
12930 707
12934 711
12938 715
12942 719
12946 722
12950 699
12954 704
12958 709
12962 713
12966 717
12970 720
12974 723
12978 726
12982 728
12986 705
12990 710
12994 714
12998 717
13002 720
13006 723
13010 726
13014 703
13018 708
13022 712
13026 716
13030 719
13034 722
13038 725
13042 727
13046 730
13050 707
13054 711
13058 715
13062 718
13066 721
13070 724
13074 727
13078 729
13082 731
13086 708
13090 712
13094 716
13098 719
13102 722
13106 725
13110 727
13114 705
13118 709
13122 713
13126 717
13130 720
13134 723
13138 726
13142 703
13146 733
13150 709
13154 713
13158 717
13162 720
13166 723
13170 726
13174 728
13178 705
13182 710
13186 714
13190 717
13194 720
13198 698
13202 704
13206 708
13210 712
13214 716
13218 719
13222 722
13226 700
13230 705
13234 709
13238 713
13242 717
13246 695
13250 701
13254 706
13258 710
13262 714
13266 717
13270 696
13274 701
13278 706
13282 710
13286 714
13290 718
13294 696
13298 701
13302 706
13306 710
13310 714
13314 693
13318 699
13322 704
13326 708
13330 712
13334 716
13338 719
13342 697
13346 703
13350 707
13354 712
13358 715
13362 694
13366 699
13370 704
13374 709
13378 713
13382 717
13386 720
13390 698
13394 703
13398 708
13402 712
13406 716
13410 719
13414 697
13418 702
13422 707
13426 711
13430 715
13434 719
13438 697
13442 702
13446 707
13450 711
13454 715
13458 693
13462 724
13466 701
13470 706
13474 711
13478 714
13482 718
13486 721
13490 699
13494 704
13498 709
13502 713
13506 716
13510 720
13514 723
13518 725
13522 703
13526 707
13530 712
13534 715
13538 719
13542 722
13546 725
13550 702
13554 707
13558 711
13562 715
13566 718
13570 722
13574 724
13578 727
13582 729
13586 706
13590 710
13594 714
13598 718
13602 721
13606 724
13610 726
13614 704
13618 708
13622 712
13626 716
13630 719
13634 722
13638 725
13642 728
13646 705
13650 709
13654 713
13658 717
13662 720
13666 723
13670 726
13674 728
13678 705
13682 710
13686 714
13690 717
13694 720
13698 698
13702 728
13706 706
13710 710
13714 714
13718 717
13722 721
13726 724
13730 701
13734 706
13738 710
13742 714
13746 718
13750 721
13754 699
13758 704
13762 708
13766 713
13770 716
13774 720
13778 723
13782 700
13786 705
13790 710
13794 714
13798 717
13802 720
13806 723
13810 701
13814 706
13818 710
13822 714
13826 718
13830 696
13834 701
13838 706
13842 710
13846 714
13850 718
13854 721
13858 699
13862 704
13866 708
13870 713
13874 716
13878 720
13882 723
13886 700
13890 705
13894 710
13898 714
13902 717
13906 695
13910 701
13914 706
13918 710
13922 714
13926 718
13930 721
13934 699
13938 704
13942 708
13946 712
13950 716
13954 719
13958 722
13962 700
13966 705
13970 710
13974 714
13978 717
13982 720
13986 723
13990 701
13994 706
13998 710
14002 714
14006 718
14010 721
14014 724
14018 701
14022 706
14026 710
14030 714
14034 718
14038 721
14042 724
14046 701
14050 706
14054 711
14058 714
14062 718
14066 721
14070 724
14074 702
14078 706
14082 711
14086 715
14090 718
14094 721
14098 724
14102 702
14106 706
14110 711
14114 715
14118 718
14122 721
14126 724
14130 702
14134 706
14138 711
14142 715
14146 718
14150 721
14154 724
14158 702
14162 706
14166 711
14170 715
14174 718
14178 721
14182 724
14186 702
14190 706
14194 711
14198 715
14202 718
14206 721
14210 724
14214 702
14218 706
14222 711
14226 715
14230 718
14234 696
14238 702
14242 706
14246 711
14250 715
14254 718
14258 721
14262 699
14266 704
14270 709
14274 713
14278 716
14282 720
14286 698
14290 703
14294 708
14298 712
14302 715
14306 719
14310 697
14314 702
14318 707
14322 711
14326 715
14330 718
14334 697
14338 702
14342 707
14346 711
14350 715
14354 718
14358 696
14362 702
14366 706
14370 711
14374 715
14378 718
14382 721
14386 699
14390 704
14394 709
14398 713
14402 716
14406 720
14410 723
14414 700
14418 705
14422 710
14426 714
14430 717
14434 721
14438 698
14442 704
14446 708
14450 712
14454 716
14458 719
14462 697
14466 703
14470 707
14474 711
14478 715
14482 719
14486 722
14490 700
14494 705
14498 709
14502 713
14506 717
14510 720
14514 723
14518 701
14522 705
14526 710
14530 714
14534 717
14538 721
14542 724
14546 701
14550 706
14554 710
14558 714
14562 718
14566 721
14570 724
14574 701
14578 706
14582 711
14586 714
14590 718
14594 721
14598 724
14602 701
14606 706
14610 711
14614 714
14618 718
14622 721
14626 724
14630 727
14634 704
14638 708
14642 713
14646 716
14650 720
14654 723
14658 700
14662 730
14666 707
14670 711
14674 715
14678 719
14682 722
14686 699
14690 704
14694 709
14698 713
14702 717
14706 720
14710 723
14714 701
14718 705
14722 710
14726 714
14730 717
14734 696
14738 701
14742 706
14746 710
14750 714
14754 718
14758 721
14762 699
14766 704
14770 708
14774 712
14778 716
14782 695
14786 700
14790 705
14794 709
14798 713
14802 717
14806 695
14810 701
14814 706
14818 710
14822 714
14826 717
14830 696
14834 701
14838 706
14842 710
14846 714
14850 718
14854 721
14858 699
14862 704
14866 708
14870 713
14874 716
14878 695
14882 700
14886 705
14890 709
14894 713
14898 717
14902 720
14906 698
14910 703
14914 708
14918 712
14922 716
14926 719
14930 722
14934 700
14938 705
14942 709
14946 713
14950 717
14954 720
14958 723
14962 701
14966 706
14970 710
14974 714
14978 718
14982 721
14986 724
14990 701
14994 706
14998 710
