10 0
14 0
18 0
22 0
26 1
30 1
34 1
38 2
42 3
46 3
50 4
54 5
58 6
62 7
66 8
70 9
74 10
78 11
82 12
86 13
90 15
94 16
98 17
102 18
106 20
110 21
114 22
118 24
122 25
126 27
130 28
134 29
138 31
142 32
146 34
150 35
154 37
158 39
162 40
166 42
170 43
174 45
178 46
182 48
186 49
190 51
194 53
198 54
202 56
206 57
210 59
214 61
218 62
222 64
226 65
230 67
234 69
238 70
242 72
246 73
250 75
254 77
258 78
262 80
266 82
270 83
274 85
278 87
282 88
286 90
290 91
294 93
298 95
302 96
306 98
310 99
314 101
318 103
322 104
326 106
330 108
334 109
338 111
342 113
346 114
350 116
354 117
358 119
362 121
366 122
370 124
374 126
378 127
382 129
386 131
390 132
394 134
398 135
402 137
406 139
410 140
414 142
418 144
422 145
426 147
430 149
434 150
438 152
442 153
446 155
450 157
454 158
458 160
462 161
466 163
470 165
474 166
478 168
482 170
486 171
490 173
494 174
498 176
502 178
506 179
510 181
514 183
518 184
522 186
526 187
530 189
534 190
538 192
542 194
546 195
550 197
554 198
558 200
562 202
566 203
570 205
574 207
578 208
582 210
586 211
590 213
594 215
598 216
602 218
606 219
610 221
614 222
618 224
622 226
626 227
630 229
634 231
638 232
642 234
646 235
650 237
654 239
658 240
662 242
666 243
670 245
674 247
678 248
682 250
686 251
690 253
694 255
698 256
702 258
706 260
710 261
714 263
718 264
722 266
726 268
730 269
734 271
738 273
742 274
746 276
750 277
754 279
758 281
762 282
766 284
770 286
774 287
778 289
782 291
786 292
790 294
794 295
798 297
802 299
806 300
810 302
814 304
818 305
822 307
826 309
830 310
834 312
838 313
842 315
846 317
850 318
854 320
858 322
862 323
866 325
870 327
874 328
878 330
882 331
886 333
890 335
894 336
898 338
902 339
906 341
910 343
914 345
918 346
922 348
926 349
930 351
934 353
938 354
942 356
946 358
950 359
954 361
958 363
962 364
966 366
970 367
974 369
978 371
982 372
986 374
990 376
994 377
998 379
1002 381
1006 382
1010 384
1014 385
1018 387
1022 389
1026 390
1030 392
1034 394
1038 395
1042 397
1046 399
1050 400
1054 402
1058 404
1062 405
1066 407
1070 409
1074 410
1078 412
1082 413
1086 415
1090 417
1094 418
1098 420
1102 422
1106 423
1110 425
1114 427
1118 428
1122 430
1126 432
1130 433
1134 435
1138 437
1142 438
1146 440
1150 441
1154 443
1158 445
1162 447
1166 448
1170 450
1174 451
1178 453
1182 455
1186 456
1190 458
1194 459
1198 461
1202 463
1206 464
1210 466
1214 468
1218 469
1222 471
1226 473
1230 474
1234 476
1238 478
1242 479
1246 481
1250 483
1254 484
1258 486
1262 487
1266 489
1270 491
1274 492
1278 494
1282 496
1286 497
1290 499
1294 501
1298 502
1302 504
1306 505
1310 507
1314 509
1318 510
1322 512
1326 514
1330 515
1334 517
1338 519
1342 520
1346 522
1350 523
1354 525
1358 527
1362 528
1366 530
1370 532
1374 533
1378 535
1382 537
1386 538
1390 540
1394 541
1398 543
1402 545
1406 546
1410 548
1414 549
1418 551
1422 553
1426 554
1430 556
1434 557
1438 559
1442 561
1446 562
1450 564
1454 566
1458 567
1462 569
1466 571
1470 572
1474 574
1478 575
1482 577
1486 579
1490 580
1494 582
1498 583
1502 585
1506 587
1510 588
1514 590
1518 591
1522 593
1526 595
1530 596
1534 598
1538 599
1542 601
1546 603
1550 604
1554 606
1558 608
1562 609
1566 611
1570 613
1574 614
1578 616
1582 617
1586 619
1590 621
1594 622
1598 624
1602 625
1606 627
1610 629
1614 630
1618 632
1622 634
1626 635
1630 637
1634 639
1638 640
1642 642
1646 643
1650 645
1654 647
1658 648
1662 650
1666 651
1670 653
1674 655
1678 656
1682 658
1686 660
1690 661
1694 663
1698 665
1702 666
1706 668
1710 669
1714 671
1718 673
1722 674
1726 676
1730 677
1734 679
1738 681
1742 682
1746 684
1750 686
1754 687
1758 689
1762 691
1766 692
1770 694
1774 695
1778 697
1782 699
1786 700
1790 702
1794 703
1798 705
1802 707
1806 709
1810 710
1814 712
1818 713
1822 715
1826 717
1830 718
1834 720
1838 721
1842 723
1846 725
1850 726
1854 728
1858 730
1862 731
1866 733
1870 735
1874 736
1878 738
1882 740
1886 741
1890 743
1894 744
1898 746
1902 748
1906 749
1910 751
1914 753
1918 754
1922 756
1926 758
1930 759
1934 761
1938 763
1942 764
1946 766
1950 767
1954 769
1958 771
1962 773
1966 774
1970 776
1974 777
1978 779
1982 781
1986 783
1990 784
1994 786
1998 787
2002 789
2006 791
2010 792
2014 794
2018 796
2022 797
2026 799
2030 801
2034 802
2038 804
2042 806
2046 807
2050 809
2054 811
2058 812
2062 814
2066 816
2070 817
2074 819
2078 821
2082 822
2086 824
2090 825
2094 827
2098 829
2102 831
2106 832
2110 834
2114 835
2118 837
2122 839
2126 840
2130 842
2134 844
2138 845
2142 847
2146 849
2150 850
2154 852
2158 854
2162 855
2166 857
2170 859
2174 860
2178 862
2182 863
2186 865
2190 867
2194 868
2198 870
2202 871
2206 873
2210 875
2214 877
2218 878
2222 880
2226 881
2230 883
2234 885
2238 886
2242 888
2246 889
2250 891
2254 893
2258 894
2262 896
2266 898
2270 899
2274 901
2278 902
2282 904
2286 906
2290 907
2294 909
2298 910
2302 912
2306 913
2310 915
2314 917
2318 918
2322 920
2326 921
2330 923
2334 925
2338 926
2342 928
2346 930
2350 931
2354 933
2358 934
2362 936
2366 937
2370 939
2374 941
2378 942
2382 944
2386 945
2390 947
2394 949
2398 950
2402 952
2406 953
2410 955
2414 957
2418 958
2422 960
2426 961
2430 963
2434 965
2438 966
2442 968
2446 970
2450 971
2454 973
2458 975
2462 976
2466 978
2470 979
2474 981
2478 983
2482 984
2486 986
2490 987
2494 989
2498 991
2502 992
2506 994
2510 996
2514 997
2518 999
2522 1001
2526 1002
2530 1004
2534 1005
2538 1007
2542 1009
2546 1010
2550 1012
2554 1013
2558 1015
2562 1017
2566 1019
2570 1020
2574 1022
2578 1023
2582 1025
2586 1027
2590 1028
2594 1030
2598 1031
2602 1033
2606 1035
2610 1036
2614 1038
2618 1040
2622 1041
2626 1043
2630 1045
2634 1046
2638 1048
2642 1049
2646 1051
2650 1053
2654 1055
2658 1056
2662 1058
2666 1059
2670 1061
2674 1063
2678 1064
2682 1066
2686 1067
2690 1069
2694 1071
2698 1073
2702 1074
2706 1076
2710 1077
2714 1079
2718 1081
2722 1082
2726 1084
2730 1086
2734 1087
2738 1089
2742 1091
2746 1092
2750 1094
2754 1095
2758 1097
2762 1099
2766 1101
2770 1102
2774 1104
2778 1105
2782 1107
2786 1109
2790 1110
2794 1112
2798 1114
2802 1115
2806 1117
2810 1119
2814 1120
2818 1122
2822 1124
2826 1125
2830 1127
2834 1129
2838 1130
2842 1132
2846 1133
2850 1135
2854 1137
2858 1139
2862 1140
2866 1142
2870 1143
2874 1145
2878 1147
2882 1148
2886 1150
2890 1152
2894 1153
2898 1155
2902 1157
2906 1158
2910 1160
2914 1162
2918 1163
2922 1165
2926 1167
2930 1168
2934 1170
2938 1171
2942 1173
2946 1175
2950 1176
2954 1178
2958 1180
2962 1181
2966 1183
2970 1185
2974 1186
2978 1188
2982 1190
2986 1191
2990 1193
2994 1195
2998 1196
3002 1198
3006 1199
3010 1201
3014 1203
3018 1204
3022 1206
3026 1207
3030 1209
3034 1211
3038 1213
3042 1214
3046 1216
3050 1217
3054 1219
3058 1221
3062 1222
3066 1224
3070 1225
3074 1227
3078 1229
3082 1230
3086 1232
3090 1234
3094 1235
3098 1237
3102 1239
3106 1240
3110 1242
3114 1244
3118 1245
3122 1247
3126 1248
3130 1250
3134 1252
3138 1253
3142 1255
3146 1257
3150 1258
3154 1260
3158 1261
3162 1263
3166 1265
3170 1266
3174 1268
3178 1269
3182 1271
3186 1273
3190 1274
3194 1276
3198 1277
3202 1279
3206 1281
3210 1282
3214 1284
3218 1285
3222 1287
3226 1289
3230 1290
3234 1292
3238 1293
3242 1295
3246 1297
3250 1298
3254 1300
3258 1302
3262 1303
3266 1305
3270 1306
3274 1308
3278 1310
3282 1311
3286 1313
3290 1315
3294 1316
3298 1318
3302 1319
3306 1321
3310 1323
3314 1324
3318 1326
3322 1327
3326 1329
3330 1331
3334 1332
3338 1334
3342 1336
3346 1337
3350 1339
3354 1341
3358 1342
3362 1344
3366 1345
3370 1347
3374 1349
3378 1350
3382 1352
3386 1353
3390 1355
3394 1357
3398 1358
3402 1360
3406 1362
3410 1363
3414 1365
3418 1367
3422 1368
3426 1370
3430 1371
3434 1373
3438 1375
3442 1376
3446 1378
3450 1380
3454 1381
3458 1383
3462 1385
3466 1386
3470 1388
3474 1389
3478 1391
3482 1393
3486 1394
3490 1396
3494 1398
3498 1399
3502 1401
3506 1403
3510 1404
3514 1406
3518 1407
3522 1409
3526 1411
3530 1412
3534 1414
3538 1416
3542 1417
3546 1419
3550 1421
3554 1422
3558 1424
3562 1425
3566 1427
3570 1429
3574 1431
3578 1432
3582 1434
3586 1435
3590 1437
3594 1439
3598 1440
3602 1442
3606 1443
3610 1445
3614 1447
3618 1448
3622 1450
3626 1452
3630 1453
3634 1455
3638 1457
3642 1458
3646 1460
3650 1462
3654 1463
3658 1465
3662 1467
3666 1468
3670 1470
3674 1471
3678 1473
3682 1475
3686 1476
3690 1478
3694 1480
3698 1481
3702 1483
3706 1485
3710 1486
3714 1488
3718 1489
3722 1491
3726 1493
3730 1494
3734 1496
3738 1498
3742 1499
3746 1501
3750 1503
3754 1504
3758 1506
3762 1508
3766 1509
3770 1511
3774 1513
3778 1514
3782 1516
3786 1517
3790 1519
3794 1521
3798 1523
3802 1524
3806 1526
3810 1527
3814 1529
3818 1531
3822 1532
3826 1534
3830 1536
3834 1537
3838 1539
3842 1541
3846 1542
3850 1544
3854 1546
3858 1547
3862 1549
3866 1551
3870 1552
3874 1554
3878 1555
3882 1557
3886 1559
3890 1560
3894 1562
3898 1564
3902 1565
3906 1567
3910 1569
3914 1570
3918 1572
3922 1574
3926 1575
3930 1577
3934 1579
3938 1580
3942 1582
3946 1583
3950 1585
3954 1587
3958 1588
3962 1590
3966 1592
3970 1593
3974 1595
3978 1597
3982 1598
3986 1600
3990 1601
3994 1603
3998 1605
4002 1606
4006 1608
4010 1610
4014 1611
4018 1613
4022 1615
4026 1616
4030 1618
4034 1619
4038 1621
4042 1623
4046 1624
4050 1626
4054 1627
4058 1629
4062 1631
4066 1632
4070 1634
4074 1635
4078 1637
4082 1639
4086 1640
4090 1642
4094 1643
4098 1645
4102 1647
4106 1649
4110 1650
4114 1652
4118 1653
4122 1655
4126 1656
4130 1658
4134 1659
4138 1661
4142 1663
4146 1664
4150 1666
4154 1668
4158 1669
4162 1671
4166 1672
4170 1674
4174 1676
4178 1677
4182 1679
4186 1680
4190 1682
4194 1684
4198 1685
4202 1687
4206 1689
4210 1690
4214 1692
4218 1693
4222 1695
4226 1697
4230 1698
4234 1700
4238 1701
4242 1703
4246 1705
4250 1706
4254 1708
4258 1709
4262 1711
4266 1713
4270 1714
4274 1716
4278 1717
4282 1719
4286 1721
4290 1723
4294 1724
4298 1726
4302 1727
4306 1729
4310 1731
4314 1732
4318 1734
4322 1735
4326 1737
4330 1739
4334 1740
4338 1742
4342 1744
4346 1745
4350 1747
4354 1748
4358 1750
4362 1752
4366 1753
4370 1755
4374 1757
4378 1758
4382 1760
4386 1761
4390 1763
4394 1765
4398 1766
4402 1768
4406 1770
4410 1771
4414 1773
4418 1775
4422 1776
4426 1778
4430 1779
4434 1781
4438 1783
4442 1784
4446 1786
4450 1787
4454 1789
4458 1791
4462 1793
4466 1794
4470 1796
4474 1797
4478 1799
4482 1801
4486 1802
4490 1804
4494 1805
4498 1807
4502 1809
4506 1811
4510 1812
4514 1814
4518 1815
4522 1817
4526 1819
4530 1820
4534 1822
4538 1824
4542 1825
4546 1827
4550 1829
4554 1830
4558 1832
4562 1834
4566 1835
4570 1837
4574 1839
4578 1840
4582 1842
4586 1844
4590 1845
4594 1847
4598 1849
4602 1850
4606 1852
4610 1853
4614 1855
4618 1857
4622 1859
4626 1860
4630 1862
4634 1863
4638 1865
4642 1867
4646 1868
4650 1870
4654 1872
4658 1873
4662 1875
4666 1877
4670 1878
4674 1880
4678 1882
4682 1883
4686 1885
4690 1887
4694 1888
4698 1890
4702 1891
4706 1893
4710 1895
4714 1897
4718 1898
4722 1900
4726 1901
4730 1903
4734 1905
4738 1906
4742 1908
4746 1910
4750 1911
4754 1913
4758 1915
4762 1916
4766 1918
4770 1920
4774 1921
4778 1923
4782 1925
4786 1926
4790 1928
4794 1929
4798 1931
4802 1933
4806 1934
4810 1936
4814 1938
4818 1939
4822 1941
4826 1943
4830 1944
4834 1946
4838 1947
4842 1949
4846 1951
4850 1952
4854 1954
4858 1956
4862 1957
4866 1959
4870 1961
4874 1962
4878 1964
4882 1965
4886 1967
4890 1969
4894 1970
4898 1972
4902 1973
4906 1975
4910 1977
4914 1978
4918 1980
4922 1982
4926 1983
4930 1985
4934 1987
4938 1988
4942 1990
4946 1991
4950 1993
4954 1994
4958 1996
4962 1998
4966 1999
4970 2001
4974 2002
4978 2004
4982 2006
4986 2007
4990 2009
4994 2011
4998 2012
5002 2014
5006 2015
5010 2017
5014 2018
5018 2020
5022 2022
5026 2023
5030 2025
5034 2026
5038 2028
5042 2030
5046 2031
5050 2033
5054 2035
5058 2036
5062 2038
5066 2039
5070 2041
5074 2043
5078 2044
5082 2046
5086 2047
5090 2049
5094 2051
5098 2052
5102 2054
5106 2055
5110 2057
5114 2059
5118 2060
5122 2062
5126 2063
5130 2065
5134 2067
5138 2069
5142 2070
5146 2072
5150 2073
5154 2075
5158 2077
5162 2078
5166 2080
5170 2082
5174 2083
5178 2085
5182 2086
5186 2088
5190 2090
5194 2091
5198 2093
5202 2095
5206 2096
5210 2098
5214 2100
5218 2101
5222 2103
5226 2105
5230 2106
5234 2108
5238 2109
5242 2111
5246 2113
5250 2114
5254 2116
5258 2117
5262 2119
5266 2121
5270 2123
5274 2124
5278 2126
5282 2127
5286 2129
5290 2131
5294 2132
5298 2134
5302 2136
5306 2137
5310 2139
5314 2141
5318 2142
5322 2144
5326 2145
5330 2147
5334 2149
5338 2151
5342 2152
5346 2154
5350 2155
5354 2157
5358 2159
5362 2160
5366 2162
5370 2163
5374 2165
5378 2167
5382 2169
5386 2170
5390 2172
5394 2173
5398 2175
5402 2177
5406 2179
5410 2180
5414 2182
5418 2183
5422 2185
5426 2187
5430 2188
5434 2190
5438 2192
5442 2193
5446 2195
5450 2197
5454 2198
5458 2200
5462 2201
5466 2203
5470 2205
5474 2207
5478 2208
5482 2210
5486 2211
5490 2213
5494 2215
5498 2216
5502 2218
5506 2220
5510 2221
5514 2223
5518 2225
5522 2226
5526 2228
5530 2230
5534 2231
5538 2233
5542 2235
5546 2236
5550 2238
5554 2239
5558 2241
5562 2243
5566 2244
5570 2246
5574 2248
5578 2249
5582 2251
5586 2253
5590 2254
5594 2256
5598 2257
5602 2259
5606 2261
5610 2263
5614 2264
5618 2266
5622 2267
5626 2269
5630 2271
5634 2272
5638 2274
5642 2276
5646 2277
5650 2279
5654 2281
5658 2282
5662 2284
5666 2285
5670 2287
5674 2289
5678 2290
5682 2292
5686 2294
5690 2295
5694 2297
5698 2299
5702 2300
5706 2302
5710 2303
5714 2305
5718 2307
5722 2308
5726 2310
5730 2312
5734 2313
5738 2315
5742 2317
5746 2318
5750 2320
5754 2321
5758 2323
5762 2325
5766 2326
5770 2328
5774 2329
5778 2331
5782 2333
5786 2334
5790 2336
5794 2338
5798 2339
5802 2341
5806 2343
5810 2344
5814 2346
5818 2347
5822 2349
5826 2351
5830 2352
5834 2354
5838 2355
5842 2357
5846 2359
5850 2360
5854 2362
5858 2363
5862 2365
5866 2367
5870 2368
5874 2370
5878 2371
5882 2373
5886 2375
5890 2376
5894 2378
5898 2379
5902 2381
5906 2383
5910 2384
5914 2386
5918 2388
5922 2389
5926 2391
5930 2393
5934 2394
5938 2396
5942 2397
5946 2399
5950 2401
5954 2402
5958 2404
5962 2405
5966 2407
5970 2409
5974 2410
5978 2412
5982 2414
5986 2415
5990 2417
5994 2419
5998 2420
6002 2422
6006 2423
6010 2425
6014 2427
6018 2428
6022 2430
6026 2431
6030 2433
6034 2435
6038 2436
6042 2438
6046 2440
6050 2441
6054 2443
6058 2445
6062 2446
6066 2448
6070 2449
6074 2451
6078 2453
6082 2454
6086 2456
6090 2458
6094 2459
6098 2461
6102 2463
6106 2464
6110 2466
6114 2467
6118 2469
6122 2471
6126 2472
6130 2474
6134 2475
6138 2477
6142 2479
6146 2480
6150 2482
6154 2484
6158 2485
6162 2487
6166 2489
6170 2490
6174 2492
6178 2493
6182 2495
6186 2497
6190 2498
6194 2500
6198 2501
6202 2503
6206 2505
6210 2506
6214 2508
6218 2510
6222 2511
6226 2513
6230 2515
6234 2516
6238 2518
6242 2519
6246 2521
6250 2523
6254 2524
6258 2526
6262 2528
6266 2529
6270 2531
6274 2533
6278 2534
6282 2536
6286 2537
6290 2539
6294 2541
6298 2542
6302 2544
6306 2546
6310 2547
6314 2549
6318 2551
6322 2552
6326 2554
6330 2556
6334 2557
6338 2559
6342 2561
6346 2562
6350 2564
6354 2565
6358 2567
6362 2569
6366 2570
6370 2572
6374 2574
6378 2575
6382 2577
6386 2579
6390 2580
6394 2582
6398 2584
6402 2585
6406 2587
6410 2589
6414 2590
6418 2592
6422 2593
6426 2595
6430 2597
6434 2598
6438 2600
6442 2602
6446 2603
6450 2605
6454 2607
6458 2609
6462 2610
6466 2612
6470 2613
6474 2615
6478 2617
6482 2618
6486 2620
6490 2622
6494 2623
6498 2625
6502 2627
6506 2628
6510 2630
6514 2632
6518 2633
6522 2635
6526 2637
6530 2638
6534 2640
6538 2641
6542 2643
6546 2645
6550 2646
6554 2648
6558 2650
6562 2651
6566 2653
6570 2655
6574 2656
6578 2658
6582 2660
6586 2661
6590 2663
6594 2665
6598 2666
6602 2668
6606 2669
6610 2671
6614 2673
6618 2675
6622 2676
6626 2678
6630 2679
6634 2681
6638 2683
6642 2684
6646 2686
6650 2687
6654 2689
6658 2691
6662 2692
6666 2694
6670 2696
6674 2697
6678 2699
6682 2701
6686 2702
6690 2704
6694 2705
6698 2707
6702 2709
6706 2710
6710 2712
6714 2713
6718 2715
6722 2717
6726 2718
6730 2720
6734 2721
6738 2723
6742 2725
6746 2726
6750 2728
6754 2729
6758 2731
6762 2733
6766 2734
6770 2736
6774 2737
6778 2739
6782 2741
6786 2742
6790 2744
6794 2745
6798 2747
6802 2749
6806 2750
6810 2752
6814 2753
6818 2755
6822 2757
6826 2758
6830 2760
6834 2761
6838 2763
6842 2765
6846 2766
6850 2768
6854 2770
6858 2771
6862 2773
6866 2775
6870 2776
6874 2778
6878 2779
6882 2781
6886 2783
6890 2784
6894 2786
6898 2787
6902 2789
6906 2791
6910 2792
6914 2794
6918 2796
6922 2797
6926 2799
6930 2800
6934 2802
6938 2804
6942 2805
6946 2807
6950 2809
6954 2810
6958 2812
6962 2813
6966 2815
6970 2817
6974 2818
6978 2820
6982 2821
6986 2823
6990 2825
6994 2827
6998 2828
7002 2830
7006 2831
7010 2833
7014 2835
7018 2836
7022 2838
7026 2839
7030 2841
7034 2843
7038 2844
7042 2846
7046 2848
7050 2849
7054 2851
7058 2853
7062 2854
7066 2856
7070 2857
7074 2859
7078 2861
7082 2862
7086 2864
7090 2866
7094 2867
7098 2869
7102 2871
7106 2872
7110 2874
7114 2875
7118 2877
7122 2879
7126 2880
7130 2882
7134 2884
7138 2885
7142 2887
7146 2889
7150 2890
7154 2892
7158 2894
7162 2895
7166 2897
7170 2899
7174 2900
7178 2902
7182 2903
7186 2905
7190 2907
7194 2909
7198 2910
7202 2912
7206 2913
7210 2915
7214 2917
7218 2918
7222 2920
7226 2922
7230 2923
7234 2925
7238 2927
7242 2928
7246 2930
7250 2932
7254 2933
7258 2935
7262 2937
7266 2938
7270 2940
7274 2942
7278 2943
7282 2945
7286 2947
7290 2948
7294 2950
7298 2951
7302 2953
7306 2955
7310 2956
7314 2958
7318 2960
7322 2961
7326 2963
7330 2965
7334 2966
7338 2968
7342 2970
7346 2971
7350 2973
7354 2975
7358 2976
7362 2978
7366 2980
7370 2981
7374 2983
7378 2985
7382 2986
7386 2988
7390 2989
7394 2991
7398 2993
7402 2994
7406 2996
7410 2998
7414 2999
7418 3001
7422 3003
7426 3004
7430 3006
7434 3007
7438 3009
7442 3011
7446 3013
7450 3014
7454 3016
7458 3017
7462 3019
7466 3021
7470 3022
7474 3024
7478 3025
7482 3027
7486 3029
7490 3030
7494 3032
7498 3034
7502 3035
7506 3037
7510 3039
7514 3040
7518 3042
7522 3043
7526 3045
7530 3047
7534 3048
7538 3050
7542 3051
7546 3053
7550 3055
7554 3056
7558 3058
7562 3060
7566 3061
7570 3063
7574 3065
7578 3066
7582 3068
7586 3069
7590 3071
7594 3073
7598 3074
7602 3076
7606 3077
7610 3079
7614 3080
7618 3082
7622 3084
7626 3085
7630 3087
7634 3089
7638 3090
7642 3092
7646 3093
7650 3095
7654 3096
7658 3098
7662 3100
7666 3101
7670 3103
7674 3105
7678 3106
7682 3108
7686 3109
7690 3111
7694 3113
7698 3114
7702 3116
7706 3117
7710 3119
7714 3121
7718 3122
7722 3124
7726 3125
7730 3127
7734 3129
7738 3130
7742 3132
7746 3134
7750 3135
7754 3137
7758 3139
7762 3140
7766 3142
7770 3143
7774 3145
7778 3147
7782 3148
7786 3150
7790 3151
7794 3153
7798 3155
7802 3157
7806 3158
7810 3160
7814 3161
7818 3163
7822 3165
7826 3166
7830 3168
7834 3169
7838 3171
7842 3173
7846 3174
7850 3176
7854 3178
7858 3179
7862 3181
7866 3183
7870 3184
7874 3186
7878 3187
7882 3189
7886 3191
7890 3192
7894 3194
7898 3196
7902 3197
7906 3199
7910 3201
7914 3202
7918 3204
7922 3205
7926 3207
7930 3209
7934 3211
7938 3212
7942 3214
7946 3215
7950 3217
7954 3219
7958 3220
7962 3222
7966 3224
7970 3225
7974 3227
7978 3229
7982 3230
7986 3232
7990 3233
7994 3235
7998 3237
8002 3238
8006 3240
8010 3241
8014 3243
8018 3245
8022 3247
8026 3248
8030 3250
8034 3251
8038 3253
8042 3255
8046 3256
8050 3258
8054 3260
8058 3261
8062 3263
8066 3265
8070 3266
8074 3268
8078 3269
8082 3271
8086 3273
8090 3275
8094 3276
8098 3278
8102 3279
8106 3281
8110 3283
8114 3284
8118 3286
8122 3288
8126 3289
8130 3291
8134 3293
8138 3294
8142 3296
8146 3297
8150 3299
8154 3301
8158 3303
8162 3304
8166 3306
8170 3307
8174 3309
8178 3311
8182 3312
8186 3314
8190 3315
8194 3317
8198 3319
8202 3321
8206 3322
8210 3324
8214 3325
8218 3327
8222 3329
8226 3331
8230 3332
8234 3334
8238 3335
8242 3337
8246 3339
8250 3340
8254 3342
8258 3344
8262 3345
8266 3347
8270 3349
8274 3350
8278 3352
8282 3353
8286 3355
8290 3357
8294 3358
8298 3360
8302 3362
8306 3363
8310 3365
8314 3367
8318 3368
8322 3370
8326 3371
8330 3373
8334 3375
8338 3377
8342 3378
8346 3380
8350 3381
8354 3383
8358 3385
8362 3386
8366 3388
8370 3390
8374 3391
8378 3393
8382 3395
8386 3396
8390 3398
8394 3399
8398 3401
8402 3403
8406 3404
8410 3406
8414 3407
8418 3409
8422 3411
8426 3412
8430 3414
8434 3416
8438 3417
8442 3419
8446 3421
8450 3422
8454 3424
8458 3425
8462 3427
8466 3429
8470 3430
8474 3432
8478 3433
8482 3435
8486 3437
8490 3438
8494 3440
8498 3441
8502 3443
8506 3445
8510 3446
8514 3448
8518 3450
8522 3451
8526 3453
8530 3455
8534 3456
8538 3458
8542 3459
8546 3461
8550 3463
8554 3464
8558 3466
8562 3467
8566 3469
8570 3471
8574 3472
8578 3474
8582 3475
8586 3477
8590 3479
8594 3480
8598 3482
8602 3483
8606 3485
8610 3487
8614 3488
8618 3490
8622 3491
8626 3493
8630 3495
8634 3496
8638 3498
8642 3500
8646 3501
8650 3503
8654 3505
8658 3506
8662 3508
8666 3509
8670 3511
8674 3513
8678 3514
8682 3516
8686 3517
8690 3519
8694 3521
8698 3522
8702 3524
8706 3526
8710 3527
8714 3529
8718 3531
8722 3532
8726 3534
8730 3535
8734 3537
8738 3539
8742 3540
8746 3542
8750 3543
8754 3545
8758 3547
8762 3548
8766 3550
8770 3552
8774 3553
8778 3555
8782 3557
8786 3558
8790 3560
8794 3561
8798 3563
8802 3565
8806 3566
8810 3568
8814 3570
8818 3571
8822 3573
8826 3574
8830 3576
8834 3578
8838 3579
8842 3581
8846 3583
8850 3584
8854 3586
8858 3587
8862 3589
8866 3591
8870 3592
8874 3594
8878 3596
8882 3597
8886 3599
8890 3601
8894 3602
8898 3604
8902 3605
8906 3607
8910 3609
8914 3610
8918 3612
8922 3614
8926 3615
8930 3617
8934 3619
8938 3620
8942 3622
8946 3623
8950 3625
8954 3627
8958 3629
8962 3630
8966 3632
8970 3633
8974 3635
8978 3637
8982 3638
8986 3640
8990 3642
8994 3643
8998 3645
9002 3647
9006 3648
9010 3650
9014 3652
9018 3653
9022 3655
9026 3657
9030 3658
9034 3660
9038 3661
9042 3663
9046 3665
9050 3667
9054 3668
9058 3670
9062 3671
9066 3673
9070 3675
9074 3676
9078 3678
9082 3680
9086 3681
9090 3683
9094 3685
9098 3687
9102 3688
9106 3690
9110 3691
9114 3693
9118 3695
9122 3696
9126 3698
9130 3700
9134 3701
9138 3703
9142 3705
9146 3706
9150 3708
9154 3710
9158 3711
9162 3713
9166 3715
9170 3716
9174 3718
9178 3719
9182 3721
9186 3723
9190 3724
9194 3726
9198 3728
9202 3729
9206 3731
9210 3733
9214 3734
9218 3736
9222 3738
9226 3739
9230 3741
9234 3743
9238 3744
9242 3746
9246 3747
9250 3749
9254 3751
9258 3752
9262 3754
9266 3756
9270 3757
9274 3759
9278 3761
9282 3762
9286 3764
9290 3765
9294 3767
9298 3769
9302 3770
9306 3772
9310 3773
9314 3775
9318 3777
9322 3778
9326 3780
9330 3781
9334 3783
9338 3785
9342 3786
9346 3788
9350 3789
9354 3791
9358 3793
9362 3794
9366 3796
9370 3797
9374 3799
9378 3801
9382 3802
9386 3804
9390 3806
9394 3807
9398 3809
9402 3810
9406 3812
9410 3814
9414 3815
9418 3817
9422 3818
9426 3820
9430 3822
9434 3823
9438 3825
9442 3826
9446 3828
9450 3830
9454 3831
9458 3833
9462 3834
9466 3836
9470 3838
9474 3839
9478 3841
9482 3842
9486 3844
9490 3846
9494 3847
9498 3849
9502 3851
9506 3852
9510 3854
9514 3855
9518 3857
9522 3859
9526 3860
9530 3862
9534 3863
9538 3865
9542 3867
9546 3868
9550 3870
9554 3871
9558 3873
9562 3875
9566 3877
9570 3878
9574 3880
9578 3881
9582 3883
9586 3885
9590 3886
9594 3888
9598 3889
9602 3891
9606 3893
9610 3894
9614 3896
9618 3898
9622 3899
9626 3901
9630 3903
9634 3904
9638 3906
9642 3907
9646 3909
9650 3911
9654 3912
9658 3914
9662 3916
9666 3917
9670 3919
9674 3921
9678 3922
9682 3924
9686 3925
9690 3927
9694 3929
9698 3930
9702 3932
9706 3934
9710 3935
9714 3937
9718 3939
9722 3940
9726 3942
9730 3943
9734 3945
9738 3947
9742 3948
9746 3950
9750 3952
9754 3953
9758 3955
9762 3957
9766 3958
9770 3960
9774 3961
9778 3963
9782 3965
9786 3967
9790 3968
9794 3970
9798 3971
9802 3973
9806 3975
9810 3976
9814 3978
9818 3980
9822 3981
9826 3983
9830 3985
9834 3986
9838 3988
9842 3990
9846 3991
9850 3993
9854 3995
9858 3996
9862 3998
9866 4000
9870 4001
9874 4003
9878 4005
9882 4006
9886 4008
9890 4009
9894 4011
9898 4013
9902 4014
9906 4016
9910 4018
9914 4019
9918 4021
9922 4023
9926 4024
9930 4026
9934 4028
9938 4029
9942 4031
9946 4033
9950 4034
9954 4036
9958 4037
9962 4039
9966 4041
9970 4042
9974 4044
9978 4046
9982 4047
9986 4049
9990 4051
9994 4052
9998 4054
10002 4056
10006 4057
10010 4059
10014 4061
10018 4062
10022 4064
10026 4065
10030 4067
10034 4069
10038 4071
10042 4072
10046 4074
10050 4075
10054 4077
10058 4079
10062 4080
10066 4082
10070 4083
10074 4085
10078 4087
10082 4088
10086 4090
10090 4092
10094 4093
10098 4095
10102 4097
10106 4098
10110 4100
10114 4101
10118 4103
10122 4105
10126 4106
10130 4108
10134 4110
10138 4111
10142 4113
10146 4115
10150 4116
10154 4118
10158 4119
10162 4121
10166 4123
10170 4124
10174 4126
10178 4127
10182 4129
10186 4131
10190 4132
10194 4134
10198 4136
10202 4137
10206 4139
10210 4141
10214 4142
10218 4144
10222 4145
10226 4147
10230 4149
10234 4150
10238 4152
10242 4153
10246 4155
10250 4157
10254 4158
10258 4160
10262 4161
10266 4163
10270 4165
10274 4166
10278 4168
10282 4169
10286 4171
10290 4173
10294 4174
10298 4176
10302 4177
10306 4179
10310 4181
10314 4182
10318 4184
10322 4185
10326 4187
10330 4189
10334 4190
10338 4192
10342 4194
10346 4195
10350 4197
10354 4199
10358 4200
10362 4202
10366 4203
10370 4205
10374 4207
10378 4208
10382 4210
10386 4211
10390 4213
10394 4215
10398 4216
10402 4218
10406 4220
10410 4221
10414 4223
10418 4224
10422 4226
10426 4228
10430 4229
10434 4231
10438 4233
10442 4234
10446 4236
10450 4237
10454 4239
10458 4241
10462 4242
10466 4244
10470 4246
10474 4247
10478 4249
10482 4251
10486 4252
10490 4254
10494 4255
10498 4257
10502 4259
10506 4260
10510 4262
10514 4264
10518 4265
10522 4267
10526 4269
10530 4270
10534 4272
10538 4273
10542 4275
10546 4277
10550 4278
10554 4280
10558 4282
10562 4283
10566 4285
10570 4287
10574 4288
10578 4290
10582 4291
10586 4293
10590 4295
10594 4296
10598 4298
10602 4299
10606 4301
10610 4303
10614 4304
10618 4306
10622 4308
10626 4309
10630 4311
10634 4313
10638 4314
10642 4316
10646 4318
10650 4319
10654 4321
10658 4322
10662 4324
10666 4326
10670 4327
10674 4329
10678 4331
10682 4332
10686 4334
10690 4335
10694 4337
10698 4339
10702 4341
10706 4342
10710 4344
10714 4345
10718 4347
10722 4349
10726 4350
10730 4352
10734 4354
10738 4355
10742 4357
10746 4359
10750 4360
10754 4362
10758 4363
10762 4365
10766 4367
10770 4368
10774 4370
10778 4372
10782 4373
10786 4375
10790 4377
10794 4378
10798 4380
10802 4381
10806 4383
10810 4385
10814 4387
10818 4388
10822 4390
10826 4391
10830 4393
10834 4395
10838 4396
10842 4398
10846 4400
10850 4401
10854 4403
10858 4405
10862 4406
10866 4408
10870 4410
10874 4411
10878 4413
10882 4415
10886 4416
10890 4418
10894 4419
10898 4421
10902 4423
10906 4425
10910 4426
10914 4428
10918 4429
10922 4431
10926 4433
10930 4434
10934 4436
10938 4438
10942 4439
10946 4441
10950 4443
10954 4444
10958 4446
10962 4447
10966 4449
10970 4451
10974 4453
10978 4454
10982 4456
10986 4457
10990 4459
10994 4461
10998 4462
11002 4464
11006 4466
11010 4467
11014 4469
11018 4471
11022 4472
11026 4474
11030 4476
11034 4477
11038 4479
11042 4480
11046 4482
11050 4484
11054 4485
11058 4487
11062 4489
11066 4490
11070 4492
11074 4493
11078 4495
11082 4497
11086 4498
11090 4500
11094 4502
11098 4503
11102 4505
11106 4507
11110 4508
11114 4510
11118 4511
11122 4513
11126 4515
11130 4516
11134 4518
11138 4519
11142 4521
11146 4523
11150 4524
11154 4526
11158 4527
11162 4529
11166 4531
11170 4532
11174 4534
11178 4535
11182 4537
11186 4539
11190 4540
11194 4542
11198 4543
11202 4545
11206 4547
11210 4548
11214 4550
11218 4551
11222 4553
11226 4555
11230 4556
11234 4558
11238 4559
11242 4561
11246 4563
11250 4564
11254 4566
11258 4567
11262 4569
11266 4571
11270 4573
11274 4574
11278 4576
11282 4577
11286 4579
11290 4581
11294 4582
11298 4584
11302 4585
11306 4587
11310 4589
11314 4590
11318 4592
11322 4593
11326 4595
11330 4597
11334 4598
11338 4600
11342 4602
11346 4603
11350 4605
11354 4606
11358 4608
11362 4610
11366 4611
11370 4613
11374 4615
11378 4616
11382 4618
11386 4619
11390 4621
11394 4623
11398 4624
11402 4626
11406 4628
11410 4629
11414 4631
11418 4633
11422 4634
11426 4636
11430 4637
11434 4639
11438 4641
11442 4642
11446 4644
11450 4645
11454 4647
11458 4649
11462 4650
11466 4652
11470 4654
11474 4655
11478 4657
11482 4659
11486 4660
11490 4662
11494 4663
11498 4665
11502 4667
11506 4668
11510 4670
11514 4672
11518 4673
11522 4675
11526 4677
11530 4678
11534 4680
11538 4681
11542 4683
11546 4685
11550 4686
11554 4688
11558 4690
11562 4691
11566 4693
11570 4695
11574 4696
11578 4698
11582 4700
11586 4701
11590 4703
11594 4705
11598 4706
11602 4708
11606 4709
11610 4711
11614 4713
11618 4715
11622 4716
11626 4718
11630 4719
11634 4721
11638 4723
11642 4724
11646 4726
11650 4728
11654 4729
11658 4731
11662 4733
11666 4734
11670 4736
11674 4738
11678 4739
11682 4741
11686 4743
11690 4744
11694 4746
11698 4748
11702 4749
11706 4751
11710 4753
11714 4754
11718 4756
11722 4757
11726 4759
11730 4761
11734 4763
11738 4764
11742 4766
11746 4767
11750 4769
11754 4771
11758 4772
11762 4774
11766 4776
11770 4777
11774 4779
11778 4781
11782 4782
11786 4784
11790 4786
11794 4787
11798 4789
11802 4791
11806 4792
11810 4794
11814 4795
11818 4797
11822 4799
11826 4801
11830 4802
11834 4804
11838 4805
11842 4807
11846 4809
11850 4810
11854 4812
11858 4814
11862 4815
11866 4817
11870 4819
11874 4820
11878 4822
11882 4823
11886 4825
11890 4827
11894 4828
11898 4830
11902 4832
11906 4833
11910 4835
11914 4837
11918 4838
11922 4840
11926 4841
11930 4843
11934 4845
11938 4846
11942 4848
11946 4850
11950 4851
11954 4853
11958 4854
11962 4856
11966 4858
11970 4859
11974 4861
11978 4862
11982 4864
11986 4866
11990 4867
11994 4869
11998 4870
12002 4872
12006 4874
12010 4875
12014 4877
12018 4878
12022 4880
12026 4882
12030 4883
12034 4885
12038 4886
12042 4888
12046 4890
12050 4891
12054 4893
12058 4895
12062 4896
12066 4898
12070 4899
12074 4901
12078 4902
12082 4904
12086 4906
12090 4907
12094 4909
12098 4911
12102 4912
12106 4914
12110 4915
12114 4917
12118 4919
12122 4920
12126 4922
12130 4923
12134 4925
12138 4927
12142 4928
12146 4930
12150 4931
12154 4933
12158 4935
12162 4936
12166 4938
12170 4940
12174 4941
12178 4943
12182 4944
12186 4946
12190 4948
12194 4949
12198 4951
12202 4953
12206 4954
12210 4956
12214 4957
12218 4959
12222 4961
12226 4963
12230 4964
12234 4966
12238 4967
12242 4969
12246 4971
12250 4972
12254 4974
12258 4975
12262 4977
12266 4979
12270 4981
12274 4982
12278 4984
12282 4985
12286 4987
12290 4989
12294 4990
12298 4992
12302 4994
12306 4995
12310 4997
12314 4998
12318 5000
12322 5002
12326 5003
12330 5005
12334 5007
12338 5008
12342 5010
12346 5011
12350 5013
12354 5015
12358 5017
12362 5018
12366 5020
12370 5021
12374 5023
12378 5025
12382 5026
12386 5028
12390 5030
12394 5031
12398 5033
12402 5035
12406 5036
12410 5038
12414 5039
12418 5041
12422 5043
12426 5044
12430 5046
12434 5048
12438 5049
12442 5051
12446 5053
12450 5054
12454 5056
12458 5058
12462 5059
12466 5061
12470 5063
12474 5064
12478 5066
12482 5067
12486 5069
12490 5071
12494 5072
12498 5074
12502 5076
12506 5077
12510 5079
12514 5081
12518 5082
12522 5084
12526 5086
12530 5087
12534 5089
12538 5091
12542 5092
12546 5094
12550 5095
12554 5097
12558 5099
12562 5100
12566 5102
12570 5104
12574 5105
12578 5107
12582 5109
12586 5110
12590 5112
12594 5114
12598 5115
12602 5117
12606 5119
12610 5120
12614 5122
12618 5123
12622 5125
12626 5127
12630 5129
12634 5130
12638 5132
12642 5133
12646 5135
12650 5137
12654 5138
12658 5140
12662 5141
12666 5143
12670 5145
12674 5146
12678 5148
12682 5150
12686 5151
12690 5153
12694 5155
12698 5156
12702 5158
12706 5160
12710 5161
12714 5163
12718 5165
12722 5166
12726 5168
12730 5169
12734 5171
12738 5173
12742 5174
12746 5176
12750 5178
12754 5179
12758 5181
12762 5183
12766 5184
12770 5186
12774 5187
12778 5189
12782 5191
12786 5192
12790 5194
12794 5196
12798 5197
12802 5199
12806 5201
12810 5202
12814 5204
12818 5205
12822 5207
12826 5209
12830 5210
12834 5212
12838 5214
12842 5215
12846 5217
12850 5219
12854 5220
12858 5222
12862 5223
12866 5225
12870 5227
12874 5228
12878 5230
12882 5231
12886 5233
12890 5235
12894 5236
12898 5238
12902 5239
12906 5241
12910 5243
12914 5244
12918 5246
12922 5248
12926 5249
12930 5251
12934 5252
12938 5254
12942 5256
12946 5257
12950 5259
12954 5261
12958 5262
12962 5264
12966 5265
12970 5267
12974 5269
12978 5270
12982 5272
12986 5273
12990 5275
12994 5277
12998 5278
13002 5280
13006 5281
13010 5283
13014 5285
13018 5286
13022 5288
13026 5290
13030 5291
13034 5293
13038 5295
13042 5296
13046 5298
13050 5299
13054 5301
13058 5303
13062 5304
13066 5306
13070 5307
13074 5309
13078 5311
13082 5312
13086 5314
13090 5316
13094 5317
13098 5319
13102 5321
13106 5322
13110 5324
13114 5325
13118 5327
13122 5329
13126 5330
13130 5332
13134 5334
13138 5335
13142 5337
13146 5339
13150 5340
13154 5342
13158 5343
13162 5345
13166 5347
13170 5348
13174 5350
13178 5351
13182 5353
13186 5355
13190 5356
13194 5358
13198 5360
13202 5361
13206 5363
13210 5365
13214 5366
13218 5368
13222 5369
13226 5371
13230 5373
13234 5374
13238 5376
13242 5378
13246 5379
13250 5381
13254 5383
13258 5384
13262 5386
13266 5387
13270 5389
13274 5391
13278 5392
13282 5394
13286 5396
13290 5397
13294 5399
13298 5400
13302 5402
13306 5404
13310 5405
13314 5407
13318 5409
13322 5410
13326 5412
13330 5414
13334 5415
13338 5417
13342 5419
13346 5420
13350 5422
13354 5423
13358 5425
13362 5427
13366 5428
13370 5430
13374 5432
13378 5433
13382 5435
13386 5437
13390 5438
13394 5440
13398 5442
13402 5443
13406 5445
13410 5447
13414 5448
13418 5450
13422 5451
13426 5453
13430 5455
13434 5456
13438 5458
13442 5460
13446 5461
13450 5463
13454 5465
13458 5466
13462 5468
13466 5470
13470 5471
13474 5473
13478 5475
13482 5476
13486 5478
13490 5480
13494 5481
13498 5483
13502 5485
13506 5486
13510 5488
13514 5490
13518 5491
13522 5493
13526 5495
13530 5496
13534 5498
13538 5499
13542 5501
13546 5503
13550 5504
13554 5506
13558 5508
13562 5509
13566 5511
13570 5513
13574 5514
13578 5516
13582 5518
13586 5519
13590 5521
13594 5523
13598 5524
13602 5526
13606 5527
13610 5529
13614 5531
13618 5533
13622 5534
13626 5536
13630 5537
13634 5539
13638 5541
13642 5542
13646 5544
13650 5546
13654 5547
13658 5549
13662 5551
13666 5552
13670 5554
13674 5556
13678 5557
13682 5559
13686 5561
13690 5562
13694 5564
13698 5565
13702 5567
13706 5569
13710 5570
13714 5572
13718 5573
13722 5575
13726 5577
13730 5578
13734 5580
13738 5581
13742 5583
13746 5585
13750 5586
13754 5588
13758 5589
13762 5591
13766 5593
13770 5594
13774 5596
13778 5597
13782 5599
13786 5601
13790 5602
13794 5604
13798 5606
13802 5607
13806 5609
13810 5610
13814 5612
13818 5614
13822 5615
13826 5617
13830 5618
13834 5620
13838 5621
13842 5623
13846 5625
13850 5626
13854 5628
13858 5630
13862 5631
13866 5633
13870 5634
13874 5636
13878 5638
13882 5639
13886 5641
13890 5642
13894 5644
13898 5646
13902 5647
13906 5649
13910 5651
13914 5652
13918 5654
13922 5655
13926 5657
13930 5659
13934 5660
13938 5662
13942 5663
13946 5665
13950 5667
13954 5668
13958 5670
13962 5671
13966 5673
13970 5675
13974 5677
13978 5678
13982 5680
13986 5681
13990 5683
13994 5685
13998 5686
14002 5688
14006 5689
14010 5691
14014 5693
14018 5694
14022 5696
14026 5698
14030 5699
14034 5701
14038 5703
14042 5704
14046 5706
14050 5707
14054 5709
14058 5711
14062 5712
14066 5714
14070 5715
14074 5717
14078 5719
14082 5720
14086 5722
14090 5724
14094 5725
14098 5727
14102 5729
14106 5730
14110 5732
14114 5733
14118 5735
14122 5737
14126 5738
14130 5740
14134 5742
14138 5743
14142 5745
14146 5747
14150 5748
14154 5750
14158 5751
14162 5753
14166 5755
14170 5757
14174 5758
14178 5760
14182 5761
14186 5763
14190 5765
14194 5766
14198 5768
14202 5770
14206 5771
14210 5773
14214 5775
14218 5776
14222 5778
14226 5780
14230 5781
14234 5783
14238 5785
14242 5786
14246 5788
14250 5789
14254 5791
14258 5793
14262 5794
14266 5796
14270 5798
14274 5799
14278 5801
14282 5803
14286 5804
14290 5806
14294 5808
14298 5809
14302 5811
14306 5813
14310 5814
14314 5816
14318 5818
14322 5819
14326 5821
14330 5823
14334 5824
14338 5826
14342 5827
14346 5829
14350 5831
14354 5833
14358 5834
14362 5836
14366 5837
14370 5839
14374 5841
14378 5842
14382 5844
14386 5846
14390 5847
14394 5849
14398 5851
14402 5852
14406 5854
14410 5856
14414 5857
14418 5859
14422 5861
14426 5862
14430 5864
14434 5865
14438 5867
14442 5869
14446 5871
14450 5872
14454 5874
14458 5875
14462 5877
14466 5879
14470 5880
14474 5882
14478 5883
14482 5885
14486 5887
14490 5888
14494 5890
14498 5892
14502 5893
14506 5895
14510 5897
14514 5898
14518 5900
14522 5901
14526 5903
14530 5905
14534 5906
14538 5908
14542 5910
14546 5911
14550 5913
14554 5915
14558 5916
14562 5918
14566 5919
14570 5921
14574 5923
14578 5924
14582 5926
14586 5927
14590 5929
14594 5931
14598 5932
14602 5934
14606 5935
14610 5937
14614 5939
14618 5940
14622 5942
14626 5944
14630 5945
14634 5947
14638 5949
14642 5950
14646 5952
14650 5953
14654 5955
14658 5957
14662 5958
14666 5960
14670 5961
14674 5963
14678 5965
14682 5966
14686 5968
14690 5969
14694 5971
14698 5973
14702 5974
14706 5976
14710 5977
14714 5979
14718 5981
14722 5982
14726 5984
14730 5985
14734 5987
14738 5989
14742 5990
14746 5992
14750 5993
14754 5995
14758 5997
14762 5998
14766 6000
14770 6001
14774 6003
14778 6005
14782 6006
14786 6008
14790 6010
14794 6011
14798 6013
14802 6015
14806 6016
14810 6018
14814 6019
14818 6021
14822 6023
14826 6024
14830 6026
14834 6027
14838 6029
14842 6031
14846 6032
14850 6034
14854 6036
14858 6037
14862 6039
14866 6041
14870 6042
14874 6044
14878 6045
14882 6047
14886 6049
14890 6050
14894 6052
14898 6054
14902 6055
14906 6057
14910 6059
14914 6060
14918 6062
14922 6064
14926 6065
14930 6067
14934 6068
14938 6070
14942 6072
14946 6073
14950 6075
14954 6077
14958 6078
14962 6080
14966 6081
14970 6083
14974 6085
14978 6087
14982 6088
14986 6090
14990 6091
14994 6093
14998 6095
15002 6096
15006 6098
15010 6099
15014 6101
15018 6103
15022 6104
15026 6106
15030 6108
15034 6109
15038 6111
15042 6113
15046 6114
15050 6116
15054 6117
15058 6119
15062 6121
15066 6122
15070 6124
15074 6126
15078 6127
15082 6129
15086 6131
15090 6132
15094 6134
15098 6136
15102 6137
15106 6139
15110 6141
15114 6142
15118 6144
15122 6145
15126 6147
15130 6149
15134 6150
15138 6152
15142 6154
15146 6155
15150 6157
15154 6159
15158 6160
15162 6162
15166 6164
15170 6165
15174 6167
15178 6168
15182 6170
15186 6172
15190 6173
15194 6175
15198 6177
15202 6178
15206 6180
15210 6182
15214 6183
15218 6185
15222 6187
15226 6188
15230 6190
15234 6191
15238 6193
15242 6195
15246 6196
15250 6198
15254 6200
15258 6201
15262 6203
15266 6205
15270 6206
15274 6208
15278 6210
15282 6211
15286 6213
15290 6215
15294 6216
15298 6218
15302 6219
15306 6221
15310 6223
15314 6224
15318 6226
15322 6228
15326 6229
15330 6231
15334 6233
15338 6234
15342 6236
15346 6238
15350 6239
15354 6241
15358 6243
15362 6244
15366 6246
15370 6247
15374 6249
15378 6251
15382 6252
15386 6254
15390 6256
15394 6257
15398 6259
15402 6261
15406 6262
15410 6264
15414 6265
15418 6267
15422 6269
15426 6271
15430 6272
15434 6274
15438 6275
15442 6277
15446 6279
15450 6280
15454 6282
15458 6284
15462 6285
15466 6287
15470 6288
15474 6290
15478 6292
15482 6293
15486 6295
15490 6297
15494 6298
15498 6300
15502 6301
15506 6303
15510 6305
15514 6306
15518 6308
15522 6309
15526 6311
15530 6313
15534 6314
15538 6316
15542 6317
15546 6319
15550 6321
15554 6322
15558 6324
15562 6326
15566 6327
15570 6329
15574 6330
15578 6332
15582 6334
15586 6335
15590 6337
15594 6338
15598 6340
15602 6342
15606 6343
15610 6345
15614 6347
15618 6348
15622 6350
15626 6351
15630 6353
15634 6355
15638 6356
15642 6358
15646 6359
15650 6361
15654 6363
15658 6364
15662 6366
15666 6367
15670 6369
15674 6371
15678 6372
15682 6374
15686 6376
15690 6377
15694 6379
15698 6381
15702 6382
15706 6384
15710 6385
15714 6387
15718 6389
15722 6390
15726 6392
15730 6393
15734 6395
15738 6397
15742 6398
15746 6400
15750 6402
15754 6403
15758 6405
15762 6406
15766 6408
15770 6410
15774 6411
15778 6413
15782 6415
15786 6416
15790 6418
15794 6419
15798 6421
15802 6423
15806 6424
15810 6426
15814 6427
15818 6429
15822 6431
15826 6433
15830 6434
15834 6436
15838 6437
15842 6439
15846 6441
15850 6442
15854 6444
15858 6445
15862 6447
15866 6449
15870 6450
15874 6452
15878 6454
15882 6455
15886 6457
15890 6458
15894 6460
15898 6462
15902 6463
15906 6465
15910 6467
15914 6468
15918 6470
15922 6471
15926 6473
15930 6475
15934 6476
15938 6478
15942 6480
15946 6481
15950 6483
15954 6485
15958 6486
15962 6488
15966 6489
15970 6491
15974 6493
15978 6495
15982 6496
15986 6498
15990 6499
15994 6501
15998 6503
16002 6504
16006 6506
16010 6508
16014 6509
16018 6511
16022 6513
16026 6514
16030 6516
16034 6518
16038 6519
16042 6521
16046 6523
16050 6524
16054 6526
16058 6527
16062 6529
16066 6531
16070 6532
16074 6534
16078 6536
16082 6537
16086 6539
16090 6541
16094 6542
16098 6544
16102 6546
16106 6547
16110 6549
16114 6551
16118 6552
16122 6554
16126 6556
16130 6557
16134 6559
16138 6561
16142 6562
16146 6564
16150 6566
16154 6567
16158 6569
16162 6571
16166 6572
16170 6574
16174 6576
16178 6577
16182 6579
16186 6581
16190 6582
16194 6584
16198 6585
16202 6587
16206 6589
16210 6591
16214 6592
16218 6594
16222 6595
16226 6597
16230 6599
16234 6600
16238 6602
16242 6604
16246 6605
16250 6607
16254 6609
16258 6610
16262 6612
16266 6613
16270 6615
16274 6617
16278 6619
16282 6620
16286 6622
16290 6623
16294 6625
16298 6627
16302 6628
16306 6630
16310 6631
16314 6633
16318 6635
16322 6637
16326 6638
16330 6640
16334 6641
16338 6643
16342 6645
16346 6646
16350 6648
16354 6649
16358 6651
16362 6653
16366 6654
16370 6656
16374 6657
16378 6659
16382 6661
16386 6662
16390 6664
16394 6666
16398 6667
16402 6669
16406 6670
16410 6672
16414 6674
16418 6675
16422 6677
16426 6678
16430 6680
16434 6682
16438 6683
16442 6685
16446 6687
16450 6688
16454 6690
16458 6691
16462 6693
16466 6694
16470 6696
16474 6698
16478 6699
16482 6701
16486 6702
16490 6704
16494 6706
16498 6707
16502 6709
16506 6711
16510 6712
16514 6714
16518 6715
16522 6717
16526 6719
16530 6720
16534 6722
16538 6723
16542 6725
16546 6727
16550 6728
16554 6730
16558 6731
16562 6733
16566 6735
16570 6736
16574 6738
16578 6740
16582 6741
16586 6743
16590 6744
16594 6746
16598 6748
16602 6749
16606 6751
16610 6753
16614 6754
16618 6756
16622 6757
16626 6759
16630 6761
16634 6762
16638 6764
16642 6766
16646 6767
16650 6769
16654 6771
16658 6772
16662 6774
16666 6775
16670 6777
16674 6779
16678 6780
16682 6782
16686 6784
16690 6785
16694 6787
16698 6789
16702 6790
16706 6792
16710 6793
16714 6795
16718 6797
16722 6798
16726 6800
16730 6802
16734 6803
16738 6805
16742 6807
16746 6808
16750 6810
16754 6811
16758 6813
16762 6815
16766 6816
16770 6818
16774 6820
16778 6821
16782 6823
16786 6825
16790 6826
16794 6828
16798 6830
16802 6831
16806 6833
16810 6834
16814 6836
16818 6838
16822 6839
16826 6841
16830 6843
16834 6844
16838 6846
16842 6848
16846 6849
16850 6851
16854 6853
16858 6854
16862 6856
16866 6858
16870 6859
16874 6861
16878 6863
16882 6864
16886 6866
16890 6867
16894 6869
16898 6871
16902 6872
16906 6874
16910 6876
16914 6877
16918 6879
16922 6881
16926 6882
16930 6884
16934 6886
16938 6887
16942 6889
16946 6891
16950 6892
16954 6894
16958 6895
16962 6897
16966 6899
16970 6901
16974 6902
16978 6904
16982 6905
16986 6907
16990 6909
16994 6910
16998 6912
17002 6914
17006 6915
17010 6917
17014 6919
17018 6920
17022 6922
17026 6923
17030 6925
17034 6927
17038 6929
17042 6930
17046 6932
17050 6933
17054 6935
17058 6937
17062 6938
17066 6940
17070 6942
17074 6943
17078 6945
17082 6947
17086 6948
17090 6950
17094 6951
17098 6953
17102 6955
17106 6956
17110 6958
17114 6960
17118 6961
17122 6963
17126 6965
17130 6966
17134 6968
17138 6969
17142 6971
17146 6973
17150 6975
17154 6976
17158 6978
17162 6979
17166 6981
17170 6983
17174 6984
17178 6986
17182 6988
17186 6989
17190 6991
17194 6992
17198 6994
17202 6996
17206 6997
17210 6999
17214 7001
17218 7002
17222 7004
17226 7005
17230 7007
17234 7009
17238 7010
17242 7012
17246 7013
17250 7015
17254 7017
17258 7018
17262 7020
17266 7022
17270 7023
17274 7025
17278 7027
17282 7028
17286 7030
17290 7031
17294 7033
17298 7035
17302 7036
17306 7038
17310 7039
17314 7041
17318 7043
17322 7044
17326 7046
17330 7047
17334 7049
17338 7051
17342 7052
17346 7054
17350 7055
17354 7057
17358 7059
17362 7060
17366 7062
17370 7063
17374 7065
17378 7067
17382 7068
17386 7070
17390 7072
17394 7073
17398 7075
17402 7077
17406 7078
17410 7080
17414 7081
17418 7083
17422 7085
17426 7086
17430 7088
17434 7089
17438 7091
17442 7093
17446 7094
17450 7096
17454 7097
17458 7099
17462 7101
17466 7102
17470 7104
17474 7106
17478 7107
17482 7109
17486 7111
17490 7112
17494 7114
17498 7115
17502 7117
17506 7119
17510 7120
17514 7122
17518 7124
17522 7125
17526 7127
17530 7129
17534 7130
17538 7132
17542 7133
17546 7135
17550 7137
17554 7138
17558 7140
17562 7142
17566 7143
17570 7145
17574 7147
17578 7148
17582 7150
17586 7151
17590 7153
17594 7155
17598 7156
17602 7158
17606 7160
17610 7161
17614 7163
17618 7164
17622 7166
17626 7168
17630 7169
17634 7171
17638 7173
17642 7174
17646 7176
17650 7177
17654 7179
17658 7181
17662 7182
17666 7184
17670 7185
17674 7187
17678 7189
17682 7191
17686 7192
17690 7194
17694 7195
17698 7197
17702 7199
17706 7200
17710 7202
17714 7203
17718 7205
17722 7207
17726 7208
17730 7210
17734 7212
17738 7213
17742 7215
17746 7217
17750 7218
17754 7220
17758 7222
17762 7223
17766 7225
17770 7227
17774 7228
17778 7230
17782 7231
17786 7233
17790 7235
17794 7236
17798 7238
17802 7240
17806 7241
17810 7243
17814 7245
17818 7246
17822 7248
17826 7250
17830 7251
17834 7253
17838 7255
17842 7256
17846 7258
17850 7259
17854 7261
17858 7263
17862 7265
17866 7266
17870 7268
17874 7269
17878 7271
17882 7273
17886 7274
17890 7276
17894 7278
17898 7279
17902 7281
17906 7283
17910 7284
17914 7286
17918 7288
17922 7289
17926 7291
17930 7293
17934 7294
17938 7296
17942 7298
17946 7299
17950 7301
17954 7303
17958 7304
17962 7306
17966 7307
17970 7309
17974 7311
17978 7313
17982 7314
17986 7316
17990 7317
17994 7319
17998 7321
18002 7322
18006 7324
18010 7326
18014 7327
18018 7329
18022 7331
18026 7332
18030 7334
18034 7336
18038 7337
18042 7339
18046 7341
18050 7342
18054 7344
18058 7345
18062 7347
18066 7349
18070 7350
18074 7352
18078 7354
18082 7355
18086 7357
18090 7359
18094 7360
18098 7362
18102 7363
18106 7365
18110 7367
18114 7368
18118 7370
18122 7372
18126 7373
18130 7375
18134 7377
18138 7378
18142 7380
18146 7381
18150 7383
18154 7385
18158 7386
18162 7388
18166 7389
18170 7391
18174 7393
18178 7394
18182 7396
18186 7397
18190 7399
18194 7401
18198 7402
18202 7404
18206 7406
18210 7407
18214 7409
18218 7410
18222 7412
18226 7414
18230 7415
18234 7417
18238 7418
18242 7420
18246 7422
18250 7423
18254 7425
18258 7427
18262 7428
18266 7430
18270 7431
18274 7433
18278 7435
18282 7436
18286 7438
18290 7439
18294 7441
18298 7443
18302 7444
18306 7446
18310 7447
18314 7449
18318 7451
18322 7452
18326 7454
18330 7455
18334 7457
18338 7459
18342 7460
18346 7462
18350 7463
18354 7465
18358 7467
18362 7468
18366 7470
18370 7472
18374 7473
18378 7475
18382 7477
18386 7478
18390 7480
18394 7481
18398 7483
18402 7485
18406 7486
18410 7488
18414 7489
18418 7491
18422 7493
18426 7494
18430 7496
18434 7498
18438 7499
18442 7501
18446 7503
18450 7504
18454 7506
18458 7507
18462 7509
18466 7511
18470 7512
18474 7514
18478 7516
18482 7517
18486 7519
18490 7521
18494 7522
18498 7524
18502 7525
18506 7527
18510 7529
18514 7530
18518 7532
18522 7533
18526 7535
18530 7537
18534 7538
18538 7540
18542 7542
18546 7543
18550 7545
18554 7547
18558 7548
18562 7550
18566 7552
18570 7553
18574 7555
18578 7557
18582 7558
18586 7560
18590 7561
18594 7563
18598 7565
18602 7566
18606 7568
18610 7570
18614 7571
18618 7573
18622 7575
18626 7576
18630 7578
18634 7580
18638 7581
18642 7583
18646 7584
18650 7586
18654 7588
18658 7589
18662 7591
18666 7593
18670 7594
18674 7596
18678 7598
18682 7599
18686 7601
18690 7603
18694 7604
18698 7606
18702 7608
18706 7609
18710 7611
18714 7613
18718 7614
18722 7616
18726 7618
18730 7619
18734 7621
18738 7623
18742 7624
18746 7626
18750 7628
18754 7629
18758 7631
18762 7633
18766 7634
18770 7636
18774 7637
18778 7639
18782 7641
18786 7643
18790 7644
18794 7646
18798 7648
18802 7649
18806 7651
18810 7653
18814 7654
18818 7656
18822 7657
18826 7659
18830 7661
18834 7662
18838 7664
18842 7666
18846 7667
18850 7669
18854 7671
18858 7672
18862 7674
18866 7676
18870 7677
18874 7679
18878 7681
18882 7682
18886 7684
18890 7685
18894 7687
18898 7689
18902 7690
18906 7692
18910 7694
18914 7695
18918 7697
18922 7699
18926 7700
18930 7702
18934 7703
18938 7705
18942 7707
18946 7708
18950 7710
18954 7712
18958 7713
18962 7715
18966 7717
18970 7718
18974 7720
18978 7721
18982 7723
18986 7725
18990 7726
18994 7728
18998 7730
19002 7731
19006 7733
19010 7734
19014 7736
19018 7738
19022 7739
19026 7741
19030 7743
19034 7744
19038 7746
19042 7747
19046 7749
19050 7751
19054 7752
19058 7754
19062 7755
19066 7757
19070 7759
19074 7760
19078 7762
19082 7763
19086 7765
19090 7767
19094 7768
19098 7770
19102 7771
19106 7773
19110 7775
19114 7776
19118 7778
19122 7779
19126 7781
19130 7783
19134 7784
19138 7786
19142 7787
19146 7789
19150 7791
19154 7792
19158 7794
19162 7795
19166 7797
19170 7799
19174 7800
19178 7802
19182 7804
19186 7805
19190 7807
19194 7808
19198 7810
19202 7812
19206 7813
19210 7815
19214 7817
19218 7818
19222 7820
19226 7822
19230 7823
19234 7825
19238 7826
19242 7828
19246 7830
19250 7831
19254 7833
19258 7835
19262 7836
19266 7838
19270 7839
19274 7841
19278 7843
19282 7844
19286 7846
19290 7848
19294 7849
19298 7851
19302 7853
19306 7854
19310 7856
19314 7857
19318 7859
19322 7861
19326 7862
19330 7864
19334 7866
19338 7867
19342 7869
19346 7871
19350 7872
19354 7874
19358 7875
19362 7877
19366 7879
19370 7880
19374 7882
19378 7884
19382 7885
19386 7887
19390 7889
19394 7890
19398 7892
19402 7893
19406 7895
19410 7897
19414 7898
19418 7900
19422 7902
19426 7903
19430 7905
19434 7907
19438 7908
19442 7910
19446 7912
19450 7913
19454 7915
19458 7917
19462 7918
19466 7920
19470 7921
19474 7923
19478 7925
19482 7926
19486 7928
19490 7930
19494 7931
19498 7933
19502 7935
19506 7936
19510 7938
19514 7940
19518 7941
19522 7943
19526 7944
19530 7946
19534 7948
19538 7949
19542 7951
19546 7953
19550 7954
19554 7956
19558 7958
19562 7959
19566 7961
19570 7963
19574 7964
19578 7966
19582 7967
19586 7969
19590 7971
19594 7973
19598 7974
19602 7976
19606 7977
19610 7979
19614 7981
19618 7982
19622 7984
19626 7986
19630 7987
19634 7989
19638 7991
19642 7992
19646 7994
19650 7996
19654 7997
19658 7999
19662 8001
19666 8002
19670 8004
19674 8006
19678 8007
19682 8009
19686 8011
19690 8012
19694 8014
19698 8015
19702 8017
19706 8019
19710 8020
19714 8022
19718 8024
19722 8025
19726 8027
19730 8029
19734 8030
19738 8032
19742 8033
19746 8035
19750 8037
19754 8039
19758 8040
19762 8042
19766 8043
19770 8045
19774 8047
19778 8048
19782 8050
19786 8052
19790 8053
19794 8055
19798 8057
19802 8058
19806 8060
19810 8061
19814 8063
19818 8065
19822 8066
19826 8068
19830 8070
19834 8071
19838 8073
19842 8075
19846 8076
19850 8078
19854 8079
19858 8081
19862 8083
19866 8084
19870 8086
19874 8087
19878 8089
19882 8091
19886 8093
19890 8094
19894 8096
19898 8097
19902 8099
19906 8101
19910 8102
19914 8104
19918 8105
19922 8107
19926 8109
19930 8110
19934 8112
19938 8113
19942 8115
19946 8117
19950 8118
19954 8120
19958 8121
19962 8123
19966 8125
19970 8126
19974 8128
19978 8130
19982 8131
19986 8133
19990 8134
19994 8136
19998 8138
20002 8139
20006 8141
20010 8143
20014 8144
20018 8146
20022 8147
20026 8149
20030 8151
20034 8152
20038 8154
20042 8155
20046 8157
20050 8159
20054 8160
20058 8162
20062 8163
20066 8165
20070 8167
20074 8168
20078 8170
20082 8172
20086 8173
20090 8175
20094 8177
20098 8178
20102 8180
20106 8181
20110 8183
20114 8185
20118 8186
20122 8188
20126 8189
20130 8191
20134 8193
20138 8194
20142 8196
20146 8198
20150 8199
20154 8201
20158 8203
20162 8204
20166 8206
20170 8207
20174 8209
20178 8211
20182 8212
20186 8214
20190 8215
20194 8217
20198 8219
20202 8221
20206 8222
20210 8224
20214 8225
20218 8227
20222 8229
20226 8230
20230 8232
20234 8233
20238 8235
20242 8237
20246 8238
20250 8240
20254 8242
20258 8243
20262 8245
20266 8247
20270 8248
20274 8250
20278 8251
20282 8253
20286 8255
20290 8256
20294 8258
20298 8259
20302 8261
20306 8263
20310 8265
20314 8266
20318 8268
20322 8269
20326 8271
20330 8273
20334 8274
20338 8276
20342 8278
20346 8279
20350 8281
20354 8282
20358 8284
20362 8286
20366 8287
20370 8289
20374 8291
20378 8292
20382 8294
20386 8296
20390 8297
20394 8299
20398 8301
20402 8302
20406 8304
20410 8305
20414 8307
20418 8309
20422 8310
20426 8312
20430 8314
20434 8315
20438 8317
20442 8319
20446 8320
20450 8322
20454 8324
20458 8325
20462 8327
20466 8329
20470 8330
20474 8332
20478 8333
20482 8335
20486 8337
20490 8339
20494 8340
20498 8342
20502 8343
20506 8345
20510 8347
20514 8348
20518 8350
20522 8352
20526 8353
20530 8355
20534 8357
20538 8358
20542 8360
20546 8362
20550 8363
20554 8365
20558 8367
20562 8368
20566 8370
20570 8372
20574 8373
20578 8375
20582 8377
20586 8378
20590 8380
20594 8381
20598 8383
20602 8385
20606 8387
20610 8388
20614 8390
20618 8391
20622 8393
20626 8395
20630 8397
20634 8398
20638 8400
20642 8401
20646 8403
20650 8405
20654 8406
20658 8408
20662 8410
20666 8411
20670 8413
20674 8415
20678 8416
20682 8418
20686 8420
20690 8421
20694 8423
20698 8424
20702 8426
20706 8428
20710 8429
20714 8431
20718 8433
20722 8434
20726 8436
20730 8438
20734 8439
20738 8441
20742 8443
20746 8444
20750 8446
20754 8447
20758 8449
20762 8451
20766 8452
20770 8454
20774 8455
20778 8457
20782 8459
20786 8460
20790 8462
20794 8464
20798 8465
20802 8467
20806 8469
20810 8470
20814 8472
20818 8473
20822 8475
20826 8477
20830 8478
20834 8480
20838 8481
20842 8483
20846 8485
20850 8486
20854 8488
20858 8489
20862 8491
20866 8493
20870 8494
20874 8496
20878 8497
20882 8499
20886 8501
20890 8502
20894 8504
20898 8505
20902 8507
20906 8509
20910 8510
20914 8512
20918 8513
20922 8515
20926 8517
20930 8518
20934 8520
20938 8521
20942 8523
20946 8525
20950 8526
20954 8528
20958 8529
20962 8531
20966 8533
20970 8534
20974 8536
20978 8538
20982 8539
20986 8541
20990 8543
20994 8544
20998 8546
21002 8547
21006 8549
21010 8551
21014 8552
21018 8554
21022 8555
21026 8557
21030 8559
21034 8560
21038 8562
21042 8564
21046 8565
21050 8567
21054 8568
21058 8570
21062 8572
21066 8573
21070 8575
21074 8577
21078 8578
21082 8580
21086 8581
21090 8583
21094 8585
21098 8586
21102 8588
21106 8590
21110 8591
21114 8593
21118 8595
21122 8596
21126 8598
21130 8599
21134 8601
21138 8603
21142 8604
21146 8606
21150 8608
21154 8609
21158 8611
21162 8613
21166 8614
21170 8616
21174 8617
21178 8619
21182 8621
21186 8622
21190 8624
21194 8626
21198 8627
21202 8629
21206 8631
21210 8632
21214 8634
21218 8636
21222 8637
21226 8639
21230 8641
21234 8642
21238 8644
21242 8645
21246 8647
21250 8649
21254 8650
21258 8652
21262 8654
21266 8655
21270 8657
21274 8659
21278 8660
21282 8662
21286 8664
21290 8665
21294 8667
21298 8669
21302 8670
21306 8672
21310 8673
21314 8675
21318 8677
21322 8679
21326 8680
21330 8682
21334 8683
21338 8685
21342 8687
21346 8688
21350 8690
21354 8692
21358 8693
21362 8695
21366 8697
21370 8698
21374 8700
21378 8702
21382 8703
21386 8705
21390 8707
21394 8708
21398 8710
21402 8712
21406 8713
21410 8715
21414 8717
21418 8718
21422 8720
21426 8722
21430 8723
21434 8725
21438 8727
21442 8728
21446 8730
21450 8731
21454 8733
21458 8735
21462 8737
21466 8738
21470 8740
21474 8741
21478 8743
21482 8745
21486 8746
21490 8748
21494 8750
21498 8751
21502 8753
21506 8755
21510 8756
21514 8758
21518 8759
21522 8761
21526 8763
21530 8765
21534 8766
21538 8768
21542 8769
21546 8771
21550 8773
21554 8774
21558 8776
21562 8777
21566 8779
21570 8781
21574 8782
21578 8784
21582 8786
21586 8787
21590 8789
21594 8791
21598 8792
21602 8794
21606 8796
21610 8797
21614 8799
21618 8800
21622 8802
21626 8804
21630 8805
21634 8807
21638 8809
21642 8810
21646 8812
21650 8813
21654 8815
21658 8817
21662 8818
21666 8820
21670 8821
21674 8823
21678 8825
21682 8826
21686 8828
21690 8829
21694 8831
21698 8833
21702 8834
21706 8836
21710 8837
21714 8839
21718 8841
21722 8842
21726 8844
21730 8845
21734 8847
21738 8849
21742 8850
21746 8852
21750 8853
21754 8855
21758 8857
21762 8858
21766 8860
21770 8861
21774 8863
21778 8865
21782 8866
21786 8868
21790 8870
21794 8871
21798 8873
21802 8875
21806 8876
21810 8878
21814 8879
21818 8881
21822 8883
21826 8884
21830 8886
21834 8887
21838 8889
21842 8891
21846 8893
21850 8894
21854 8896
21858 8897
21862 8899
21866 8901
21870 8902
21874 8904
21878 8905
21882 8907
21886 8909
21890 8910
21894 8912
21898 8914
21902 8915
21906 8917
21910 8919
21914 8920
21918 8922
21922 8923
21926 8925
21930 8927
21934 8928
21938 8930
21942 8932
21946 8933
21950 8935
21954 8937
21958 8938
21962 8940
21966 8941
21970 8943
21974 8945
21978 8946
21982 8948
21986 8950
21990 8951
21994 8953
21998 8955
22002 8956
22006 8958
22010 8959
22014 8961
22018 8963
22022 8964
22026 8966
22030 8968
22034 8969
22038 8971
22042 8973
22046 8974
22050 8976
22054 8977
22058 8979
22062 8981
22066 8982
22070 8984
22074 8986
22078 8987
22082 8989
22086 8991
22090 8992
22094 8994
22098 8995
22102 8997
22106 8999
22110 9000
22114 9002
22118 9004
22122 9005
22126 9007
22130 9009
22134 9010
22138 9012
22142 9013
22146 9015
22150 9017
22154 9018
22158 9020
22162 9022
22166 9023
22170 9025
22174 9027
22178 9028
22182 9030
22186 9031
22190 9033
22194 9035
22198 9037
22202 9038
22206 9040
22210 9041
22214 9043
22218 9045
22222 9046
22226 9048
22230 9050
22234 9051
22238 9053
22242 9055
22246 9056
22250 9058
22254 9059
22258 9061
22262 9063
22266 9065
22270 9066
22274 9068
22278 9069
22282 9071
22286 9073
22290 9074
22294 9076
22298 9078
22302 9079
22306 9081
22310 9083
22314 9084
22318 9086
22322 9088
22326 9089
22330 9091
22334 9093
22338 9094
22342 9096
22346 9097
22350 9099
22354 9101
22358 9102
22362 9104
22366 9106
22370 9107
22374 9109
22378 9111
22382 9112
22386 9114
22390 9116
22394 9117
22398 9119
22402 9121
22406 9122
22410 9124
22414 9125
22418 9127
22422 9129
22426 9130
22430 9132
22434 9134
22438 9135
22442 9137
22446 9139
22450 9140
22454 9142
22458 9143
22462 9145
22466 9147
22470 9149
22474 9150
22478 9152
22482 9153
22486 9155
22490 9157
22494 9158
22498 9160
22502 9162
22506 9163
22510 9165
22514 9167
22518 9168
22522 9170
22526 9171
22530 9173
22534 9175
22538 9176
22542 9178
22546 9179
22550 9181
22554 9183
22558 9184
22562 9186
22566 9188
22570 9189
22574 9191
22578 9193
22582 9194
22586 9196
22590 9197
22594 9199
22598 9201
22602 9202
22606 9204
22610 9205
22614 9207
22618 9209
22622 9210
22626 9212
22630 9213
22634 9215
22638 9217
22642 9218
22646 9220
22650 9221
22654 9223
22658 9225
22662 9226
22666 9228
22670 9230
22674 9231
22678 9233
22682 9234
22686 9236
22690 9238
22694 9239
22698 9241
22702 9242
22706 9244
22710 9246
22714 9247
22718 9249
22722 9251
22726 9252
22730 9254
22734 9255
22738 9257
22742 9259
22746 9260
22750 9262
22754 9263
22758 9265
22762 9267
22766 9268
22770 9270
22774 9271
22778 9273
22782 9275
22786 9277
22790 9278
22794 9280
22798 9281
22802 9283
22806 9285
22810 9286
22814 9288
22818 9289
22822 9291
22826 9293
22830 9294
22834 9296
22838 9298
22842 9299
22846 9301
22850 9303
22854 9304
22858 9306
22862 9307
22866 9309
22870 9311
22874 9312
22878 9314
22882 9315
22886 9317
22890 9319
22894 9320
22898 9322
22902 9324
22906 9325
22910 9327
22914 9329
22918 9330
22922 9332
22926 9333
22930 9335
22934 9337
22938 9338
22942 9340
22946 9342
22950 9343
22954 9345
22958 9346
22962 9348
22966 9350
22970 9351
22974 9353
22978 9355
22982 9356
22986 9358
22990 9359
22994 9361
22998 9363
23002 9365
23006 9366
23010 9368
23014 9369
23018 9371
23022 9373
23026 9374
23030 9376
23034 9378
23038 9379
23042 9381
23046 9383
23050 9384
23054 9386
23058 9388
23062 9389
23066 9391
23070 9393
23074 9394
23078 9396
23082 9397
23086 9399
23090 9401
23094 9403
23098 9404
23102 9406
23106 9407
23110 9409
23114 9411
23118 9412
23122 9414
23126 9416
23130 9417
23134 9419
23138 9421
23142 9422
23146 9424
23150 9426
23154 9427
23158 9429
23162 9431
23166 9432
23170 9434
23174 9436
23178 9437
23182 9439
23186 9441
23190 9442
23194 9444
23198 9446
23202 9447
23206 9449
23210 9451
23214 9452
23218 9454
23222 9455
23226 9457
23230 9459
23234 9461
23238 9462
23242 9464
23246 9465
23250 9467
23254 9469
23258 9471
23262 9472
23266 9474
23270 9475
23274 9477
23278 9479
23282 9480
23286 9482
23290 9484
23294 9485
23298 9487
23302 9489
23306 9490
23310 9492
23314 9494
23318 9495
23322 9497
23326 9499
23330 9500
23334 9502
23338 9503
23342 9505
23346 9507
23350 9508
23354 9510
23358 9511
23362 9513
23366 9515
23370 9517
23374 9518
23378 9520
23382 9521
23386 9523
23390 9525
23394 9526
23398 9528
23402 9529
23406 9531
23410 9533
23414 9534
23418 9536
23422 9537
23426 9539
23430 9541
23434 9542
23438 9544
23442 9546
23446 9547
23450 9549
23454 9550
23458 9552
23462 9554
23466 9555
23470 9557
23474 9558
23478 9560
23482 9562
23486 9563
23490 9565
23494 9567
23498 9568
23502 9570
23506 9571
23510 9573
23514 9574
23518 9576
23522 9578
23526 9579
23530 9581
23534 9582
23538 9584
23542 9586
23546 9587
23550 9589
23554 9591
23558 9592
23562 9594
23566 9595
23570 9597
23574 9599
23578 9600
23582 9602
23586 9603
23590 9605
23594 9607
23598 9608
23602 9610
23606 9611
23610 9613
23614 9615
23618 9616
23622 9618
23626 9620
23630 9621
23634 9623
23638 9624
23642 9626
23646 9628
23650 9629
23654 9631
23658 9633
23662 9634
23666 9636
23670 9637
23674 9639
23678 9641
23682 9642
23686 9644
23690 9646
23694 9647
23698 9649
23702 9651
23706 9652
23710 9654
23714 9655
23718 9657
23722 9659
23726 9660
23730 9662
23734 9664
23738 9665
23742 9667
23746 9669
23750 9670
23754 9672
23758 9673
23762 9675
23766 9677
23770 9678
23774 9680
23778 9681
23782 9683
23786 9685
23790 9687
23794 9688
23798 9690
23802 9691
23806 9693
23810 9695
23814 9696
23818 9698
23822 9699
23826 9701
23830 9703
23834 9705
23838 9706
23842 9708
23846 9709
23850 9711
23854 9713
23858 9714
23862 9716
23866 9718
23870 9719
23874 9721
23878 9723
23882 9724
23886 9726
23890 9727
23894 9729
23898 9731
23902 9733
23906 9734
23910 9736
23914 9737
23918 9739
23922 9741
23926 9742
23930 9744
23934 9746
23938 9747
23942 9749
23946 9751
23950 9752
23954 9754
23958 9756
23962 9757
23966 9759
23970 9761
23974 9762
23978 9764
23982 9765
23986 9767
23990 9769
23994 9771
23998 9772
24002 9774
24006 9775
24010 9777
24014 9779
24018 9780
24022 9782
24026 9784
24030 9785
24034 9787
24038 9789
24042 9790
24046 9792
24050 9794
24054 9795
24058 9797
24062 9799
24066 9800
24070 9802
24074 9803
24078 9805
24082 9807
24086 9809
24090 9810
24094 9812
24098 9813
24102 9815
24106 9817
24110 9818
24114 9820
24118 9822
24122 9823
24126 9825
24130 9827
24134 9828
24138 9830
24142 9831
24146 9833
24150 9835
24154 9836
24158 9838
24162 9840
24166 9841
24170 9843
24174 9845
24178 9846
24182 9848
24186 9849
24190 9851
24194 9853
24198 9854
24202 9856
24206 9858
24210 9859
24214 9861
24218 9863
24222 9864
24226 9866
24230 9867
24234 9869
24238 9871
24242 9872
24246 9874
24250 9876
24254 9877
24258 9879
24262 9881
24266 9882
24270 9884
24274 9885
24278 9887
24282 9889
24286 9890
24290 9892
24294 9893
24298 9895
24302 9897
24306 9898
24310 9900
24314 9901
24318 9903
24322 9905
24326 9907
24330 9908
24334 9910
24338 9911
24342 9913
24346 9915
24350 9916
24354 9918
24358 9919
24362 9921
24366 9923
24370 9924
24374 9926
24378 9927
24382 9929
24386 9931
24390 9932
24394 9934
24398 9935
24402 9937
24406 9939
24410 9940
24414 9942
24418 9943
24422 9945
24426 9947
24430 9948
24434 9950
24438 9952
24442 9953
24446 9955
24450 9957
24454 9958
24458 9960
24462 9961
24466 9963
24470 9965
24474 9966
24478 9968
24482 9969
24486 9971
24490 9973
24494 9974
24498 9976
24502 9977
24506 9979
24510 9981
24514 9982
24518 9984
24522 9986
24526 9987
24530 9989
24534 9991
24538 9992
24542 9994
24546 9996
24550 9997
24554 9999
24558 10001
24562 10002
24566 10004
24570 10005
24574 10007
24578 10009
24582 10010
24586 10012
24590 10013
24594 10015
24598 10017
24602 10019
24606 10020
24610 10022
24614 10023
24618 10025
24622 10027
24626 10028
24630 10030
24634 10031
24638 10033
24642 10035
24646 10036
24650 10038
24654 10040
24658 10041
24662 10043
24666 10045
24670 10046
24674 10048
24678 10049
24682 10051
24686 10053
24690 10054
24694 10056
24698 10058
24702 10059
24706 10061
24710 10063
24714 10064
24718 10066
24722 10067
24726 10069
24730 10071
24734 10072
24738 10074
24742 10076
24746 10077
24750 10079
24754 10081
24758 10082
24762 10084
24766 10085
24770 10087
24774 10089
24778 10090
24782 10092
24786 10094
24790 10095
24794 10097
24798 10099
24802 10100
24806 10102
24810 10103
24814 10105
24818 10107
24822 10108
24826 10110
24830 10112
24834 10113
24838 10115
24842 10117
24846 10118
24850 10120
24854 10122
24858 10123
24862 10125
24866 10127
24870 10128
24874 10130
24878 10131
24882 10133
24886 10135
24890 10136
24894 10138
24898 10140
24902 10141
24906 10143
24910 10145
24914 10146
24918 10148
24922 10150
24926 10151
24930 10153
24934 10155
24938 10156
24942 10158
24946 10159
24950 10161
24954 10163
24958 10164
24962 10166
24966 10168
24970 10169
24974 10171
24978 10173
24982 10175
24986 10176
24990 10178
24994 10179
24998 10181
25002 10183
25006 10184
25010 10186
25014 10188
25018 10189
25022 10191
25026 10193
25030 10194
25034 10196
25038 10198
25042 10199
25046 10201
25050 10202
25054 10204
25058 10206
25062 10207
25066 10209
25070 10211
25074 10212
25078 10214
25082 10216
25086 10217
25090 10219
25094 10221
25098 10222
25102 10224
25106 10225
25110 10227
25114 10229
25118 10230
25122 10232
25126 10234
25130 10235
25134 10237
25138 10239
25142 10240
25146 10242
25150 10244
25154 10245
25158 10247
25162 10248
25166 10250
25170 10252
25174 10253
25178 10255
25182 10257
25186 10258
25190 10260
25194 10261
25198 10263
25202 10265
25206 10266
25210 10268
25214 10269
25218 10271
25222 10273
25226 10274
25230 10276
25234 10277
25238 10279
25242 10281
25246 10282
25250 10284
25254 10285
25258 10287
25262 10289
25266 10290
25270 10292
25274 10294
25278 10295
25282 10297
25286 10298
25290 10300
25294 10302
25298 10303
25302 10305
25306 10306
25310 10308
25314 10310
25318 10311
25322 10313
25326 10315
25330 10316
25334 10318
25338 10319
25342 10321
25346 10323
25350 10324
25354 10326
25358 10327
25362 10329
25366 10331
25370 10332
25374 10334
25378 10335
25382 10337
25386 10339
25390 10340
25394 10342
25398 10343
25402 10345
25406 10347
25410 10348
25414 10350
25418 10352
25422 10353
25426 10355
25430 10357
25434 10358
25438 10360
25442 10361
25446 10363
25450 10365
25454 10366
25458 10368
25462 10370
25466 10371
25470 10373
25474 10374
25478 10376
25482 10378
25486 10379
25490 10381
25494 10383
25498 10384
25502 10386
25506 10387
25510 10389
25514 10391
25518 10392
25522 10394
25526 10395
25530 10397
25534 10399
25538 10401
25542 10402
25546 10404
25550 10405
25554 10407
25558 10409
25562 10410
25566 10412
25570 10414
25574 10415
25578 10417
25582 10418
25586 10420
25590 10422
25594 10423
25598 10425
25602 10427
25606 10428
25610 10430
25614 10432
25618 10433
25622 10435
25626 10437
25630 10438
25634 10440
25638 10441
25642 10443
25646 10445
25650 10446
25654 10448
25658 10450
25662 10451
25666 10453
25670 10455
25674 10456
25678 10458
25682 10460
25686 10461
25690 10463
25694 10465
25698 10466
25702 10468
25706 10469
25710 10471
25714 10473
25718 10475
25722 10476
25726 10478
25730 10479
25734 10481
25738 10483
25742 10484
25746 10486
25750 10488
25754 10489
25758 10491
25762 10493
25766 10494
25770 10496
25774 10498
25778 10499
25782 10501
25786 10503
25790 10504
25794 10506
25798 10508
25802 10509
25806 10511
25810 10513
25814 10514
25818 10516
25822 10517
25826 10519
25830 10521
25834 10523
25838 10524
25842 10526
25846 10528
25850 10529
25854 10531
25858 10533
25862 10534
25866 10536
25870 10537
25874 10539
25878 10541
25882 10542
25886 10544
25890 10546
25894 10547
25898 10549
25902 10551
25906 10552
25910 10554
25914 10555
25918 10557
25922 10559
25926 10561
25930 10562
25934 10564
25938 10565
25942 10567
25946 10569
25950 10570
25954 10572
25958 10574
25962 10575
25966 10577
25970 10579
25974 10580
25978 10582
25982 10583
25986 10585
25990 10587
25994 10588
25998 10590
26002 10591
26006 10593
26010 10595
26014 10597
26018 10598
26022 10600
26026 10601
26030 10603
26034 10605
26038 10606
26042 10608
26046 10609
26050 10611
26054 10613
26058 10614
26062 10616
26066 10617
26070 10619
26074 10621
26078 10622
26082 10624
26086 10626
26090 10627
26094 10629
26098 10630
26102 10632
26106 10634
26110 10635
26114 10637
26118 10638
26122 10640
26126 10642
26130 10643
26134 10645
26138 10647
26142 10648
26146 10650
26150 10651
26154 10653
26158 10655
26162 10656
26166 10658
26170 10659
26174 10661
26178 10663
26182 10664
26186 10666
26190 10667
26194 10669
26198 10671
26202 10672
26206 10674
26210 10675
26214 10677
26218 10679
26222 10680
26226 10682
26230 10683
26234 10685
26238 10687
26242 10688
26246 10690
26250 10691
26254 10693
26258 10695
26262 10696
26266 10698
26270 10700
26274 10701
26278 10703
26282 10704
26286 10706
26290 10708
26294 10709
26298 10711
26302 10713
26306 10714
26310 10716
26314 10717
26318 10719
26322 10721
26326 10723
26330 10724
26334 10726
26338 10727
26342 10729
26346 10731
26350 10732
26354 10734
26358 10735
26362 10737
26366 10739
26370 10741
26374 10742
26378 10744
26382 10745
26386 10747
26390 10749
26394 10750
26398 10752
26402 10754
26406 10755
26410 10757
26414 10759
26418 10760
26422 10762
26426 10763
26430 10765
26434 10767
26438 10768
26442 10770
26446 10772
26450 10773
26454 10775
26458 10777
26462 10778
26466 10780
26470 10781
26474 10783
26478 10785
26482 10786
26486 10788
26490 10790
26494 10791
26498 10793
26502 10795
26506 10796
26510 10798
26514 10799
26518 10801
26522 10803
26526 10804
26530 10806
26534 10808
26538 10809
26542 10811
26546 10813
26550 10814
26554 10816
26558 10818
26562 10819
26566 10821
26570 10823
26574 10824
26578 10826
26582 10827
26586 10829
26590 10831
26594 10832
26598 10834
26602 10836
26606 10837
26610 10839
26614 10841
26618 10843
26622 10844
26626 10846
26630 10847
26634 10849
26638 10851
26642 10852
26646 10854
26650 10855
26654 10857
26658 10859
26662 10861
26666 10862
26670 10864
26674 10865
26678 10867
26682 10869
26686 10870
26690 10872
26694 10874
26698 10875
26702 10877
26706 10879
26710 10880
26714 10882
26718 10883
26722 10885
26726 10887
26730 10889
26734 10890
26738 10892
26742 10893
26746 10895
26750 10897
26754 10898
26758 10900
26762 10902
26766 10903
26770 10905
26774 10907
26778 10908
26782 10910
26786 10911
26790 10913
26794 10915
26798 10917
26802 10918
26806 10920
26810 10921
26814 10923
26818 10925
26822 10926
26826 10928
26830 10929
26834 10931
26838 10933
26842 10935
26846 10936
26850 10938
26854 10939
26858 10941
26862 10943
26866 10944
26870 10946
26874 10948
26878 10949
26882 10951
26886 10953
26890 10954
26894 10956
26898 10957
26902 10959
26906 10961
26910 10962
26914 10964
26918 10966
26922 10967
26926 10969
26930 10971
26934 10972
26938 10974
26942 10975
26946 10977
26950 10979
26954 10980
26958 10982
26962 10983
26966 10985
26970 10987
26974 10988
26978 10990
26982 10991
26986 10993
26990 10995
26994 10996
26998 10998
27002 10999
27006 11001
27010 11003
27014 11004
27018 11006
27022 11008
27026 11009
27030 11011
27034 11012
27038 11014
27042 11016
27046 11017
27050 11019
27054 11021
27058 11022
27062 11024
27066 11025
27070 11027
27074 11029
27078 11030
27082 11032
27086 11033
27090 11035
27094 11037
27098 11038
27102 11040
27106 11041
27110 11043
27114 11045
27118 11046
27122 11048
27126 11049
27130 11051
27134 11053
27138 11055
27142 11056
27146 11058
27150 11059
27154 11061
27158 11063
27162 11064
27166 11066
27170 11067
27174 11069
27178 11071
27182 11072
27186 11074
27190 11076
27194 11077
27198 11079
27202 11081
27206 11082
27210 11084
27214 11085
27218 11087
27222 11089
27226 11090
27230 11092
27234 11093
27238 11095
27242 11097
27246 11099
27250 11100
27254 11102
27258 11103
27262 11105
27266 11107
27270 11108
27274 11110
27278 11111
27282 11113
27286 11115
27290 11116
27294 11118
27298 11120
27302 11121
27306 11123
27310 11125
27314 11126
27318 11128
27322 11129
27326 11131
27330 11133
27334 11134
27338 11136
27342 11137
27346 11139
27350 11141
27354 11142
27358 11144
27362 11146
27366 11147
27370 11149
27374 11151
27378 11152
27382 11154
27386 11155
27390 11157
27394 11159
27398 11160
27402 11162
27406 11164
27410 11165
27414 11167
27418 11169
27422 11170
27426 11172
27430 11173
27434 11175
27438 11177
27442 11178
27446 11180
27450 11182
27454 11183
27458 11185
27462 11187
27466 11188
27470 11190
27474 11191
27478 11193
27482 11195
27486 11197
27490 11198
27494 11200
27498 11201
27502 11203
27506 11205
27510 11206
27514 11208
27518 11210
27522 11211
27526 11213
27530 11215
27534 11216
27538 11218
27542 11220
27546 11221
27550 11223
27554 11225
27558 11226
27562 11228
27566 11230
27570 11231
27574 11233
27578 11235
27582 11236
27586 11238
27590 11239
27594 11241
27598 11243
27602 11245
27606 11246
27610 11248
27614 11250
27618 11251
27622 11253
27626 11255
27630 11256
27634 11258
27638 11259
27642 11261
27646 11263
27650 11264
27654 11266
27658 11268
27662 11269
27666 11271
27670 11273
27674 11274
27678 11276
27682 11278
27686 11279
27690 11281
27694 11283
27698 11284
27702 11286
27706 11287
27710 11289
27714 11291
27718 11293
27722 11294
27726 11296
27730 11297
27734 11299
27738 11301
27742 11302
27746 11304
27750 11305
27754 11307
27758 11309
27762 11311
27766 11312
27770 11314
27774 11315
27778 11317
27782 11319
27786 11320
27790 11322
27794 11324
27798 11325
27802 11327
27806 11329
27810 11330
27814 11332
27818 11333
27822 11335
27826 11337
27830 11338
27834 11340
27838 11341
27842 11343
27846 11345
27850 11346
27854 11348
27858 11349
27862 11351
27866 11353
27870 11354
27874 11356
27878 11357
27882 11359
27886 11361
27890 11362
27894 11364
27898 11365
27902 11367
27906 11369
27910 11370
27914 11372
27918 11374
27922 11375
27926 11377
27930 11378
27934 11380
27938 11382
27942 11383
27946 11385
27950 11386
27954 11388
27958 11390
27962 11391
27966 11393
27970 11394
27974 11396
27978 11398
27982 11399
27986 11401
27990 11402
27994 11404
27998 11406
28002 11407
28006 11409
28010 11410
28014 11412
28018 11414
28022 11415
28026 11417
28030 11419
28034 11420
28038 11422
28042 11423
28046 11425
28050 11427
28054 11428
28058 11430
28062 11431
28066 11433
28070 11435
28074 11436
28078 11438
28082 11440
28086 11441
28090 11443
28094 11445
28098 11446
28102 11448
28106 11449
28110 11451
28114 11453
28118 11454
28122 11456
28126 11457
28130 11459
28134 11461
28138 11462
28142 11464
28146 11466
28150 11467
28154 11469
28158 11471
28162 11472
28166 11474
28170 11475
28174 11477
28178 11479
28182 11480
28186 11482
28190 11484
28194 11485
28198 11487
28202 11489
28206 11490
28210 11492
28214 11493
28218 11495
28222 11497
28226 11498
28230 11500
28234 11502
28238 11503
28242 11505
28246 11507
28250 11508
28254 11510
28258 11512
28262 11513
28266 11515
28270 11517
28274 11518
28278 11520
28282 11521
28286 11523
28290 11525
28294 11526
28298 11528
28302 11530
28306 11531
28310 11533
28314 11535
28318 11536
28322 11538
28326 11540
28330 11541
28334 11543
28338 11545
28342 11546
28346 11548
28350 11549
28354 11551
28358 11553
28362 11555
28366 11556
28370 11558
28374 11559
28378 11561
28382 11563
28386 11564
28390 11566
28394 11568
28398 11569
28402 11571
28406 11573
28410 11574
28414 11576
28418 11578
28422 11579
28426 11581
28430 11583
28434 11584
28438 11586
28442 11588
28446 11589
28450 11591
28454 11593
28458 11594
28462 11596
28466 11597
28470 11599
28474 11601
28478 11603
28482 11604
28486 11606
28490 11607
28494 11609
28498 11611
28502 11612
28506 11614
28510 11616
28514 11617
28518 11619
28522 11621
28526 11622
28530 11624
28534 11626
28538 11627
28542 11629
28546 11631
28550 11632
28554 11634
28558 11635
28562 11637
28566 11639
28570 11640
28574 11642
28578 11644
28582 11645
28586 11647
28590 11649
28594 11650
28598 11652
28602 11654
28606 11655
28610 11657
28614 11658
28618 11660
28622 11662
28626 11663
28630 11665
28634 11667
28638 11668
28642 11670
28646 11671
28650 11673
28654 11675
28658 11676
28662 11678
28666 11680
28670 11681
28674 11683
28678 11685
28682 11686
28686 11688
28690 11689
28694 11691
28698 11693
28702 11694
28706 11696
28710 11697
28714 11699
28718 11701
28722 11702
28726 11704
28730 11705
28734 11707
28738 11709
28742 11710
28746 11712
28750 11713
28754 11715
28758 11717
28762 11718
28766 11720
28770 11721
28774 11723
28778 11725
28782 11726
28786 11728
28790 11730
28794 11731
28798 11733
28802 11734
28806 11736
28810 11738
28814 11739
28818 11741
28822 11742
28826 11744
28830 11746
28834 11747
28838 11749
28842 11751
28846 11752
28850 11754
28854 11755
28858 11757
28862 11759
28866 11760
28870 11762
28874 11763
28878 11765
28882 11767
28886 11768
28890 11770
28894 11771
28898 11773
28902 11775
28906 11776
28910 11778
28914 11780
28918 11781
28922 11783
28926 11785
28930 11786
28934 11788
28938 11789
28942 11791
28946 11793
28950 11794
28954 11796
28958 11798
28962 11799
28966 11801
28970 11803
28974 11804
28978 11806
28982 11807
28986 11809
28990 11811
28994 11812
28998 11814
29002 11816
29006 11817
29010 11819
29014 11821
29018 11822
29022 11824
29026 11825
29030 11827
29034 11829
29038 11830
29042 11832
29046 11834
29050 11835
29054 11837
29058 11839
29062 11840
29066 11842
29070 11843
29074 11845
29078 11847
29082 11848
29086 11850
29090 11851
29094 11853
29098 11855
29102 11857
29106 11858
29110 11860
29114 11861
29118 11863
29122 11865
29126 11866
29130 11868
29134 11870
29138 11871
29142 11873
29146 11875
29150 11876
29154 11878
29158 11879
29162 11881
29166 11883
29170 11884
29174 11886
29178 11887
29182 11889
29186 11891
29190 11893
29194 11894
29198 11896
29202 11897
29206 11899
29210 11901
29214 11902
29218 11904
29222 11906
29226 11907
29230 11909
29234 11911
29238 11912
29242 11914
29246 11916
29250 11917
29254 11919
29258 11921
29262 11922
29266 11924
29270 11925
29274 11927
29278 11929
29282 11930
29286 11932
29290 11934
29294 11935
29298 11937
29302 11939
29306 11940
29310 11942
29314 11943
29318 11945
29322 11947
29326 11949
29330 11950
29334 11952
29338 11953
29342 11955
29346 11957
29350 11958
29354 11960
29358 11962
29362 11963
29366 11965
29370 11967
29374 11968
29378 11970
29382 11971
29386 11973
29390 11975
29394 11976
29398 11978
29402 11980
29406 11981
29410 11983
29414 11985
29418 11986
29422 11988
29426 11990
29430 11991
29434 11993
29438 11995
29442 11996
29446 11998
29450 11999
29454 12001
29458 12003
29462 12004
29466 12006
29470 12008
29474 12009
29478 12011
29482 12013
29486 12014
29490 12016
29494 12018
29498 12019
29502 12021
29506 12023
29510 12024
29514 12026
29518 12027
29522 12029
29526 12031
29530 12032
29534 12034
29538 12036
29542 12037
29546 12039
29550 12041
29554 12042
29558 12044
29562 12045
29566 12047
29570 12049
29574 12050
29578 12052
29582 12054
29586 12055
29590 12057
29594 12059
29598 12060
29602 12062
29606 12063
29610 12065
29614 12067
29618 12068
29622 12070
29626 12071
29630 12073
29634 12075
29638 12076
29642 12078
29646 12079
29650 12081
29654 12083
29658 12084
29662 12086
29666 12088
29670 12089
29674 12091
29678 12093
29682 12094
29686 12096
29690 12097
29694 12099
29698 12101
29702 12102
29706 12104
29710 12105
29714 12107
29718 12109
29722 12110
29726 12112
29730 12113
29734 12115
29738 12117
29742 12118
29746 12120
29750 12121
29754 12123
29758 12125
29762 12126
29766 12128
29770 12129
29774 12131
29778 12133
29782 12134
29786 12136
29790 12138
29794 12139
29798 12141
29802 12143
29806 12144
29810 12146
29814 12147
29818 12149
29822 12151
29826 12152
29830 12154
29834 12155
29838 12157
29842 12159
29846 12160
29850 12162
29854 12164
29858 12165
29862 12167
29866 12169
29870 12170
29874 12172
29878 12173
29882 12175
29886 12177
29890 12178
29894 12180
29898 12181
29902 12183
29906 12185
29910 12187
29914 12188
29918 12190
29922 12191
29926 12193
29930 12195
29934 12196
29938 12198
29942 12199
29946 12201
29950 12203
29954 12204
29958 12206
29962 12208
29966 12209
29970 12211
29974 12212
29978 12214
29982 12216
29986 12217
29990 12219
29994 12221
29998 12222
