10 0
14 0
18 0
22 0
26 0
30 0
34 1
38 1
42 1
46 1
50 1
54 2
58 2
62 2
66 2
70 3
74 3
78 3
82 4
86 4
90 4
94 5
98 5
102 5
106 6
110 6
114 6
118 7
122 7
126 8
130 8
134 8
138 9
142 9
146 9
150 10
154 10
158 11
162 11
166 11
170 12
174 12
178 12
182 13
186 13
190 14
194 14
198 15
202 15
206 15
210 16
214 16
218 17
222 17
226 18
230 18
234 18
238 19
242 19
246 20
250 20
254 20
258 21
262 21
266 22
270 22
274 22
278 23
282 23
286 24
290 24
294 24
298 25
302 25
306 26
310 26
314 27
318 27
322 27
326 28
330 28
334 29
338 29
342 30
346 30
350 30
354 31
358 31
362 32
366 32
370 32
374 33
378 33
382 34
386 34
390 34
394 35
398 35
402 36
406 36
410 37
414 37
418 37
422 38
426 38
430 39
434 39
438 40
442 40
446 40
450 41
454 41
458 42
462 42
466 42
470 43
474 43
478 44
482 44
486 44
490 45
494 45
498 46
502 46
506 47
510 47
514 48
518 48
522 48
526 49
530 49
534 50
538 50
542 50
546 51
550 51
554 52
558 52
562 52
566 53
570 53
574 54
578 54
582 54
586 55
590 55
594 56
598 56
602 57
606 57
610 57
614 58
618 58
622 59
626 59
630 59
634 60
638 60
642 61
646 61
650 62
654 62
658 62
662 63
666 63
670 64
674 64
678 64
682 65
686 65
690 66
694 66
698 66
702 67
706 67
710 68
714 68
718 68
722 69
726 69
730 70
734 70
738 71
742 71
746 71
750 72
754 72
758 73
762 73
766 74
770 74
774 74
778 75
782 75
786 76
790 76
794 76
798 77
802 77
806 78
810 78
814 78
818 79
822 79
826 80
830 80
834 80
838 81
842 81
846 82
850 82
854 83
858 83
862 83
866 84
870 84
874 85
878 85
882 86
886 86
890 86
894 87
898 87
902 88
906 88
910 88
914 89
918 89
922 90
926 90
930 90
934 91
938 91
942 92
946 92
950 92
954 93
958 93
962 94
966 94
970 94
974 95
978 95
982 96
986 96
990 97
994 97
998 98
1002 98
1006 98
1010 99
1014 99
1018 100
1022 100
1026 100
1030 101
1034 101
1038 102
1042 102
1046 102
1050 103
1054 103
1058 104
1062 104
1066 104
1070 105
1074 105
1078 106
1082 106
1086 107
1090 107
1094 107
1098 108
1102 108
1106 109
1110 109
1114 109
1118 110
1122 110
1126 111
1130 111
1134 111
1138 112
1142 112
1146 113
1150 113
1154 114
1158 114
1162 114
1166 115
1170 115
1174 116
1178 116
1182 116
1186 117
1190 117
1194 118
1198 118
1202 118
1206 119
1210 119
1214 120
1218 120
1222 120
1226 121
1230 121
1234 122
1238 122
1242 122
1246 123
1250 123
1254 124
1258 124
1262 124
1266 125
1270 125
1274 126
1278 126
1282 127
1286 127
1290 127
1294 128
1298 128
1302 129
1306 129
1310 130
1314 130
1318 130
1322 131
1326 131
1330 132
1334 132
1338 132
1342 133
1346 133
1350 134
1354 134
1358 134
1362 135
1366 135
1370 136
1374 136
1378 136
1382 137
1386 137
1390 138
1394 138
1398 138
1402 139
1406 139
1410 140
1414 140
1418 140
1422 141
1426 141
1430 142
1434 142
1438 142
1442 143
1446 143
1450 144
1454 144
1458 144
1462 145
1466 145
1470 146
1474 146
1478 146
1482 147
1486 147
1490 148
1494 148
1498 148
1502 149
1506 149
1510 150
1514 150
1518 150
1522 151
1526 151
1530 152
1534 152
1538 152
1542 153
1546 153
1550 154
1554 154
1558 154
1562 155
1566 155
1570 156
1574 156
1578 156
1582 157
1586 157
1590 158
1594 158
1598 158
1602 159
1606 159
1610 160
1614 160
1618 160
1622 161
1626 161
1630 162
1634 162
1638 162
1642 163
1646 163
1650 164
1654 164
1658 165
1662 165
1666 165
1670 166
1674 166
1678 167
1682 167
1686 168
1690 168
1694 168
1698 169
1702 169
1706 170
1710 170
1714 170
1718 171
1722 171
1726 172
1730 172
1734 172
1738 173
1742 173
1746 174
1750 174
1754 174
1758 175
1762 175
1766 176
1770 176
1774 176
1778 177
1782 177
1786 178
1790 178
1794 178
1798 179
1802 179
1806 180
1810 180
1814 180
1818 181
1822 181
1826 182
1830 182
1834 182
1838 183
1842 183
1846 184
1850 184
1854 184
1858 185
1862 185
1866 186
1870 186
1874 186
1878 187
1882 187
1886 188
1890 188
1894 189
1898 189
1902 189
1906 190
1910 190
1914 191
1918 191
1922 191
1926 192
1930 192
1934 193
1938 193
1942 194
1946 194
1950 194
1954 195
1958 195
1962 196
1966 196
1970 196
1974 197
1978 197
1982 198
1986 198
1990 198
1994 199
1998 199
2002 200
2006 200
2010 200
2014 201
2018 201
2022 202
2026 202
2030 202
2034 203
2038 203
2042 204
2046 204
2050 204
2054 205
2058 205
2062 205
2066 206
2070 206
2074 207
2078 207
2082 207
2086 208
2090 208
2094 209
2098 209
2102 209
2106 210
2110 210
2114 211
2118 211
2122 211
2126 212
2130 212
2134 213
2138 213
2142 213
2146 214
2150 214
2154 215
2158 215
2162 215
2166 216
2170 216
2174 217
2178 217
2182 218
2186 218
2190 218
2194 219
2198 219
2202 220
2206 220
2210 220
2214 221
2218 221
2222 222
2226 222
2230 222
2234 223
2238 223
2242 224
2246 224
2250 224
2254 225
2258 225
2262 226
2266 226
2270 226
2274 227
2278 227
2282 228
2286 228
2290 228
2294 229
2298 229
2302 230
2306 230
2310 230
2314 231
2318 231
2322 232
2326 232
2330 232
2334 233
2338 233
2342 234
2346 234
2350 234
2354 235
2358 235
2362 236
2366 236
2370 236
2374 237
2378 237
2382 238
2386 238
2390 238
2394 239
2398 239
2402 240
2406 240
2410 240
2414 241
2418 241
2422 242
2426 242
2430 242
2434 243
2438 243
2442 244
2446 244
2450 244
2454 245
2458 245
2462 246
2466 246
2470 246
2474 247
2478 247
2482 248
2486 248
2490 248
2494 249
2498 249
2502 250
2506 250
2510 250
2514 251
2518 251
2522 252
2526 252
2530 252
2534 253
2538 253
2542 254
2546 254
2550 254
2554 255
2558 255
2562 256
2566 256
2570 256
2574 257
2578 257
2582 258
2586 258
2590 258
2594 259
2598 259
2602 260
2606 260
2610 260
2614 261
2618 261
2622 262
2626 262
2630 263
2634 263
2638 264
2642 264
2646 264
2650 265
2654 265
2658 266
2662 266
2666 266
2670 267
2674 267
2678 268
2682 268
2686 268
2690 269
2694 269
2698 270
2702 270
2706 270
2710 271
2714 271
2718 272
2722 272
2726 272
2730 273
2734 273
2738 274
2742 274
2746 274
2750 275
2754 275
2758 276
2762 276
2766 276
2770 277
2774 277
2778 278
2782 278
2786 278
2790 279
2794 279
2798 280
2802 280
2806 281
2810 281
2814 281
2818 282
2822 282
2826 283
2830 283
2834 283
2838 284
2842 284
2846 285
2850 285
2854 286
2858 286
2862 286
2866 287
2870 287
2874 288
2878 288
2882 288
2886 289
2890 289
2894 290
2898 290
2902 290
2906 291
2910 291
2914 292
2918 292
2922 292
2926 293
2930 293
2934 294
2938 294
2942 294
2946 295
2950 295
2954 296
2958 296
2962 296
2966 297
2970 297
2974 298
2978 298
2982 298
2986 299
2990 299
2994 300
2998 300
3002 300
3006 301
3010 301
3014 302
3018 302
3022 302
3026 303
3030 303
3034 304
3038 304
3042 304
3046 305
3050 305
3054 306
3058 306
3062 306
3066 307
3070 307
3074 308
3078 308
3082 309
3086 309
3090 309
3094 310
3098 310
3102 311
3106 311
3110 311
3114 312
3118 312
3122 313
3126 313
3130 313
3134 314
3138 314
3142 315
3146 315
3150 316
3154 316
3158 316
3162 317
3166 317
3170 318
3174 318
3178 318
3182 319
3186 319
3190 320
3194 320
3198 320
3202 321
3206 321
3210 322
3214 322
3218 322
3222 323
3226 323
3230 324
3234 324
3238 324
3242 325
3246 325
3250 326
3254 326
3258 326
3262 327
3266 327
3270 328
3274 328
3278 328
3282 329
3286 329
3290 330
3294 330
3298 330
3302 331
3306 331
3310 332
3314 332
3318 332
3322 333
3326 333
3330 334
3334 334
3338 334
3342 335
3346 335
3350 336
3354 336
3358 336
3362 337
3366 337
3370 338
3374 338
3378 338
3382 339
3386 339
3390 340
3394 340
3398 341
3402 341
3406 341
3410 342
3414 342
3418 343
3422 343
3426 343
3430 344
3434 344
3438 345
3442 345
3446 346
3450 346
3454 346
3458 347
3462 347
3466 348
3470 348
3474 348
3478 349
3482 349
3486 350
3490 350
3494 350
3498 351
3502 351
3506 352
3510 352
3514 352
3518 353
3522 353
3526 354
3530 354
3534 355
3538 355
3542 355
3546 356
3550 356
3554 357
3558 357
3562 357
3566 358
3570 358
3574 359
3578 359
3582 360
3586 360
3590 360
3594 361
3598 361
3602 362
3606 362
3610 362
3614 363
3618 363
3622 364
3626 364
3630 364
3634 365
3638 365
3642 366
3646 366
3650 367
3654 367
3658 367
3662 368
3666 368
3670 369
3674 369
3678 370
3682 370
3686 370
3690 371
3694 371
3698 372
3702 372
3706 372
3710 373
3714 373
3718 374
3722 374
3726 374
3730 375
3734 375
3738 376
3742 376
3746 376
3750 377
3754 377
3758 378
3762 378
3766 378
3770 379
3774 379
3778 380
3782 380
3786 380
3790 381
3794 381
3798 382
3802 382
3806 383
3810 383
3814 384
3818 384
3822 384
3826 385
3830 385
3834 386
3838 386
3842 386
3846 387
3850 387
3854 388
3858 388
3862 388
3866 389
3870 389
3874 390
3878 390
3882 391
3886 391
3890 391
3894 392
3898 392
3902 393
3906 393
3910 393
3914 394
3918 394
3922 395
3926 395
3930 396
3934 396
3938 396
3942 397
3946 397
3950 398
3954 398
3958 398
3962 399
3966 399
3970 400
3974 400
3978 400
3982 401
3986 401
3990 402
3994 402
3998 402
4002 403
4006 403
4010 404
4014 404
4018 405
4022 405
4026 406
4030 406
4034 406
4038 407
4042 407
4046 408
4050 408
4054 408
4058 409
4062 409
4066 410
4070 410
4074 410
4078 411
4082 411
4086 412
4090 412
4094 413
4098 413
4102 414
4106 414
4110 414
4114 415
4118 415
4122 416
4126 416
4130 416
4134 417
4138 417
4142 418
4146 418
4150 418
4154 419
4158 419
4162 420
4166 420
4170 421
4174 421
4178 421
4182 422
4186 422
4190 423
4194 423
4198 423
4202 424
4206 424
4210 425
4214 425
4218 426
4222 426
4226 426
4230 427
4234 427
4238 428
4242 428
4246 428
4250 429
4254 429
4258 430
4262 430
4266 430
4270 431
4274 431
4278 432
4282 432
4286 433
4290 433
4294 433
4298 434
4302 434
4306 435
4310 435
4314 436
4318 436
4322 436
4326 437
4330 437
4334 438
4338 438
4342 438
4346 439
4350 439
4354 440
4358 440
4362 440
4366 441
4370 441
4374 442
4378 442
4382 442
4386 443
4390 443
4394 444
4398 444
4402 445
4406 445
4410 445
4414 446
4418 446
4422 447
4426 447
4430 447
4434 448
4438 448
4442 449
4446 449
4450 450
4454 450
4458 450
4462 451
4466 451
4470 452
4474 452
4478 452
4482 453
4486 453
4490 454
4494 454
4498 454
4502 455
4506 455
4510 456
4514 456
4518 456
4522 457
4526 457
4530 458
4534 458
4538 459
4542 459
4546 460
4550 460
4554 460
4558 461
4562 461
4566 462
4570 462
4574 462
4578 463
4582 463
4586 464
4590 464
4594 464
4598 465
4602 465
4606 466
4610 466
4614 466
4618 467
4622 467
4626 468
4630 468
4634 468
4638 469
4642 469
4646 470
4650 470
4654 470
4658 471
4662 471
4666 472
4670 472
4674 472
4678 473
4682 473
4686 474
4690 474
4694 474
4698 475
4702 475
4706 476
4710 476
4714 476
4718 477
4722 477
4726 478
4730 478
4734 478
4738 479
4742 479
4746 480
4750 480
4754 481
4758 481
4762 482
4766 482
4770 482
4774 483
4778 483
4782 484
4786 484
4790 484
4794 485
4798 485
4802 486
4806 486
4810 486
4814 487
4818 487
4822 488
4826 488
4830 488
4834 489
4838 489
4842 490
4846 490
4850 490
4854 491
4858 491
4862 492
4866 492
4870 492
4874 493
4878 493
4882 494
4886 494
4890 495
4894 495
4898 495
4902 496
4906 496
4910 497
4914 497
4918 498
4922 498
4926 498
4930 499
4934 499
4938 500
4942 500
4946 500
4950 501
4954 501
4958 502
4962 502
4966 502
4970 503
4974 503
4978 504
4982 504
4986 504
4990 505
4994 505
4998 506
5002 506
5006 506
5010 507
5014 507
5018 508
5022 508
5026 508
5030 509
5034 509
5038 510
5042 510
5046 510
5050 511
5054 511
5058 512
5062 512
5066 512
5070 513
5074 513
5078 514
5082 514
5086 514
5090 515
5094 515
5098 516
5102 516
5106 516
5110 517
5114 517
5118 518
5122 518
5126 518
5130 519
5134 519
5138 520
5142 520
5146 520
5150 521
5154 521
5158 522
5162 522
5166 522
5170 523
5174 523
5178 524
5182 524
5186 524
5190 525
5194 525
5198 526
5202 526
5206 526
5210 527
5214 527
5218 528
5222 528
5226 528
5230 529
5234 529
5238 530
5242 530
5246 530
5250 531
5254 531
5258 532
5262 532
5266 532
5270 533
5274 533
5278 534
5282 534
5286 534
5290 535
5294 535
5298 536
5302 536
5306 536
5310 537
5314 537
5318 538
5322 538
5326 538
5330 539
5334 539
5338 540
5342 540
5346 540
5350 541
5354 541
5358 542
5362 542
5366 542
5370 543
5374 543
5378 544
5382 544
5386 544
5390 545
5394 545
5398 546
5402 546
5406 547
5410 547
5414 547
5418 548
5422 548
5426 549
5430 549
5434 550
5438 550
5442 550
5446 551
5450 551
5454 552
5458 552
5462 552
5466 553
5470 553
5474 554
5478 554
5482 554
5486 555
5490 555
5494 556
5498 556
5502 556
5506 557
5510 557
5514 558
5518 558
5522 558
5526 559
5530 559
5534 560
5538 560
5542 560
5546 561
5550 561
5554 562
5558 562
5562 562
5566 563
5570 563
5574 564
5578 564
5582 564
5586 565
5590 565
5594 566
5598 566
5602 566
5606 567
5610 567
5614 568
5618 568
5622 568
5626 569
5630 569
5634 570
5638 570
5642 570
5646 571
5650 571
5654 572
5658 572
5662 572
5666 573
5670 573
5674 573
5678 574
5682 574
5686 575
5690 575
5694 575
5698 576
5702 576
5706 577
5710 577
5714 577
5718 578
5722 578
5726 579
5730 579
5734 579
5738 580
5742 580
5746 581
5750 581
5754 581
5758 582
5762 582
5766 583
5770 583
5774 583
5778 584
5782 584
5786 585
5790 585
5794 585
5798 586
5802 586
5806 587
5810 587
5814 587
5818 588
5822 588
5826 588
5830 589
5834 589
5838 590
5842 590
5846 590
5850 591
5854 591
5858 592
5862 592
5866 592
5870 593
5874 593
5878 594
5882 594
5886 594
5890 595
5894 595
5898 596
5902 596
5906 596
5910 597
5914 597
5918 598
5922 598
5926 598
5930 599
5934 599
5938 600
5942 600
5946 600
5950 601
5954 601
5958 602
5962 602
5966 603
5970 603
5974 603
5978 604
5982 604
5986 604
5990 605
5994 605
5998 606
6002 606
6006 606
6010 607
6014 607
6018 608
6022 608
6026 609
6030 609
6034 609
6038 610
6042 610
6046 611
6050 611
6054 611
6058 612
6062 612
6066 613
6070 613
6074 613
6078 614
6082 614
6086 615
6090 615
6094 615
6098 616
6102 616
6106 617
6110 617
6114 618
6118 618
6122 618
6126 619
6130 619
6134 620
6138 620
6142 620
6146 621
6150 621
6154 622
6158 622
6162 622
6166 623
6170 623
6174 624
6178 624
6182 624
6186 625
6190 625
6194 626
6198 626
6202 626
6206 627
6210 627
6214 628
6218 628
6222 628
6226 629
6230 629
6234 630
6238 630
6242 631
6246 631
6250 631
6254 632
6258 632
6262 633
6266 633
6270 633
6274 634
6278 634
6282 635
6286 635
6290 635
6294 636
6298 636
6302 637
6306 637
6310 638
6314 638
6318 638
6322 639
6326 639
6330 640
6334 640
6338 640
6342 641
6346 641
6350 642
6354 642
6358 642
6362 643
6366 643
6370 644
6374 644
6378 644
6382 645
6386 645
6390 646
6394 646
6398 646
6402 647
6406 647
6410 648
6414 648
6418 648
6422 649
6426 649
6430 650
6434 650
6438 650
6442 651
6446 651
6450 652
6454 652
6458 652
6462 653
6466 653
6470 654
6474 654
6478 654
6482 655
6486 655
6490 656
6494 656
6498 656
6502 657
6506 657
6510 658
6514 658
6518 658
6522 659
6526 659
6530 660
6534 660
6538 660
6542 661
6546 661
6550 662
6554 662
6558 662
6562 663
6566 663
6570 664
6574 664
6578 664
6582 665
6586 665
6590 666
6594 666
6598 666
6602 667
6606 667
6610 668
6614 668
6618 668
6622 669
6626 669
6630 670
6634 670
6638 670
6642 671
6646 671
6650 672
6654 672
6658 673
6662 673
6666 673
6670 674
6674 674
6678 675
6682 675
6686 676
6690 676
6694 676
6698 677
6702 677
6706 678
6710 678
6714 678
6718 679
6722 679
6726 680
6730 680
6734 680
6738 681
6742 681
6746 682
6750 682
6754 682
6758 683
6762 683
6766 684
6770 684
6774 684
6778 685
6782 685
6786 686
6790 686
6794 686
6798 687
6802 687
6806 688
6810 688
6814 688
6818 689
6822 689
6826 690
6830 690
6834 690
6838 691
6842 691
6846 692
6850 692
6854 692
6858 693
6862 693
6866 694
6870 694
6874 694
6878 695
6882 695
6886 696
6890 696
6894 697
6898 697
6902 697
6906 698
6910 698
6914 699
6918 699
6922 700
6926 700
6930 700
6934 701
6938 701
6942 702
6946 702
6950 702
6954 703
6958 703
6962 704
6966 704
6970 704
6974 705
6978 705
6982 706
6986 706
6990 706
6994 707
6998 707
7002 708
7006 708
7010 708
7014 709
7018 709
7022 710
7026 710
7030 710
7034 711
7038 711
7042 712
7046 712
7050 712
7054 713
7058 713
7062 714
7066 714
7070 714
7074 715
7078 715
7082 716
7086 716
7090 716
7094 717
7098 717
7102 718
7106 718
7110 719
7114 719
7118 720
7122 720
7126 720
7130 721
7134 721
7138 722
7142 722
7146 722
7150 723
7154 723
7158 724
7162 724
7166 724
7170 725
7174 725
7178 726
7182 726
7186 726
7190 727
7194 727
7198 728
7202 728
7206 729
7210 729
7214 729
7218 730
7222 730
7226 731
7230 731
7234 731
7238 732
7242 732
7246 733
7250 733
7254 734
7258 734
7262 734
7266 735
7270 735
7274 736
7278 736
7282 736
7286 737
7290 737
7294 738
7298 738
7302 738
7306 739
7310 739
7314 740
7318 740
7322 740
7326 741
7330 741
7334 742
7338 742
7342 743
7346 743
7350 744
7354 744
7358 744
7362 745
7366 745
7370 746
7374 746
7378 746
7382 747
7386 747
7390 748
7394 748
7398 748
7402 749
7406 749
7410 750
7414 750
7418 751
7422 751
7426 752
7430 752
7434 752
7438 753
7442 753
7446 754
7450 754
7454 754
7458 755
7462 755
7466 756
7470 756
7474 756
7478 757
7482 757
7486 758
7490 758
7494 758
7498 759
7502 759
7506 760
7510 760
7514 760
7518 761
7522 761
7526 762
7530 762
7534 763
7538 763
7542 763
7546 764
7550 764
7554 765
7558 765
7562 766
7566 766
7570 766
7574 767
7578 767
7582 768
7586 768
7590 768
7594 769
7598 769
7602 770
7606 770
7610 771
7614 771
7618 771
7622 772
7626 772
7630 773
7634 773
7638 774
7642 774
7646 774
7650 775
7654 775
7658 776
7662 776
7666 776
7670 777
7674 777
7678 778
7682 778
7686 778
7690 779
7694 779
7698 780
7702 780
7706 781
7710 781
7714 781
7718 782
7722 782
7726 783
7730 783
7734 783
7738 784
7742 784
7746 785
7750 785
7754 786
7758 786
7762 786
7766 787
7770 787
7774 788
7778 788
7782 788
7786 789
7790 789
7794 790
7798 790
7802 790
7806 791
7810 791
7814 792
7818 792
7822 792
7826 793
7830 793
7834 794
7838 794
7842 795
7846 795
7850 796
7854 796
7858 796
7862 797
7866 797
7870 798
7874 798
7878 798
7882 799
7886 799
7890 800
7894 800
7898 800
7902 801
7906 801
7910 802
7914 802
7918 802
7922 803
7926 803
7930 804
7934 804
7938 804
7942 805
7946 805
7950 806
7954 806
7958 806
7962 807
7966 807
7970 808
7974 808
7978 809
7982 809
7986 810
7990 810
7994 810
7998 811
8002 811
8006 812
8010 812
8014 812
8018 813
8022 813
8026 814
8030 814
8034 814
8038 815
8042 815
8046 816
8050 816
8054 816
8058 817
8062 817
8066 818
8070 818
8074 819
8078 819
8082 820
8086 820
8090 820
8094 821
8098 821
8102 822
8106 822
8110 822
8114 823
8118 823
8122 824
8126 824
8130 824
8134 825
8138 825
8142 826
8146 826
8150 826
8154 827
8158 827
8162 828
8166 828
8170 828
8174 829
8178 829
8182 830
8186 830
8190 830
8194 831
8198 831
8202 832
8206 832
8210 832
8214 833
8218 833
8222 834
8226 834
8230 834
8234 835
8238 835
8242 836
8246 836
8250 836
8254 837
8258 837
8262 838
8266 838
8270 839
8274 839
8278 839
8282 840
8286 840
8290 841
8294 841
8298 842
8302 842
8306 842
8310 843
8314 843
8318 844
8322 844
8326 844
8330 845
8334 845
8338 846
8342 846
8346 846
8350 847
8354 847
8358 848
8362 848
8366 848
8370 849
8374 849
8378 850
8382 850
8386 850
8390 851
8394 851
8398 852
8402 852
8406 852
8410 853
8414 853
8418 854
8422 854
8426 854
8430 855
8434 855
8438 856
8442 856
8446 856
8450 857
8454 857
8458 858
8462 858
8466 858
8470 859
8474 859
8478 860
8482 860
8486 860
8490 861
8494 861
8498 862
8502 862
8506 863
8510 863
8514 863
8518 864
8522 864
8526 865
8530 865
8534 865
8538 866
8542 866
8546 867
8550 867
8554 867
8558 868
8562 868
8566 869
8570 869
8574 870
8578 870
8582 870
8586 871
8590 871
8594 872
8598 872
8602 872
8606 873
8610 873
8614 874
8618 874
8622 874
8626 875
8630 875
8634 876
8638 876
8642 876
8646 877
8650 877
8654 878
8658 878
8662 878
8666 879
8670 879
8674 880
8678 880
8682 880
8686 881
8690 881
8694 882
8698 882
8702 882
8706 883
8710 883
8714 884
8718 884
8722 884
8726 885
8730 885
8734 886
8738 886
8742 886
8746 887
8750 887
8754 888
8758 888
8762 888
8766 889
8770 889
8774 890
8778 890
8782 890
8786 891
8790 891
8794 892
8798 892
8802 892
8806 893
8810 893
8814 894
8818 894
8822 894
8826 895
8830 895
8834 896
8838 896
8842 896
8846 897
8850 897
8854 898
8858 898
8862 898
8866 899
8870 899
8874 900
8878 900
8882 900
8886 901
8890 901
8894 902
8898 902
8902 902
8906 903
8910 903
8914 904
8918 904
8922 904
8926 905
8930 905
8934 906
8938 906
8942 906
8946 907
8950 907
8954 908
8958 908
8962 909
8966 909
8970 909
8974 910
8978 910
8982 911
8986 911
8990 911
8994 912
8998 912
9002 913
9006 913
9010 913
9014 914
9018 914
9022 915
9026 915
9030 916
9034 916
9038 916
9042 917
9046 917
9050 918
9054 918
9058 918
9062 919
9066 919
9070 919
9074 920
9078 920
9082 921
9086 921
9090 921
9094 922
9098 922
9102 923
9106 923
9110 923
9114 924
9118 924
9122 925
9126 925
9130 925
9134 926
9138 926
9142 926
9146 927
9150 927
9154 928
9158 928
9162 928
9166 929
9170 929
9174 930
9178 930
9182 930
9186 931
9190 931
9194 932
9198 932
9202 932
9206 933
9210 933
9214 934
9218 934
9222 934
9226 935
9230 935
9234 936
9238 936
9242 936
9246 937
9250 937
9254 938
9258 938
9262 938
9266 939
9270 939
9274 940
9278 940
9282 940
9286 941
9290 941
9294 942
9298 942
9302 942
9306 943
9310 943
9314 944
9318 944
9322 944
9326 945
9330 945
9334 946
9338 946
9342 946
9346 947
9350 947
9354 948
9358 948
9362 948
9366 949
9370 949
9374 950
9378 950
9382 950
9386 951
9390 951
9394 952
9398 952
9402 952
9406 953
9410 953
9414 954
9418 954
9422 954
9426 955
9430 955
9434 956
9438 956
9442 956
9446 957
9450 957
9454 958
9458 958
9462 958
9466 959
9470 959
9474 960
9478 960
9482 960
9486 961
9490 961
9494 962
9498 962
9502 963
9506 963
9510 963
9514 964
9518 964
9522 964
9526 965
9530 965
9534 966
9538 966
9542 966
9546 967
9550 967
9554 968
9558 968
9562 969
9566 969
9570 969
9574 970
9578 970
9582 970
9586 971
9590 971
9594 972
9598 972
9602 972
9606 973
9610 973
9614 974
9618 974
9622 974
9626 975
9630 975
9634 976
9638 976
9642 977
9646 977
9650 977
9654 978
9658 978
9662 979
9666 979
9670 979
9674 980
9678 980
9682 980
9686 981
9690 981
9694 982
9698 982
9702 983
9706 983
9710 984
9714 984
9718 984
9722 985
9726 985
9730 986
9734 986
9738 986
9742 987
9746 987
9750 988
9754 988
9758 988
9762 989
9766 989
9770 990
9774 990
9778 990
9782 991
9786 991
9790 992
9794 992
9798 992
9802 993
9806 993
9810 994
9814 994
9818 994
9822 995
9826 995
9830 996
9834 996
9838 996
9842 997
9846 997
9850 998
9854 998
9858 998
9862 999
9866 999
9870 1000
9874 1000
9878 1000
9882 1001
9886 1001
9890 1002
9894 1002
9898 1002
9902 1003
9906 1003
9910 1004
9914 1004
9918 1004
9922 1005
9926 1005
9930 1006
9934 1006
9938 1007
9942 1007
9946 1007
9950 1008
9954 1008
9958 1009
9962 1009
9966 1009
9970 1010
9974 1010
9978 1011
9982 1011
9986 1011
9990 1012
9994 1012
9998 1013
10002 1013
10006 1014
10010 1014
10014 1014
10018 1015
10022 1015
10026 1016
10030 1016
10034 1016
10038 1017
10042 1017
10046 1018
10050 1018
10054 1018
10058 1019
10062 1019
10066 1020
10070 1020
10074 1020
10078 1021
10082 1021
10086 1022
10090 1022
10094 1022
10098 1023
10102 1023
10106 1024
10110 1024
10114 1024
10118 1025
10122 1025
10126 1026
10130 1026
10134 1026
10138 1027
10142 1027
10146 1028
10150 1028
10154 1028
10158 1029
10162 1029
10166 1030
10170 1030
10174 1030
10178 1031
10182 1031
10186 1032
10190 1032
10194 1032
10198 1033
10202 1033
10206 1034
10210 1034
10214 1034
10218 1035
10222 1035
10226 1036
10230 1036
10234 1036
10238 1037
10242 1037
10246 1038
10250 1038
10254 1038
10258 1039
10262 1039
10266 1040
10270 1040
10274 1040
10278 1041
10282 1041
10286 1042
10290 1042
10294 1042
10298 1043
10302 1043
10306 1044
10310 1044
10314 1044
10318 1045
10322 1045
10326 1046
10330 1046
10334 1046
10338 1047
10342 1047
10346 1048
10350 1048
10354 1048
10358 1049
10362 1049
10366 1050
10370 1050
10374 1050
10378 1051
10382 1051
10386 1052
10390 1052
10394 1052
10398 1053
10402 1053
10406 1054
10410 1054
10414 1054
10418 1055
10422 1055
10426 1056
10430 1056
10434 1056
10438 1057
10442 1057
10446 1058
10450 1058
10454 1059
10458 1059
10462 1060
10466 1060
10470 1060
10474 1061
10478 1061
10482 1062
10486 1062
10490 1062
10494 1063
10498 1063
10502 1064
10506 1064
10510 1064
10514 1065
10518 1065
10522 1066
10526 1066
10530 1066
10534 1067
10538 1067
10542 1068
10546 1068
10550 1068
10554 1069
10558 1069
10562 1070
10566 1070
10570 1070
10574 1071
10578 1071
10582 1072
10586 1072
10590 1072
10594 1073
10598 1073
10602 1074
10606 1074
10610 1075
10614 1075
10618 1075
10622 1076
10626 1076
10630 1077
10634 1077
10638 1077
10642 1078
10646 1078
10650 1079
10654 1079
10658 1080
10662 1080
10666 1080
10670 1081
10674 1081
10678 1082
10682 1082
10686 1082
10690 1083
10694 1083
10698 1084
10702 1084
10706 1084
10710 1085
10714 1085
10718 1086
10722 1086
10726 1086
10730 1087
10734 1087
10738 1088
10742 1088
10746 1089
10750 1089
10754 1089
10758 1090
10762 1090
10766 1091
10770 1091
10774 1092
10778 1092
10782 1092
10786 1093
10790 1093
10794 1094
10798 1094
10802 1094
10806 1095
10810 1095
10814 1096
10818 1096
10822 1096
10826 1097
10830 1097
10834 1098
10838 1098
10842 1098
10846 1099
10850 1099
10854 1100
10858 1100
10862 1100
10866 1101
10870 1101
10874 1102
10878 1102
10882 1103
10886 1103
10890 1104
10894 1104
10898 1104
10902 1105
10906 1105
10910 1106
10914 1106
10918 1106
10922 1107
10926 1107
10930 1108
10934 1108
10938 1108
10942 1109
10946 1109
10950 1110
10954 1110
10958 1110
10962 1111
10966 1111
10970 1112
10974 1112
10978 1112
10982 1113
10986 1113
10990 1114
10994 1114
10998 1114
11002 1115
11006 1115
11010 1116
11014 1116
11018 1117
11022 1117
11026 1117
11030 1118
11034 1118
11038 1119
11042 1119
11046 1120
11050 1120
11054 1120
11058 1121
11062 1121
11066 1122
11070 1122
11074 1122
11078 1123
11082 1123
11086 1124
11090 1124
11094 1124
11098 1125
11102 1125
11106 1126
11110 1126
11114 1127
11118 1127
11122 1127
11126 1128
11130 1128
11134 1129
11138 1129
11142 1130
11146 1130
11150 1130
11154 1131
11158 1131
11162 1132
11166 1132
11170 1132
11174 1133
11178 1133
11182 1134
11186 1134
11190 1135
11194 1135
11198 1135
11202 1136
11206 1136
11210 1137
11214 1137
11218 1137
11222 1138
11226 1138
11230 1139
11234 1139
11238 1140
11242 1140
11246 1140
11250 1141
11254 1141
11258 1142
11262 1142
11266 1142
11270 1143
11274 1143
11278 1144
11282 1144
11286 1144
11290 1145
11294 1145
11298 1146
11302 1146
11306 1147
11310 1147
11314 1147
11318 1148
11322 1148
11326 1149
11330 1149
11334 1150
11338 1150
11342 1150
11346 1151
11350 1151
11354 1152
11358 1152
11362 1152
11366 1153
11370 1153
11374 1154
11378 1154
11382 1154
11386 1155
11390 1155
11394 1156
11398 1156
11402 1157
11406 1157
11410 1157
11414 1158
11418 1158
11422 1159
11426 1159
11430 1159
11434 1160
11438 1160
11442 1161
11446 1161
11450 1162
11454 1162
11458 1162
11462 1163
11466 1163
11470 1164
11474 1164
11478 1164
11482 1165
11486 1165
11490 1166
11494 1166
11498 1166
11502 1167
11506 1167
11510 1168
11514 1168
11518 1168
11522 1169
11526 1169
11530 1170
11534 1170
11538 1170
11542 1171
11546 1171
11550 1172
11554 1172
11558 1172
11562 1173
11566 1173
11570 1174
11574 1174
11578 1174
11582 1175
11586 1175
11590 1176
11594 1176
11598 1177
11602 1177
11606 1178
11610 1178
11614 1178
11618 1179
11622 1179
11626 1180
11630 1180
11634 1180
11638 1181
11642 1181
11646 1182
11650 1182
11654 1182
11658 1183
11662 1183
11666 1184
11670 1184
11674 1184
11678 1185
11682 1185
11686 1186
11690 1186
11694 1186
11698 1187
11702 1187
11706 1188
11710 1188
11714 1188
11718 1189
11722 1189
11726 1190
11730 1190
11734 1190
11738 1191
11742 1191
11746 1192
11750 1192
11754 1192
11758 1193
11762 1193
11766 1194
11770 1194
11774 1195
11778 1195
11782 1195
11786 1196
11790 1196
11794 1197
11798 1197
11802 1198
11806 1198
11810 1198
11814 1199
11818 1199
11822 1200
11826 1200
11830 1200
11834 1201
11838 1201
11842 1202
11846 1202
11850 1202
11854 1203
11858 1203
11862 1204
11866 1204
11870 1204
11874 1205
11878 1205
11882 1206
11886 1206
11890 1206
11894 1207
11898 1207
11902 1208
11906 1208
11910 1209
11914 1209
11918 1209
11922 1210
11926 1210
11930 1211
11934 1211
11938 1211
11942 1212
11946 1212
11950 1213
11954 1213
11958 1213
11962 1214
11966 1214
11970 1215
11974 1215
11978 1216
11982 1216
11986 1216
11990 1217
11994 1217
11998 1218
12002 1218
12006 1218
12010 1219
12014 1219
12018 1220
12022 1220
12026 1220
12030 1221
12034 1221
12038 1222
12042 1222
12046 1222
12050 1223
12054 1223
12058 1224
12062 1224
12066 1224
12070 1225
12074 1225
12078 1226
12082 1226
12086 1226
12090 1227
12094 1227
12098 1228
12102 1228
12106 1228
12110 1229
12114 1229
12118 1230
12122 1230
12126 1230
12130 1231
12134 1231
12138 1232
12142 1232
12146 1232
12150 1233
12154 1233
12158 1234
12162 1234
12166 1234
12170 1235
12174 1235
12178 1236
12182 1236
12186 1236
12190 1237
12194 1237
12198 1238
12202 1238
12206 1238
12210 1239
12214 1239
12218 1240
12222 1240
12226 1240
12230 1241
12234 1241
12238 1242
12242 1242
12246 1242
12250 1243
12254 1243
12258 1244
12262 1244
12266 1244
12270 1245
12274 1245
12278 1246
12282 1246
12286 1246
12290 1247
12294 1247
12298 1248
12302 1248
12306 1248
12310 1249
12314 1249
12318 1250
12322 1250
12326 1250
12330 1251
12334 1251
12338 1252
12342 1252
12346 1252
12350 1253
12354 1253
12358 1254
12362 1254
12366 1254
12370 1255
12374 1255
12378 1256
12382 1256
12386 1256
12390 1257
12394 1257
12398 1258
12402 1258
12406 1258
12410 1259
12414 1259
12418 1260
12422 1260
12426 1260
12430 1261
12434 1261
12438 1262
12442 1262
12446 1262
12450 1263
12454 1263
12458 1264
12462 1264
12466 1264
12470 1265
12474 1265
12478 1266
12482 1266
12486 1266
12490 1267
12494 1267
12498 1268
12502 1268
12506 1268
12510 1269
12514 1269
12518 1270
12522 1270
12526 1270
12530 1271
12534 1271
12538 1272
12542 1272
12546 1272
12550 1273
12554 1273
12558 1274
12562 1274
12566 1274
12570 1275
12574 1275
12578 1276
12582 1276
12586 1277
12590 1277
12594 1277
12598 1278
12602 1278
12606 1279
12610 1279
12614 1279
12618 1280
12622 1280
12626 1280
12630 1281
12634 1281
12638 1282
12642 1282
12646 1282
12650 1283
12654 1283
12658 1284
12662 1284
12666 1284
12670 1285
12674 1285
12678 1286
12682 1286
12686 1286
12690 1287
12694 1287
12698 1288
12702 1288
12706 1288
12710 1289
12714 1289
12718 1290
12722 1290
12726 1290
12730 1291
12734 1291
12738 1292
12742 1292
12746 1292
12750 1293
12754 1293
12758 1294
12762 1294
12766 1294
12770 1295
12774 1295
12778 1296
12782 1296
12786 1296
12790 1297
12794 1297
12798 1298
12802 1298
12806 1298
12810 1299
12814 1299
12818 1300
12822 1300
12826 1300
12830 1301
12834 1301
12838 1302
12842 1302
12846 1302
12850 1303
12854 1303
12858 1303
12862 1304
12866 1304
12870 1305
12874 1305
12878 1305
12882 1306
12886 1306
12890 1307
12894 1307
12898 1307
12902 1308
12906 1308
12910 1308
12914 1309
12918 1309
12922 1310
12926 1310
12930 1310
12934 1311
12938 1311
12942 1312
12946 1312
12950 1312
12954 1313
12958 1313
12962 1314
12966 1314
12970 1314
12974 1315
12978 1315
12982 1316
12986 1316
12990 1316
12994 1317
12998 1317
13002 1318
13006 1318
13010 1318
13014 1319
13018 1319
13022 1320
13026 1320
13030 1320
13034 1321
13038 1321
13042 1322
13046 1322
13050 1323
13054 1323
13058 1323
13062 1324
13066 1324
13070 1325
13074 1325
13078 1325
13082 1326
13086 1326
13090 1327
13094 1327
13098 1327
13102 1328
13106 1328
13110 1329
13114 1329
13118 1330
13122 1330
13126 1330
13130 1331
13134 1331
13138 1331
13142 1332
13146 1332
13150 1333
13154 1333
13158 1333
13162 1334
13166 1334
13170 1335
13174 1335
13178 1336
13182 1336
13186 1336
13190 1337
13194 1337
13198 1338
13202 1338
13206 1338
13210 1339
13214 1339
13218 1340
13222 1340
13226 1340
13230 1341
13234 1341
13238 1342
13242 1342
13246 1342
13250 1343
13254 1343
13258 1344
13262 1344
13266 1344
13270 1345
13274 1345
13278 1346
13282 1346
13286 1346
13290 1347
13294 1347
13298 1348
13302 1348
13306 1348
13310 1349
13314 1349
13318 1350
13322 1350
13326 1350
13330 1351
13334 1351
13338 1352
13342 1352
13346 1352
13350 1353
13354 1353
13358 1354
13362 1354
13366 1354
13370 1355
13374 1355
13378 1356
13382 1356
13386 1356
13390 1357
13394 1357
13398 1358
13402 1358
13406 1358
13410 1359
13414 1359
13418 1360
13422 1360
13426 1360
13430 1361
13434 1361
13438 1362
13442 1362
13446 1362
13450 1363
13454 1363
13458 1364
13462 1364
13466 1364
13470 1365
13474 1365
13478 1366
13482 1366
13486 1367
13490 1367
13494 1367
13498 1368
13502 1368
13506 1369
13510 1369
13514 1369
13518 1370
13522 1370
13526 1371
13530 1371
13534 1371
13538 1372
13542 1372
13546 1373
13550 1373
13554 1374
13558 1374
13562 1374
13566 1375
13570 1375
13574 1376
13578 1376
13582 1376
13586 1377
13590 1377
13594 1378
13598 1378
13602 1378
13606 1379
13610 1379
13614 1380
13618 1380
13622 1380
13626 1381
13630 1381
13634 1382
13638 1382
13642 1382
13646 1383
13650 1383
13654 1384
13658 1384
13662 1384
13666 1385
13670 1385
13674 1386
13678 1386
13682 1386
13686 1387
13690 1387
13694 1388
13698 1388
13702 1388
13706 1389
13710 1389
13714 1390
13718 1390
13722 1390
13726 1391
13730 1391
13734 1392
13738 1392
13742 1392
13746 1393
13750 1393
13754 1394
13758 1394
13762 1394
13766 1395
13770 1395
13774 1396
13778 1396
13782 1396
13786 1397
13790 1397
13794 1398
13798 1398
13802 1398
13806 1399
13810 1399
13814 1400
13818 1400
13822 1400
13826 1401
13830 1401
13834 1402
13838 1402
13842 1402
13846 1403
13850 1403
13854 1404
13858 1404
13862 1405
13866 1405
13870 1405
13874 1406
13878 1406
13882 1406
13886 1407
13890 1407
13894 1408
13898 1408
13902 1408
13906 1409
13910 1409
13914 1410
13918 1410
13922 1411
13926 1411
13930 1411
13934 1412
13938 1412
13942 1413
13946 1413
13950 1413
13954 1414
13958 1414
13962 1415
13966 1415
13970 1415
13974 1416
13978 1416
13982 1417
13986 1417
13990 1418
13994 1418
13998 1418
14002 1419
14006 1419
14010 1420
14014 1420
14018 1420
14022 1421
14026 1421
14030 1422
14034 1422
14038 1422
14042 1423
14046 1423
14050 1424
14054 1424
14058 1424
14062 1425
14066 1425
14070 1426
14074 1426
14078 1426
14082 1427
14086 1427
14090 1428
14094 1428
14098 1428
14102 1429
14106 1429
14110 1430
14114 1430
14118 1430
14122 1431
14126 1431
14130 1432
14134 1432
14138 1432
14142 1433
14146 1433
14150 1434
14154 1434
14158 1435
14162 1435
14166 1435
14170 1436
14174 1436
14178 1436
14182 1437
14186 1437
14190 1438
14194 1438
14198 1439
14202 1439
14206 1439
14210 1440
14214 1440
14218 1441
14222 1441
14226 1442
14230 1442
14234 1442
14238 1443
14242 1443
14246 1444
14250 1444
14254 1444
14258 1445
14262 1445
14266 1446
14270 1446
14274 1446
14278 1447
14282 1447
14286 1448
14290 1448
14294 1448
14298 1449
14302 1449
14306 1450
14310 1450
14314 1450
14318 1451
14322 1451
14326 1452
14330 1452
14334 1452
14338 1453
14342 1453
14346 1454
14350 1454
14354 1455
14358 1455
14362 1456
14366 1456
14370 1456
14374 1457
14378 1457
14382 1458
14386 1458
14390 1458
14394 1459
14398 1459
14402 1460
14406 1460
14410 1460
14414 1461
14418 1461
14422 1462
14426 1462
14430 1463
14434 1463
14438 1463
14442 1464
14446 1464
14450 1465
14454 1465
14458 1466
14462 1466
14466 1466
14470 1467
14474 1467
14478 1468
14482 1468
14486 1468
14490 1469
14494 1469
14498 1470
14502 1470
14506 1470
14510 1471
14514 1471
14518 1472
14522 1472
14526 1473
14530 1473
14534 1473
14538 1474
14542 1474
14546 1475
14550 1475
14554 1475
14558 1476
14562 1476
14566 1477
14570 1477
14574 1478
14578 1478
14582 1478
14586 1479
14590 1479
14594 1480
14598 1480
14602 1480
14606 1481
14610 1481
14614 1482
14618 1482
14622 1482
14626 1483
14630 1483
14634 1484
14638 1484
14642 1484
14646 1485
14650 1485
14654 1486
14658 1486
14662 1487
14666 1487
14670 1488
14674 1488
14678 1488
14682 1489
14686 1489
14690 1490
14694 1490
14698 1490
14702 1491
14706 1491
14710 1492
14714 1492
14718 1492
14722 1493
14726 1493
14730 1494
14734 1494
14738 1494
14742 1495
14746 1495
14750 1496
14754 1496
14758 1496
14762 1497
14766 1497
14770 1498
14774 1498
14778 1499
14782 1499
14786 1499
14790 1500
14794 1500
14798 1501
14802 1501
14806 1502
14810 1502
14814 1502
14818 1503
14822 1503
14826 1504
14830 1504
14834 1504
14838 1505
14842 1505
14846 1506
14850 1506
14854 1506
14858 1507
14862 1507
14866 1508
14870 1508
14874 1508
14878 1509
14882 1509
14886 1510
14890 1510
14894 1511
14898 1511
14902 1511
14906 1512
14910 1512
14914 1513
14918 1513
14922 1514
14926 1514
14930 1514
14934 1515
14938 1515
14942 1516
14946 1516
14950 1516
14954 1517
14958 1517
14962 1518
14966 1518
14970 1518
14974 1519
14978 1519
14982 1520
14986 1520
14990 1520
14994 1521
14998 1521
15002 1522
15006 1522
15010 1523
15014 1523
15018 1524
15022 1524
15026 1524
15030 1525
15034 1525
15038 1526
15042 1526
15046 1526
15050 1527
15054 1527
15058 1528
15062 1528
15066 1528
15070 1529
15074 1529
15078 1530
15082 1530
15086 1530
15090 1531
15094 1531
15098 1532
15102 1532
15106 1532
15110 1533
15114 1533
15118 1534
15122 1534
15126 1534
15130 1535
15134 1535
15138 1536
15142 1536
15146 1537
15150 1537
15154 1537
15158 1538
15162 1538
15166 1539
15170 1539
15174 1540
15178 1540
15182 1540
15186 1541
15190 1541
15194 1542
15198 1542
15202 1542
15206 1543
15210 1543
15214 1544
15218 1544
15222 1544
15226 1545
15230 1545
15234 1546
15238 1546
15242 1546
15246 1547
15250 1547
15254 1548
15258 1548
15262 1548
15266 1549
15270 1549
15274 1550
15278 1550
15282 1550
15286 1551
15290 1551
15294 1552
15298 1552
15302 1552
15306 1553
15310 1553
15314 1554
15318 1554
15322 1554
15326 1555
15330 1555
15334 1556
15338 1556
15342 1556
15346 1557
15350 1557
15354 1558
15358 1558
15362 1559
15366 1559
15370 1559
15374 1560
15378 1560
15382 1561
15386 1561
15390 1562
15394 1562
15398 1562
15402 1563
15406 1563
15410 1564
15414 1564
15418 1564
15422 1565
15426 1565
15430 1566
15434 1566
15438 1566
15442 1567
15446 1567
15450 1568
15454 1568
15458 1568
15462 1569
15466 1569
15470 1570
15474 1570
15478 1570
15482 1571
15486 1571
15490 1572
15494 1572
15498 1572
15502 1573
15506 1573
15510 1574
15514 1574
15518 1574
15522 1575
15526 1575
15530 1576
15534 1576
15538 1576
15542 1577
15546 1577
15550 1578
15554 1578
15558 1578
15562 1579
15566 1579
15570 1580
15574 1580
15578 1580
15582 1581
15586 1581
15590 1582
15594 1582
15598 1582
15602 1583
15606 1583
15610 1584
15614 1584
15618 1584
15622 1585
15626 1585
15630 1586
15634 1586
15638 1586
15642 1587
15646 1587
15650 1588
15654 1588
15658 1588
15662 1589
15666 1589
15670 1590
15674 1590
15678 1591
15682 1591
15686 1591
15690 1592
15694 1592
15698 1593
15702 1593
15706 1593
15710 1594
15714 1594
15718 1594
15722 1595
15726 1595
15730 1596
15734 1596
15738 1596
15742 1597
15746 1597
15750 1598
15754 1598
15758 1599
15762 1599
15766 1599
15770 1600
15774 1600
15778 1601
15782 1601
15786 1601
15790 1602
15794 1602
15798 1603
15802 1603
15806 1603
15810 1604
15814 1604
15818 1605
15822 1605
15826 1606
15830 1606
15834 1606
15838 1607
15842 1607
15846 1608
15850 1608
15854 1608
15858 1609
15862 1609
15866 1610
15870 1610
15874 1610
15878 1611
15882 1611
15886 1612
15890 1612
15894 1612
15898 1613
15902 1613
15906 1614
15910 1614
15914 1614
15918 1615
15922 1615
15926 1616
15930 1616
15934 1616
15938 1617
15942 1617
15946 1618
15950 1618
15954 1618
15958 1619
15962 1619
15966 1620
15970 1620
15974 1620
15978 1621
15982 1621
15986 1622
15990 1622
15994 1622
15998 1623
16002 1623
16006 1624
16010 1624
16014 1624
16018 1625
16022 1625
16026 1626
16030 1626
16034 1626
16038 1627
16042 1627
16046 1628
16050 1628
16054 1628
16058 1629
16062 1629
16066 1630
16070 1630
16074 1630
16078 1631
16082 1631
16086 1632
16090 1632
16094 1632
16098 1633
16102 1633
16106 1634
16110 1634
16114 1634
16118 1635
16122 1635
16126 1636
16130 1636
16134 1636
16138 1637
16142 1637
16146 1638
16150 1638
16154 1638
16158 1639
16162 1639
16166 1640
16170 1640
16174 1640
16178 1641
16182 1641
16186 1642
16190 1642
16194 1642
16198 1643
16202 1643
16206 1644
16210 1644
16214 1644
16218 1645
16222 1645
16226 1646
16230 1646
16234 1646
16238 1647
16242 1647
16246 1647
16250 1648
16254 1648
16258 1649
16262 1649
16266 1650
16270 1650
16274 1650
16278 1651
16282 1651
16286 1652
16290 1652
16294 1652
16298 1653
16302 1653
16306 1654
16310 1654
16314 1654
16318 1655
16322 1655
16326 1655
16330 1656
16334 1656
16338 1657
16342 1657
16346 1658
16350 1658
16354 1658
16358 1659
16362 1659
16366 1660
16370 1660
16374 1660
16378 1661
16382 1661
16386 1661
16390 1662
16394 1662
16398 1663
16402 1663
16406 1663
16410 1664
16414 1664
16418 1665
16422 1665
16426 1665
16430 1666
16434 1666
16438 1667
16442 1667
16446 1667
16450 1668
16454 1668
16458 1669
16462 1669
16466 1669
16470 1670
16474 1670
16478 1670
16482 1671
16486 1671
16490 1672
16494 1672
16498 1672
16502 1673
16506 1673
16510 1674
16514 1674
16518 1674
16522 1675
16526 1675
16530 1676
16534 1676
16538 1676
16542 1677
16546 1677
16550 1678
16554 1678
16558 1678
16562 1679
16566 1679
16570 1680
16574 1680
16578 1680
16582 1681
16586 1681
16590 1682
16594 1682
16598 1682
16602 1683
16606 1683
16610 1684
16614 1684
16618 1684
16622 1685
16626 1685
16630 1686
16634 1686
16638 1686
16642 1687
16646 1687
16650 1688
16654 1688
16658 1689
16662 1689
16666 1689
16670 1690
16674 1690
16678 1691
16682 1691
16686 1691
16690 1692
16694 1692
16698 1692
16702 1693
16706 1693
16710 1694
16714 1694
16718 1694
16722 1695
16726 1695
16730 1696
16734 1696
16738 1697
16742 1697
16746 1697
16750 1698
16754 1698
16758 1699
16762 1699
16766 1699
16770 1700
16774 1700
16778 1701
16782 1701
16786 1701
16790 1702
16794 1702
16798 1703
16802 1703
16806 1704
16810 1704
16814 1704
16818 1705
16822 1705
16826 1706
16830 1706
16834 1706
16838 1707
16842 1707
16846 1708
16850 1708
16854 1708
16858 1709
16862 1709
16866 1710
16870 1710
16874 1710
16878 1711
16882 1711
16886 1712
16890 1712
16894 1712
16898 1713
16902 1713
16906 1714
16910 1714
16914 1714
16918 1715
16922 1715
16926 1716
16930 1716
16934 1716
16938 1717
16942 1717
16946 1718
16950 1718
16954 1718
16958 1719
16962 1719
16966 1720
16970 1720
16974 1720
16978 1721
16982 1721
16986 1722
16990 1722
16994 1722
16998 1723
17002 1723
17006 1724
17010 1724
17014 1724
17018 1725
17022 1725
17026 1726
17030 1726
17034 1726
17038 1727
17042 1727
17046 1728
17050 1728
17054 1728
17058 1729
17062 1729
17066 1730
17070 1730
17074 1731
17078 1731
17082 1731
17086 1732
17090 1732
17094 1733
17098 1733
17102 1733
17106 1734
17110 1734
17114 1735
17118 1735
17122 1736
17126 1736
17130 1736
17134 1737
17138 1737
17142 1737
17146 1738
17150 1738
17154 1739
17158 1739
17162 1740
17166 1740
17170 1740
17174 1741
17178 1741
17182 1742
17186 1742
17190 1742
17194 1743
17198 1743
17202 1744
17206 1744
17210 1744
17214 1745
17218 1745
17222 1746
17226 1746
17230 1746
17234 1747
17238 1747
17242 1748
17246 1748
17250 1748
17254 1749
17258 1749
17262 1750
17266 1750
17270 1750
17274 1751
17278 1751
17282 1752
17286 1752
17290 1752
17294 1753
17298 1753
17302 1754
17306 1754
17310 1754
17314 1755
17318 1755
17322 1756
17326 1756
17330 1756
17334 1757
17338 1757
17342 1758
17346 1758
17350 1758
17354 1759
17358 1759
17362 1760
17366 1760
17370 1760
17374 1761
17378 1761
17382 1762
17386 1762
17390 1762
17394 1763
17398 1763
17402 1764
17406 1764
17410 1764
17414 1765
17418 1765
17422 1766
17426 1766
17430 1766
17434 1767
17438 1767
17442 1768
17446 1768
17450 1768
17454 1769
17458 1769
17462 1770
17466 1770
17470 1770
17474 1771
17478 1771
17482 1772
17486 1772
17490 1772
17494 1773
17498 1773
17502 1774
17506 1774
17510 1774
17514 1775
17518 1775
17522 1776
17526 1776
17530 1776
17534 1777
17538 1777
17542 1778
17546 1778
17550 1779
17554 1779
17558 1779
17562 1780
17566 1780
17570 1781
17574 1781
17578 1781
17582 1782
17586 1782
17590 1783
17594 1783
17598 1783
17602 1784
17606 1784
17610 1785
17614 1785
17618 1786
17622 1786
17626 1786
17630 1787
17634 1787
17638 1788
17642 1788
17646 1788
17650 1789
17654 1789
17658 1790
17662 1790
17666 1790
17670 1791
17674 1791
17678 1792
17682 1792
17686 1792
17690 1793
17694 1793
17698 1794
17702 1794
17706 1795
17710 1795
17714 1795
17718 1796
17722 1796
17726 1797
17730 1797
17734 1797
17738 1798
17742 1798
17746 1799
17750 1799
17754 1800
17758 1800
17762 1800
17766 1801
17770 1801
17774 1802
17778 1802
17782 1802
17786 1803
17790 1803
17794 1804
17798 1804
17802 1804
17806 1805
17810 1805
17814 1806
17818 1806
17822 1806
17826 1807
17830 1807
17834 1808
17838 1808
17842 1808
17846 1809
17850 1809
17854 1810
17858 1810
17862 1810
17866 1811
17870 1811
17874 1812
17878 1812
17882 1812
17886 1813
17890 1813
17894 1814
17898 1814
17902 1815
17906 1815
17910 1815
17914 1816
17918 1816
17922 1817
17926 1817
17930 1818
17934 1818
17938 1818
17942 1819
17946 1819
17950 1820
17954 1820
17958 1820
17962 1821
17966 1821
17970 1822
17974 1822
17978 1822
17982 1823
17986 1823
17990 1824
17994 1824
17998 1825
18002 1825
18006 1825
18010 1826
18014 1826
18018 1827
18022 1827
18026 1828
18030 1828
18034 1828
18038 1829
18042 1829
18046 1830
18050 1830
18054 1830
18058 1831
18062 1831
18066 1832
18070 1832
18074 1832
18078 1833
18082 1833
18086 1834
18090 1834
18094 1834
18098 1835
18102 1835
18106 1836
18110 1836
18114 1837
18118 1837
18122 1837
18126 1838
18130 1838
18134 1839
18138 1839
18142 1840
18146 1840
18150 1840
18154 1841
18158 1841
18162 1842
18166 1842
18170 1842
18174 1843
18178 1843
18182 1844
18186 1844
18190 1844
18194 1845
18198 1845
18202 1846
18206 1846
18210 1847
18214 1847
18218 1847
18222 1848
18226 1848
18230 1849
18234 1849
18238 1850
18242 1850
18246 1850
18250 1851
18254 1851
18258 1852
18262 1852
18266 1852
18270 1853
18274 1853
18278 1854
18282 1854
18286 1854
18290 1855
18294 1855
18298 1856
18302 1856
18306 1857
18310 1857
18314 1857
18318 1858
18322 1858
18326 1859
18330 1859
18334 1860
18338 1860
18342 1860
18346 1861
18350 1861
18354 1862
18358 1862
18362 1862
18366 1863
18370 1863
18374 1864
18378 1864
18382 1864
18386 1865
18390 1865
18394 1866
18398 1866
18402 1866
18406 1867
18410 1867
18414 1868
18418 1868
18422 1869
18426 1869
18430 1869
18434 1870
18438 1870
18442 1871
18446 1871
18450 1872
18454 1872
18458 1872
18462 1873
18466 1873
18470 1874
18474 1874
18478 1874
18482 1875
18486 1875
18490 1876
18494 1876
18498 1876
18502 1877
18506 1877
18510 1878
18514 1878
18518 1878
18522 1879
18526 1879
18530 1880
18534 1880
18538 1881
18542 1881
18546 1881
18550 1882
18554 1882
18558 1883
18562 1883
18566 1884
18570 1884
18574 1884
18578 1885
18582 1885
18586 1886
18590 1886
18594 1886
18598 1887
18602 1887
18606 1888
18610 1888
18614 1888
18618 1889
18622 1889
18626 1890
18630 1890
18634 1890
18638 1891
18642 1891
18646 1892
18650 1892
18654 1892
18658 1893
18662 1893
18666 1894
18670 1894
18674 1894
18678 1895
18682 1895
18686 1896
18690 1896
18694 1896
18698 1897
18702 1897
18706 1898
18710 1898
18714 1899
18718 1899
18722 1900
18726 1900
18730 1900
18734 1901
18738 1901
18742 1902
18746 1902
18750 1902
18754 1903
18758 1903
18762 1904
18766 1904
18770 1904
18774 1905
18778 1905
18782 1906
18786 1906
18790 1906
18794 1907
18798 1907
18802 1908
18806 1908
18810 1908
18814 1909
18818 1909
18822 1910
18826 1910
18830 1910
18834 1911
18838 1911
18842 1912
18846 1912
18850 1912
18854 1913
18858 1913
18862 1914
18866 1914
18870 1914
18874 1915
18878 1915
18882 1916
18886 1916
18890 1916
18894 1917
18898 1917
18902 1918
18906 1918
18910 1919
18914 1919
18918 1920
18922 1920
18926 1920
18930 1921
18934 1921
18938 1922
18942 1922
18946 1922
18950 1923
18954 1923
18958 1924
18962 1924
18966 1924
18970 1925
18974 1925
18978 1926
18982 1926
18986 1926
18990 1927
18994 1927
18998 1928
19002 1928
19006 1928
19010 1929
19014 1929
19018 1930
19022 1930
19026 1930
19030 1931
19034 1931
19038 1932
19042 1932
19046 1932
19050 1933
19054 1933
19058 1934
19062 1934
19066 1935
19070 1935
19074 1935
19078 1936
19082 1936
19086 1937
19090 1937
19094 1937
19098 1938
19102 1938
19106 1939
19110 1939
19114 1939
19118 1940
19122 1940
19126 1941
19130 1941
19134 1941
19138 1942
19142 1942
19146 1943
19150 1943
19154 1943
19158 1944
19162 1944
19166 1945
19170 1945
19174 1945
19178 1946
19182 1946
19186 1947
19190 1947
19194 1947
19198 1948
19202 1948
19206 1949
19210 1949
19214 1949
19218 1950
19222 1950
19226 1951
19230 1951
19234 1951
19238 1952
19242 1952
19246 1953
19250 1953
19254 1953
19258 1954
19262 1954
19266 1954
19270 1955
19274 1955
19278 1956
19282 1956
19286 1956
19290 1957
19294 1957
19298 1958
19302 1958
19306 1958
19310 1959
19314 1959
19318 1960
19322 1960
19326 1960
19330 1961
19334 1961
19338 1962
19342 1962
19346 1962
19350 1963
19354 1963
19358 1964
19362 1964
19366 1964
19370 1965
19374 1965
19378 1966
19382 1966
19386 1967
19390 1967
19394 1967
19398 1968
19402 1968
19406 1969
19410 1969
19414 1969
19418 1970
19422 1970
19426 1971
19430 1971
19434 1971
19438 1972
19442 1972
19446 1973
19450 1973
19454 1974
19458 1974
19462 1974
19466 1975
19470 1975
19474 1976
19478 1976
19482 1976
19486 1977
19490 1977
19494 1977
19498 1978
19502 1978
19506 1979
19510 1979
19514 1980
19518 1980
19522 1980
19526 1981
19530 1981
19534 1982
19538 1982
19542 1982
19546 1983
19550 1983
19554 1984
19558 1984
19562 1984
19566 1985
19570 1985
19574 1986
19578 1986
19582 1986
19586 1987
19590 1987
19594 1988
19598 1988
19602 1988
19606 1989
19610 1989
19614 1990
19618 1990
19622 1990
19626 1991
19630 1991
19634 1992
19638 1992
19642 1992
19646 1993
19650 1993
19654 1994
19658 1994
19662 1994
19666 1995
19670 1995
19674 1996
19678 1996
19682 1996
19686 1997
19690 1997
19694 1998
19698 1998
19702 1998
19706 1999
19710 1999
19714 2000
19718 2000
19722 2000
19726 2001
19730 2001
19734 2002
19738 2002
19742 2002
19746 2003
19750 2003
19754 2004
19758 2004
19762 2004
19766 2005
19770 2005
19774 2006
19778 2006
19782 2006
19786 2007
19790 2007
19794 2007
19798 2008
19802 2008
19806 2009
19810 2009
19814 2009
19818 2010
19822 2010
19826 2011
19830 2011
19834 2011
19838 2012
19842 2012
19846 2013
19850 2013
19854 2013
19858 2014
19862 2014
19866 2014
19870 2015
19874 2015
19878 2016
19882 2016
19886 2017
19890 2017
19894 2017
19898 2018
19902 2018
19906 2019
19910 2019
19914 2019
19918 2020
19922 2020
19926 2020
19930 2021
19934 2021
19938 2022
19942 2022
19946 2022
19950 2023
19954 2023
19958 2024
19962 2024
19966 2024
19970 2025
19974 2025
19978 2026
19982 2026
19986 2026
19990 2027
19994 2027
19998 2028
20002 2028
20006 2028
20010 2029
20014 2029
20018 2030
20022 2030
20026 2030
20030 2031
20034 2031
20038 2032
20042 2032
20046 2032
20050 2033
20054 2033
20058 2034
20062 2034
20066 2034
20070 2035
20074 2035
20078 2036
20082 2036
20086 2036
20090 2037
20094 2037
20098 2038
20102 2038
20106 2038
20110 2039
20114 2039
20118 2040
20122 2040
20126 2040
20130 2041
20134 2041
20138 2042
20142 2042
20146 2042
20150 2043
20154 2043
20158 2044
20162 2044
20166 2044
20170 2045
20174 2045
20178 2046
20182 2046
20186 2046
20190 2047
20194 2047
20198 2048
20202 2048
20206 2048
20210 2049
20214 2049
20218 2050
20222 2050
20226 2050
20230 2051
20234 2051
20238 2052
20242 2052
20246 2052
20250 2053
20254 2053
20258 2054
20262 2054
20266 2054
20270 2055
20274 2055
20278 2056
20282 2056
20286 2057
20290 2057
20294 2057
20298 2058
20302 2058
20306 2059
20310 2059
20314 2059
20318 2060
20322 2060
20326 2061
20330 2061
20334 2062
20338 2062
20342 2062
20346 2063
20350 2063
20354 2064
20358 2064
20362 2064
20366 2065
20370 2065
20374 2066
20378 2066
20382 2066
20386 2067
20390 2067
20394 2068
20398 2068
20402 2068
20406 2069
20410 2069
20414 2070
20418 2070
20422 2070
20426 2071
20430 2071
20434 2072
20438 2072
20442 2072
20446 2073
20450 2073
20454 2074
20458 2074
20462 2074
20466 2075
20470 2075
20474 2076
20478 2076
20482 2076
20486 2077
20490 2077
20494 2078
20498 2078
20502 2078
20506 2079
20510 2079
20514 2080
20518 2080
20522 2080
20526 2081
20530 2081
20534 2082
20538 2082
20542 2082
20546 2083
20550 2083
20554 2084
20558 2084
20562 2084
20566 2085
20570 2085
20574 2086
20578 2086
20582 2086
20586 2087
20590 2087
20594 2088
20598 2088
20602 2088
20606 2089
20610 2089
20614 2090
20618 2090
20622 2090
20626 2091
20630 2091
20634 2092
20638 2092
20642 2092
20646 2093
20650 2093
20654 2094
20658 2094
20662 2095
20666 2095
20670 2095
20674 2096
20678 2096
20682 2096
20686 2097
20690 2097
20694 2098
20698 2098
20702 2099
20706 2099
20710 2099
20714 2100
20718 2100
20722 2101
20726 2101
20730 2101
20734 2102
20738 2102
20742 2103
20746 2103
20750 2103
20754 2104
20758 2104
20762 2105
20766 2105
20770 2105
20774 2106
20778 2106
20782 2107
20786 2107
20790 2108
20794 2108
20798 2108
20802 2109
20806 2109
20810 2110
20814 2110
20818 2110
20822 2111
20826 2111
20830 2112
20834 2112
20838 2112
20842 2113
20846 2113
20850 2114
20854 2114
20858 2114
20862 2115
20866 2115
20870 2116
20874 2116
20878 2116
20882 2117
20886 2117
20890 2118
20894 2118
20898 2118
20902 2119
20906 2119
20910 2120
20914 2120
20918 2120
20922 2121
20926 2121
20930 2122
20934 2122
20938 2122
20942 2123
20946 2123
20950 2124
20954 2124
20958 2124
20962 2125
20966 2125
20970 2126
20974 2126
20978 2126
20982 2127
20986 2127
20990 2128
20994 2128
20998 2128
21002 2129
21006 2129
21010 2130
21014 2130
21018 2130
21022 2131
21026 2131
21030 2132
21034 2132
21038 2132
21042 2133
21046 2133
21050 2134
21054 2134
21058 2134
21062 2135
21066 2135
21070 2136
21074 2136
21078 2136
21082 2137
21086 2137
21090 2138
21094 2138
21098 2139
21102 2139
21106 2139
21110 2140
21114 2140
21118 2141
21122 2141
21126 2141
21130 2142
21134 2142
21138 2143
21142 2143
21146 2144
21150 2144
21154 2144
21158 2145
21162 2145
21166 2146
21170 2146
21174 2146
21178 2147
21182 2147
21186 2148
21190 2148
21194 2148
21198 2149
21202 2149
21206 2150
21210 2150
21214 2150
21218 2151
21222 2151
21226 2152
21230 2152
21234 2152
21238 2153
21242 2153
21246 2154
21250 2154
21254 2154
21258 2155
21262 2155
21266 2156
21270 2156
21274 2156
21278 2157
21282 2157
21286 2158
21290 2158
21294 2158
21298 2159
21302 2159
21306 2160
21310 2160
21314 2161
21318 2161
21322 2162
21326 2162
21330 2162
21334 2163
21338 2163
21342 2164
21346 2164
21350 2164
21354 2165
21358 2165
21362 2166
21366 2166
21370 2166
21374 2167
21378 2167
21382 2168
21386 2168
21390 2168
21394 2169
21398 2169
21402 2170
21406 2170
21410 2170
21414 2171
21418 2171
21422 2172
21426 2172
21430 2172
21434 2173
21438 2173
21442 2174
21446 2174
21450 2175
21454 2175
21458 2175
21462 2176
21466 2176
21470 2177
21474 2177
21478 2178
21482 2178
21486 2178
21490 2179
21494 2179
21498 2180
21502 2180
21506 2180
21510 2181
21514 2181
21518 2182
21522 2182
21526 2182
21530 2183
21534 2183
21538 2184
21542 2184
21546 2185
21550 2185
21554 2185
21558 2186
21562 2186
21566 2187
21570 2187
21574 2188
21578 2188
21582 2188
21586 2189
21590 2189
21594 2190
21598 2190
21602 2190
21606 2191
21610 2191
21614 2192
21618 2192
21622 2192
21626 2193
21630 2193
21634 2194
21638 2194
21642 2194
21646 2195
21650 2195
21654 2196
21658 2196
21662 2197
21666 2197
21670 2197
21674 2198
21678 2198
21682 2199
21686 2199
21690 2200
21694 2200
21698 2200
21702 2201
21706 2201
21710 2202
21714 2202
21718 2202
21722 2203
21726 2203
21730 2204
21734 2204
21738 2204
21742 2205
21746 2205
21750 2206
21754 2206
21758 2207
21762 2207
21766 2207
21770 2208
21774 2208
21778 2209
21782 2209
21786 2209
21790 2210
21794 2210
21798 2211
21802 2211
21806 2212
21810 2212
21814 2212
21818 2213
21822 2213
21826 2214
21830 2214
21834 2214
21838 2215
21842 2215
21846 2216
21850 2216
21854 2216
21858 2217
21862 2217
21866 2218
21870 2218
21874 2218
21878 2219
21882 2219
21886 2220
21890 2220
21894 2221
21898 2221
21902 2221
21906 2222
21910 2222
21914 2223
21918 2223
21922 2223
21926 2224
21930 2224
21934 2225
21938 2225
21942 2226
21946 2226
21950 2226
21954 2227
21958 2227
21962 2228
21966 2228
21970 2228
21974 2229
21978 2229
21982 2230
21986 2230
21990 2230
21994 2231
21998 2231
22002 2232
22006 2232
22010 2233
22014 2233
22018 2233
22022 2234
22026 2234
22030 2235
22034 2235
22038 2236
22042 2236
22046 2236
22050 2237
22054 2237
22058 2238
22062 2238
22066 2238
22070 2239
22074 2239
22078 2240
22082 2240
22086 2240
22090 2241
22094 2241
22098 2242
22102 2242
22106 2243
22110 2243
22114 2243
22118 2244
22122 2244
22126 2245
22130 2245
22134 2246
22138 2246
22142 2246
22146 2247
22150 2247
22154 2248
22158 2248
22162 2248
22166 2249
22170 2249
22174 2250
22178 2250
22182 2250
22186 2251
22190 2251
22194 2252
22198 2252
22202 2252
22206 2253
22210 2253
22214 2254
22218 2254
22222 2254
22226 2255
22230 2255
22234 2256
22238 2256
22242 2257
22246 2257
22250 2257
22254 2258
22258 2258
22262 2259
22266 2259
22270 2260
22274 2260
22278 2260
22282 2261
22286 2261
22290 2262
22294 2262
22298 2262
22302 2263
22306 2263
22310 2264
22314 2264
22318 2264
22322 2265
22326 2265
22330 2266
22334 2266
22338 2266
22342 2267
22346 2267
22350 2268
22354 2268
22358 2268
22362 2269
22366 2269
22370 2270
22374 2270
22378 2270
22382 2271
22386 2271
22390 2272
22394 2272
22398 2272
22402 2273
22406 2273
22410 2274
22414 2274
22418 2274
22422 2275
22426 2275
22430 2276
22434 2276
22438 2276
22442 2277
22446 2277
22450 2278
22454 2278
22458 2278
22462 2279
22466 2279
22470 2280
22474 2280
22478 2281
22482 2281
22486 2281
22490 2282
22494 2282
22498 2283
22502 2283
22506 2283
22510 2284
22514 2284
22518 2285
22522 2285
22526 2285
22530 2286
22534 2286
22538 2287
22542 2287
22546 2288
22550 2288
22554 2288
22558 2289
22562 2289
22566 2290
22570 2290
22574 2290
22578 2291
22582 2291
22586 2292
22590 2292
22594 2292
22598 2293
22602 2293
22606 2294
22610 2294
22614 2294
22618 2295
22622 2295
22626 2296
22630 2296
22634 2296
22638 2297
22642 2297
22646 2298
22650 2298
22654 2298
22658 2299
22662 2299
22666 2300
22670 2300
22674 2300
22678 2301
22682 2301
22686 2302
22690 2302
22694 2302
22698 2303
22702 2303
22706 2304
22710 2304
22714 2304
22718 2305
22722 2305
22726 2306
22730 2306
22734 2306
22738 2307
22742 2307
22746 2308
22750 2308
22754 2308
22758 2309
22762 2309
22766 2310
22770 2310
22774 2310
22778 2311
22782 2311
22786 2312
22790 2312
22794 2312
22798 2313
22802 2313
22806 2314
22810 2314
22814 2314
22818 2315
22822 2315
22826 2316
22830 2316
22834 2316
22838 2317
22842 2317
22846 2318
22850 2318
22854 2318
22858 2319
22862 2319
22866 2320
22870 2320
22874 2320
22878 2321
22882 2321
22886 2322
22890 2322
22894 2322
22898 2323
22902 2323
22906 2324
22910 2324
22914 2324
22918 2325
22922 2325
22926 2326
22930 2326
22934 2327
22938 2327
22942 2327
22946 2328
22950 2328
22954 2329
22958 2329
22962 2329
22966 2330
22970 2330
22974 2331
22978 2331
22982 2331
22986 2332
22990 2332
22994 2333
22998 2333
23002 2334
23006 2334
23010 2334
23014 2335
23018 2335
23022 2336
23026 2336
23030 2336
23034 2337
23038 2337
23042 2337
23046 2338
23050 2338
23054 2339
23058 2339
23062 2339
23066 2340
23070 2340
23074 2341
23078 2341
23082 2342
23086 2342
23090 2342
23094 2343
23098 2343
23102 2343
23106 2344
23110 2344
23114 2345
23118 2345
23122 2345
23126 2346
23130 2346
23134 2347
23138 2347
23142 2347
23146 2348
23150 2348
23154 2349
23158 2349
23162 2350
23166 2350
23170 2350
23174 2351
23178 2351
23182 2351
23186 2352
23190 2352
23194 2353
23198 2353
23202 2353
23206 2354
23210 2354
23214 2355
23218 2355
23222 2356
23226 2356
23230 2356
23234 2357
23238 2357
23242 2358
23246 2358
23250 2358
23254 2359
23258 2359
23262 2359
23266 2360
23270 2360
23274 2361
23278 2361
23282 2361
23286 2362
23290 2362
23294 2363
23298 2363
23302 2363
23306 2364
23310 2364
23314 2365
23318 2365
23322 2365
23326 2366
23330 2366
23334 2366
23338 2367
23342 2367
23346 2368
23350 2368
23354 2368
23358 2369
23362 2369
23366 2370
23370 2370
23374 2370
23378 2371
23382 2371
23386 2372
23390 2372
23394 2372
23398 2373
23402 2373
23406 2374
23410 2374
23414 2374
23418 2375
23422 2375
23426 2376
23430 2376
23434 2376
23438 2377
23442 2377
23446 2378
23450 2378
23454 2378
23458 2379
23462 2379
23466 2380
23470 2380
23474 2380
23478 2381
23482 2381
23486 2382
23490 2382
23494 2382
23498 2383
23502 2383
23506 2384
23510 2384
23514 2384
23518 2385
23522 2385
23526 2386
23530 2386
23534 2386
23538 2387
23542 2387
23546 2388
23550 2388
23554 2388
23558 2389
23562 2389
23566 2390
23570 2390
23574 2390
23578 2391
23582 2391
23586 2392
23590 2392
23594 2392
23598 2393
23602 2393
23606 2394
23610 2394
23614 2394
23618 2395
23622 2395
23626 2396
23630 2396
23634 2396
23638 2397
23642 2397
23646 2398
23650 2398
23654 2398
23658 2399
23662 2399
23666 2400
23670 2400
23674 2400
23678 2401
23682 2401
23686 2402
23690 2402
23694 2402
23698 2403
23702 2403
23706 2404
23710 2404
23714 2404
23718 2405
23722 2405
23726 2406
23730 2406
23734 2406
23738 2407
23742 2407
23746 2408
23750 2408
23754 2408
23758 2409
23762 2409
23766 2410
23770 2410
23774 2410
23778 2411
23782 2411
23786 2412
23790 2412
23794 2412
23798 2413
23802 2413
23806 2414
23810 2414
23814 2414
23818 2415
23822 2415
23826 2416
23830 2416
23834 2416
23838 2417
23842 2417
23846 2418
23850 2418
23854 2418
23858 2419
23862 2419
23866 2420
23870 2420
23874 2420
23878 2421
23882 2421
23886 2422
23890 2422
23894 2422
23898 2423
23902 2423
23906 2424
23910 2424
23914 2424
23918 2425
23922 2425
23926 2426
23930 2426
23934 2426
23938 2427
23942 2427
23946 2428
23950 2428
23954 2428
23958 2429
23962 2429
23966 2430
23970 2430
23974 2431
23978 2431
23982 2431
23986 2432
23990 2432
23994 2433
23998 2433
24002 2433
24006 2434
24010 2434
24014 2435
24018 2435
24022 2435
24026 2436
24030 2436
24034 2437
24038 2437
24042 2438
24046 2438
24050 2438
24054 2439
24058 2439
24062 2440
24066 2440
24070 2440
24074 2441
24078 2441
24082 2442
24086 2442
24090 2442
24094 2443
24098 2443
24102 2444
24106 2444
24110 2444
24114 2445
24118 2445
24122 2446
24126 2446
24130 2446
24134 2447
24138 2447
24142 2448
24146 2448
24150 2448
24154 2449
24158 2449
24162 2450
24166 2450
24170 2450
24174 2451
24178 2451
24182 2452
24186 2452
24190 2452
24194 2453
24198 2453
24202 2454
24206 2454
24210 2454
24214 2455
24218 2455
24222 2456
24226 2456
24230 2456
24234 2457
24238 2457
24242 2458
24246 2458
24250 2458
24254 2459
24258 2459
24262 2460
24266 2460
24270 2460
24274 2461
24278 2461
24282 2462
24286 2462
24290 2462
24294 2463
24298 2463
24302 2464
24306 2464
24310 2464
24314 2465
24318 2465
24322 2466
24326 2466
24330 2466
24334 2467
24338 2467
24342 2468
24346 2468
24350 2468
24354 2469
24358 2469
24362 2470
24366 2470
24370 2470
24374 2471
24378 2471
24382 2472
24386 2472
24390 2472
24394 2473
24398 2473
24402 2474
24406 2474
24410 2474
24414 2475
24418 2475
24422 2476
24426 2476
24430 2477
24434 2477
24438 2477
24442 2478
24446 2478
24450 2478
24454 2479
24458 2479
24462 2480
24466 2480
24470 2480
24474 2481
24478 2481
24482 2482
24486 2482
24490 2482
24494 2483
24498 2483
24502 2484
24506 2484
24510 2485
24514 2485
24518 2485
24522 2486
24526 2486
24530 2486
24534 2487
24538 2487
24542 2488
24546 2488
24550 2488
24554 2489
24558 2489
24562 2490
24566 2490
24570 2491
24574 2491
24578 2491
24582 2492
24586 2492
24590 2493
24594 2493
24598 2493
24602 2494
24606 2494
24610 2495
24614 2495
24618 2495
24622 2496
24626 2496
24630 2497
24634 2497
24638 2498
24642 2498
24646 2498
24650 2499
24654 2499
24658 2500
24662 2500
24666 2500
24670 2501
24674 2501
24678 2502
24682 2502
24686 2502
24690 2503
24694 2503
24698 2504
24702 2504
24706 2504
24710 2505
24714 2505
24718 2506
24722 2506
24726 2506
24730 2507
24734 2507
24738 2508
24742 2508
24746 2508
24750 2509
24754 2509
24758 2510
24762 2510
24766 2511
24770 2511
24774 2511
24778 2512
24782 2512
24786 2513
24790 2513
24794 2514
24798 2514
24802 2514
24806 2515
24810 2515
24814 2516
24818 2516
24822 2516
24826 2517
24830 2517
24834 2518
24838 2518
24842 2518
24846 2519
24850 2519
24854 2520
24858 2520
24862 2520
24866 2521
24870 2521
24874 2522
24878 2522
24882 2522
24886 2523
24890 2523
24894 2524
24898 2524
24902 2524
24906 2525
24910 2525
24914 2526
24918 2526
24922 2527
24926 2527
24930 2527
24934 2528
24938 2528
24942 2529
24946 2529
24950 2530
24954 2530
24958 2530
24962 2531
24966 2531
24970 2532
24974 2532
24978 2532
24982 2533
24986 2533
24990 2534
24994 2534
24998 2534
25002 2535
25006 2535
25010 2536
25014 2536
25018 2536
25022 2537
25026 2537
25030 2538
25034 2538
25038 2538
25042 2539
25046 2539
25050 2540
25054 2540
25058 2540
25062 2541
25066 2541
25070 2542
25074 2542
25078 2543
25082 2543
25086 2543
25090 2544
25094 2544
25098 2545
25102 2545
25106 2546
25110 2546
25114 2546
25118 2547
25122 2547
25126 2548
25130 2548
25134 2548
25138 2549
25142 2549
25146 2550
25150 2550
25154 2550
25158 2551
25162 2551
25166 2552
25170 2552
25174 2552
25178 2553
25182 2553
25186 2554
25190 2554
25194 2555
25198 2555
25202 2555
25206 2556
25210 2556
25214 2557
25218 2557
25222 2558
25226 2558
25230 2558
25234 2559
25238 2559
25242 2560
25246 2560
25250 2560
25254 2561
25258 2561
25262 2562
25266 2562
25270 2562
25274 2563
25278 2563
25282 2564
25286 2564
25290 2565
25294 2565
25298 2566
25302 2566
25306 2566
25310 2567
25314 2567
25318 2568
25322 2568
25326 2568
25330 2569
25334 2569
25338 2570
25342 2570
25346 2570
25350 2571
25354 2571
25358 2572
25362 2572
25366 2573
25370 2573
25374 2573
25378 2574
25382 2574
25386 2575
25390 2575
25394 2576
25398 2576
25402 2576
25406 2577
25410 2577
25414 2578
25418 2578
25422 2578
25426 2579
25430 2579
25434 2580
25438 2580
25442 2580
25446 2581
25450 2581
25454 2582
25458 2582
25462 2582
25466 2583
25470 2583
25474 2584
25478 2584
25482 2584
25486 2585
25490 2585
25494 2586
25498 2586
25502 2587
25506 2587
25510 2587
25514 2588
25518 2588
25522 2589
25526 2589
25530 2590
25534 2590
25538 2590
25542 2591
25546 2591
25550 2592
25554 2592
25558 2592
25562 2593
25566 2593
25570 2594
25574 2594
25578 2594
25582 2595
25586 2595
25590 2596
25594 2596
25598 2596
25602 2597
25606 2597
25610 2598
25614 2598
25618 2599
25622 2599
25626 2599
25630 2600
25634 2600
25638 2601
25642 2601
25646 2601
25650 2602
25654 2602
25658 2603
25662 2603
25666 2604
25670 2604
25674 2604
25678 2605
25682 2605
25686 2606
25690 2606
25694 2606
25698 2607
25702 2607
25706 2608
25710 2608
25714 2608
25718 2609
25722 2609
25726 2610
25730 2610
25734 2610
25738 2611
25742 2611
25746 2612
25750 2612
25754 2612
25758 2613
25762 2613
25766 2614
25770 2614
25774 2614
25778 2615
25782 2615
25786 2616
25790 2616
25794 2617
25798 2617
25802 2618
25806 2618
25810 2618
25814 2619
25818 2619
25822 2620
25826 2620
25830 2620
25834 2621
25838 2621
25842 2622
25846 2622
25850 2622
25854 2623
25858 2623
25862 2624
25866 2624
25870 2624
25874 2625
25878 2625
25882 2626
25886 2626
25890 2626
25894 2627
25898 2627
25902 2628
25906 2628
25910 2628
25914 2629
25918 2629
25922 2630
25926 2630
25930 2630
25934 2631
25938 2631
25942 2632
25946 2632
25950 2632
25954 2633
25958 2633
25962 2634
25966 2634
25970 2635
25974 2635
25978 2635
25982 2636
25986 2636
25990 2637
25994 2637
25998 2637
26002 2638
26006 2638
26010 2639
26014 2639
26018 2640
26022 2640
26026 2640
26030 2641
26034 2641
26038 2642
26042 2642
26046 2642
26050 2643
26054 2643
26058 2644
26062 2644
26066 2644
26070 2645
26074 2645
26078 2646
26082 2646
26086 2646
26090 2647
26094 2647
26098 2648
26102 2648
26106 2648
26110 2649
26114 2649
26118 2650
26122 2650
26126 2650
26130 2651
26134 2651
26138 2652
26142 2652
26146 2652
26150 2653
26154 2653
26158 2654
26162 2654
26166 2655
26170 2655
26174 2655
26178 2656
26182 2656
26186 2657
26190 2657
26194 2657
26198 2658
26202 2658
26206 2659
26210 2659
26214 2659
26218 2660
26222 2660
26226 2661
26230 2661
26234 2661
26238 2662
26242 2662
26246 2663
26250 2663
26254 2664
26258 2664
26262 2664
26266 2665
26270 2665
26274 2666
26278 2666
26282 2666
26286 2667
26290 2667
26294 2667
26298 2668
26302 2668
26306 2669
26310 2669
26314 2669
26318 2670
26322 2670
26326 2671
26330 2671
26334 2671
26338 2672
26342 2672
26346 2673
26350 2673
26354 2673
26358 2674
26362 2674
26366 2674
26370 2675
26374 2675
26378 2676
26382 2676
26386 2676
26390 2677
26394 2677
26398 2678
26402 2678
26406 2678
26410 2679
26414 2679
26418 2680
26422 2680
26426 2680
26430 2681
26434 2681
26438 2682
26442 2682
26446 2682
26450 2683
26454 2683
26458 2684
26462 2684
26466 2684
26470 2685
26474 2685
26478 2686
26482 2686
26486 2687
26490 2687
26494 2687
26498 2688
26502 2688
26506 2689
26510 2689
26514 2689
26518 2690
26522 2690
26526 2691
26530 2691
26534 2691
26538 2692
26542 2692
26546 2693
26550 2693
26554 2694
26558 2694
26562 2694
26566 2695
26570 2695
26574 2696
26578 2696
26582 2696
26586 2697
26590 2697
26594 2697
26598 2698
26602 2698
26606 2699
26610 2699
26614 2700
26618 2700
26622 2700
26626 2701
26630 2701
26634 2702
26638 2702
26642 2702
26646 2703
26650 2703
26654 2704
26658 2704
26662 2704
26666 2705
26670 2705
26674 2706
26678 2706
26682 2706
26686 2707
26690 2707
26694 2708
26698 2708
26702 2708
26706 2709
26710 2709
26714 2710
26718 2710
26722 2710
26726 2711
26730 2711
26734 2712
26738 2712
26742 2712
26746 2713
26750 2713
26754 2714
26758 2714
26762 2714
26766 2715
26770 2715
26774 2716
26778 2716
26782 2716
26786 2717
26790 2717
26794 2718
26798 2718
26802 2718
26806 2719
26810 2719
26814 2720
26818 2720
26822 2720
26826 2721
26830 2721
26834 2722
26838 2722
26842 2722
26846 2723
26850 2723
26854 2724
26858 2724
26862 2724
26866 2725
26870 2725
26874 2726
26878 2726
26882 2726
26886 2727
26890 2727
26894 2727
26898 2728
26902 2728
26906 2728
26910 2729
26914 2729
26918 2730
26922 2730
26926 2731
26930 2731
26934 2731
26938 2732
26942 2732
26946 2732
26950 2733
26954 2733
26958 2734
26962 2734
26966 2734
26970 2735
26974 2735
26978 2736
26982 2736
26986 2736
26990 2737
26994 2737
26998 2738
27002 2738
27006 2738
27010 2739
27014 2739
27018 2740
27022 2740
27026 2740
27030 2741
27034 2741
27038 2742
27042 2742
27046 2742
27050 2743
27054 2743
27058 2744
27062 2744
27066 2744
27070 2745
27074 2745
27078 2746
27082 2746
27086 2746
27090 2747
27094 2747
27098 2748
27102 2748
27106 2748
27110 2749
27114 2749
27118 2750
27122 2750
27126 2750
27130 2751
27134 2751
27138 2752
27142 2752
27146 2752
27150 2753
27154 2753
27158 2754
27162 2754
27166 2754
27170 2755
27174 2755
27178 2756
27182 2756
27186 2756
27190 2757
27194 2757
27198 2758
27202 2758
27206 2758
27210 2759
27214 2759
27218 2760
27222 2760
27226 2760
27230 2761
27234 2761
27238 2762
27242 2762
27246 2762
27250 2763
27254 2763
27258 2764
27262 2764
27266 2764
27270 2765
27274 2765
27278 2766
27282 2766
27286 2766
27290 2767
27294 2767
27298 2768
27302 2768
27306 2768
27310 2769
27314 2769
27318 2770
27322 2770
27326 2770
27330 2771
27334 2771
27338 2772
27342 2772
27346 2772
27350 2773
27354 2773
27358 2774
27362 2774
27366 2774
27370 2775
27374 2775
27378 2776
27382 2776
27386 2777
27390 2777
27394 2777
27398 2778
27402 2778
27406 2779
27410 2779
27414 2779
27418 2780
27422 2780
27426 2781
27430 2781
27434 2781
27438 2782
27442 2782
27446 2783
27450 2783
27454 2784
27458 2784
27462 2784
27466 2785
27470 2785
27474 2786
27478 2786
27482 2786
27486 2787
27490 2787
27494 2788
27498 2788
27502 2788
27506 2789
27510 2789
27514 2790
27518 2790
27522 2790
27526 2791
27530 2791
27534 2792
27538 2792
27542 2792
27546 2793
27550 2793
27554 2794
27558 2794
27562 2794
27566 2795
27570 2795
27574 2796
27578 2796
27582 2796
27586 2797
27590 2797
27594 2798
27598 2798
27602 2798
27606 2799
27610 2799
27614 2800
27618 2800
27622 2800
27626 2801
27630 2801
27634 2802
27638 2802
27642 2802
27646 2803
27650 2803
27654 2804
27658 2804
27662 2804
27666 2805
27670 2805
27674 2806
27678 2806
27682 2806
27686 2807
27690 2807
27694 2808
27698 2808
27702 2808
27706 2809
27710 2809
27714 2810
27718 2810
27722 2810
27726 2811
27730 2811
27734 2812
27738 2812
27742 2812
27746 2813
27750 2813
27754 2814
27758 2814
27762 2815
27766 2815
27770 2815
27774 2816
27778 2816
27782 2817
27786 2817
27790 2817
27794 2818
27798 2818
27802 2819
27806 2819
27810 2819
27814 2820
27818 2820
27822 2821
27826 2821
27830 2821
27834 2822
27838 2822
27842 2823
27846 2823
27850 2823
27854 2824
27858 2824
27862 2825
27866 2825
27870 2825
27874 2826
27878 2826
27882 2827
27886 2827
27890 2828
27894 2828
27898 2828
27902 2829
27906 2829
27910 2830
27914 2830
27918 2830
27922 2831
27926 2831
27930 2832
27934 2832
27938 2832
27942 2833
27946 2833
27950 2834
27954 2834
27958 2834
27962 2835
27966 2835
27970 2836
27974 2836
27978 2836
27982 2837
27986 2837
27990 2838
27994 2838
27998 2838
28002 2839
28006 2839
28010 2840
28014 2840
28018 2840
28022 2841
28026 2841
28030 2842
28034 2842
28038 2842
28042 2843
28046 2843
28050 2844
28054 2844
28058 2844
28062 2845
28066 2845
28070 2846
28074 2846
28078 2846
28082 2847
28086 2847
28090 2848
28094 2848
28098 2848
28102 2849
28106 2849
28110 2850
28114 2850
28118 2850
28122 2851
28126 2851
28130 2852
28134 2852
28138 2852
28142 2853
28146 2853
28150 2854
28154 2854
28158 2854
28162 2855
28166 2855
28170 2856
28174 2856
28178 2856
28182 2857
28186 2857
28190 2858
28194 2858
28198 2859
28202 2859
28206 2859
28210 2860
28214 2860
28218 2861
28222 2861
28226 2861
28230 2862
28234 2862
28238 2863
28242 2863
28246 2863
28250 2864
28254 2864
28258 2865
28262 2865
28266 2866
28270 2866
28274 2866
28278 2867
28282 2867
28286 2868
28290 2868
28294 2868
28298 2869
28302 2869
28306 2870
28310 2870
28314 2870
28318 2871
28322 2871
28326 2872
28330 2872
28334 2872
28338 2873
28342 2873
28346 2874
28350 2874
28354 2874
28358 2875
28362 2875
28366 2876
28370 2876
28374 2876
28378 2877
28382 2877
28386 2878
28390 2878
28394 2878
28398 2879
28402 2879
28406 2880
28410 2880
28414 2881
28418 2881
28422 2882
28426 2882
28430 2882
28434 2883
28438 2883
28442 2884
28446 2884
28450 2884
28454 2885
28458 2885
28462 2886
28466 2886
28470 2886
28474 2887
28478 2887
28482 2888
28486 2888
28490 2888
28494 2889
28498 2889
28502 2890
28506 2890
28510 2891
28514 2891
28518 2891
28522 2892
28526 2892
28530 2893
28534 2893
28538 2893
28542 2894
28546 2894
28550 2895
28554 2895
28558 2896
28562 2896
28566 2896
28570 2897
28574 2897
28578 2898
28582 2898
28586 2898
28590 2899
28594 2899
28598 2900
28602 2900
28606 2900
28610 2901
28614 2901
28618 2902
28622 2902
28626 2902
28630 2903
28634 2903
28638 2904
28642 2904
28646 2905
28650 2905
28654 2906
28658 2906
28662 2906
28666 2907
28670 2907
28674 2908
28678 2908
28682 2908
28686 2909
28690 2909
28694 2910
28698 2910
28702 2910
28706 2911
28710 2911
28714 2912
28718 2912
28722 2912
28726 2913
28730 2913
28734 2914
28738 2914
28742 2914
28746 2915
28750 2915
28754 2916
28758 2916
28762 2917
28766 2917
28770 2917
28774 2918
28778 2918
28782 2919
28786 2919
28790 2920
28794 2920
28798 2920
28802 2921
28806 2921
28810 2922
28814 2922
28818 2922
28822 2923
28826 2923
28830 2924
28834 2924
28838 2924
28842 2925
28846 2925
28850 2926
28854 2926
28858 2927
28862 2927
28866 2927
28870 2928
28874 2928
28878 2929
28882 2929
28886 2930
28890 2930
28894 2930
28898 2931
28902 2931
28906 2932
28910 2932
28914 2932
28918 2933
28922 2933
28926 2934
28930 2934
28934 2934
28938 2935
28942 2935
28946 2936
28950 2936
28954 2936
28958 2937
28962 2937
28966 2938
28970 2938
28974 2939
28978 2939
28982 2939
28986 2940
28990 2940
28994 2941
28998 2941
29002 2942
29006 2942
29010 2942
29014 2943
29018 2943
29022 2944
29026 2944
29030 2944
29034 2945
29038 2945
29042 2946
29046 2946
29050 2946
29054 2947
29058 2947
29062 2948
29066 2948
29070 2948
29074 2949
29078 2949
29082 2950
29086 2950
29090 2951
29094 2951
29098 2951
29102 2952
29106 2952
29110 2953
29114 2953
29118 2954
29122 2954
29126 2954
29130 2955
29134 2955
29138 2956
29142 2956
29146 2956
29150 2957
29154 2957
29158 2958
29162 2958
29166 2958
29170 2959
29174 2959
29178 2960
29182 2960
29186 2960
29190 2961
29194 2961
29198 2962
29202 2962
29206 2963
29210 2963
29214 2963
29218 2964
29222 2964
29226 2965
29230 2965
29234 2965
29238 2966
29242 2966
29246 2967
29250 2967
29254 2967
29258 2968
29262 2968
29266 2969
29270 2969
29274 2970
29278 2970
29282 2970
29286 2971
29290 2971
29294 2972
29298 2972
29302 2972
29306 2973
29310 2973
29314 2974
29318 2974
29322 2974
29326 2975
29330 2975
29334 2976
29338 2976
29342 2976
29346 2977
29350 2977
29354 2978
29358 2978
29362 2979
29366 2979
29370 2980
29374 2980
29378 2980
29382 2981
29386 2981
29390 2982
29394 2982
29398 2982
29402 2983
29406 2983
29410 2984
29414 2984
29418 2984
29422 2985
29426 2985
29430 2986
29434 2986
29438 2986
29442 2987
29446 2987
29450 2988
29454 2988
29458 2988
29462 2989
29466 2989
29470 2990
29474 2990
29478 2990
29482 2991
29486 2991
29490 2992
29494 2992
29498 2992
29502 2993
29506 2993
29510 2994
29514 2994
29518 2994
29522 2995
29526 2995
29530 2996
29534 2996
29538 2996
29542 2997
29546 2997
29550 2998
29554 2998
29558 2998
29562 2999
29566 2999
29570 3000
29574 3000
29578 3000
29582 3001
29586 3001
29590 3002
29594 3002
29598 3003
29602 3003
29606 3003
29610 3004
29614 3004
29618 3005
29622 3005
29626 3005
29630 3006
29634 3006
29638 3007
29642 3007
29646 3008
29650 3008
29654 3008
29658 3009
29662 3009
29666 3010
29670 3010
29674 3010
29678 3011
29682 3011
29686 3012
29690 3012
29694 3012
29698 3013
29702 3013
29706 3014
29710 3014
29714 3014
29718 3015
29722 3015
29726 3016
29730 3016
29734 3016
29738 3017
29742 3017
29746 3018
29750 3018
29754 3018
29758 3019
29762 3019
29766 3020
29770 3020
29774 3020
29778 3021
29782 3021
29786 3022
29790 3022
29794 3022
29798 3023
29802 3023
29806 3024
29810 3024
29814 3025
29818 3025
29822 3025
29826 3026
29830 3026
29834 3027
29838 3027
29842 3027
29846 3028
29850 3028
29854 3029
29858 3029
29862 3029
29866 3030
29870 3030
29874 3031
29878 3031
29882 3031
29886 3032
29890 3032
29894 3033
29898 3033
29902 3033
29906 3034
29910 3034
29914 3034
29918 3035
29922 3035
29926 3036
29930 3036
29934 3036
29938 3037
29942 3037
29946 3038
29950 3038
29954 3038
29958 3039
29962 3039
29966 3040
29970 3040
29974 3040
29978 3041
29982 3041
29986 3042
29990 3042
29994 3042
29998 3043
