10 0
14 0
18 0
22 0
26 0
30 0
34 0
38 0
42 0
46 0
50 0
54 0
58 0
62 0
66 0
70 0
74 0
78 0
82 0
86 0
90 0
94 0
98 0
102 0
106 0
110 0
114 25
118 22
122 20
126 43
130 38
134 35
138 56
142 75
146 68
150 86
154 102
158 117
162 130
166 142
170 153
174 163
178 171
182 204
186 209
190 213
194 241
198 267
202 265
206 289
210 285
214 306
218 326
222 343
226 359
230 373
234 385
238 397
242 407
246 416
250 425
254 432
258 439
262 445
266 475
270 478
274 480
278 507
282 506
286 506
290 530
294 527
298 549
302 544
306 565
310 558
314 577
318 570
322 588
326 579
330 596
334 586
338 603
342 617
346 605
350 620
354 633
358 619
362 632
366 644
370 630
374 642
378 652
382 637
386 648
390 659
394 668
398 651
402 661
406 670
410 678
414 660
418 669
422 677
426 659
430 668
434 676
438 684
442 690
446 671
450 679
454 686
458 667
462 676
466 683
470 690
474 671
478 678
482 686
486 692
490 673
494 680
498 687
502 669
506 677
510 684
514 665
518 674
522 681
526 663
530 672
534 680
538 662
542 670
546 678
550 660
554 669
558 677
562 660
566 669
570 652
574 661
578 645
582 656
586 665
590 649
594 659
598 643
602 653
606 638
610 649
614 659
618 643
622 629
626 641
630 627
634 639
638 625
642 638
646 624
650 636
654 623
658 635
662 622
666 635
670 621
674 609
678 623
682 611
686 624
690 612
694 601
698 616
702 604
706 594
710 609
714 598
718 588
722 604
726 594
730 584
734 601
738 591
742 582
746 573
750 591
754 582
758 574
762 566
766 585
770 576
774 568
778 562
782 555
786 575
790 567
794 560
798 554
802 549
806 569
810 562
814 556
818 550
822 545
826 540
830 561
834 555
838 550
842 545
846 540
850 561
854 555
858 549
862 544
866 540
870 536
874 557
878 551
882 546
886 542
890 562
894 556
898 550
902 545
906 541
910 562
914 555
918 550
922 570
926 563
930 556
934 551
938 571
942 564
946 557
950 576
954 569
958 562
962 581
966 572
970 565
974 584
978 575
982 568
986 586
990 577
994 594
998 585
1002 576
1006 594
1010 584
1014 601
1018 591
1022 582
1026 598
1030 588
1034 605
1038 594
1042 585
1046 601
1050 591
1054 607
1058 596
1062 611
1066 600
1070 615
1074 604
1078 618
1082 606
1086 621
1090 609
1094 598
1098 613
1102 601
1106 616
1110 605
1114 619
1118 607
1122 621
1126 609
1130 623
1134 611
1138 625
1142 612
1146 626
1150 613
1154 627
1158 614
1162 628
1166 615
1170 628
1174 615
1178 629
1182 616
1186 629
1190 616
1194 630
1198 617
1202 630
1206 617
1210 605
1214 620
1218 633
1222 619
1226 607
1230 621
1234 609
1238 623
1242 611
1246 625
1250 612
1254 626
1258 613
1262 627
1266 614
1270 628
1274 615
1278 603
1282 618
1286 606
1290 620
1294 608
1298 622
1302 610
1306 624
1310 612
1314 600
1318 615
1322 604
1326 593
1330 609
1334 598
1338 613
1342 602
1346 592
1350 607
1354 597
1358 587
1362 603
1366 593
1370 608
1374 598
1378 588
1382 579
1386 596
1390 586
1394 603
1398 592
1402 583
1406 575
1410 592
1414 583
1418 575
1422 592
1426 583
1430 574
1434 592
1438 583
1442 574
1446 592
1450 583
1454 574
1458 592
1462 583
1466 574
1470 592
1474 583
1478 574
1482 592
1486 583
1490 599
1494 589
1498 580
1502 597
1506 587
1510 579
1514 596
1518 586
1522 577
1526 595
1530 585
1534 602
1538 591
1542 582
1546 599
1550 589
1554 605
1558 594
1562 585
1566 601
1570 591
1574 607
1578 596
1582 587
1586 603
1590 593
1594 608
1598 597
1602 588
1606 604
1610 593
1614 609
1618 598
1622 613
1626 602
1630 617
1634 605
1638 594
1642 610
1646 599
1650 614
1654 602
1658 592
1662 608
1666 597
1670 612
1674 601
1678 616
1682 604
1686 619
1690 607
1694 596
1698 611
1702 600
1706 615
1710 604
1714 618
1718 606
1722 621
1726 609
1730 598
1734 613
1738 601
1742 616
1746 605
1750 619
1754 607
1758 621
1762 609
1766 598
1770 613
1774 602
1778 617
1782 605
1786 619
1790 607
1794 622
1798 609
1802 598
1806 614
1810 602
1814 617
1818 605
1822 595
1826 610
1830 599
1834 614
1838 603
1842 592
1846 608
1850 597
1854 612
1858 601
1862 591
1866 607
1870 596
1874 611
1878 600
1882 590
1886 606
1890 595
1894 611
1898 600
1902 590
1906 606
1910 595
1914 585
1918 602
1922 592
1926 582
1930 599
1934 589
1938 605
1942 595
1946 585
1950 602
1954 591
1958 582
1962 599
1966 589
1970 580
1974 597
1978 587
1982 578
1986 596
1990 586
1994 577
1998 595
2002 585
2006 576
2010 594
2014 584
2018 576
2022 593
2026 584
2030 600
2034 590
2038 581
2042 573
2046 591
2050 582
2054 598
2058 588
2062 580
2066 597
2070 587
2074 603
2078 593
2082 583
2086 600
2090 590
2094 581
2098 598
2102 588
2106 604
2110 594
2114 584
2118 601
2122 591
2126 607
2130 596
2134 586
2138 603
2142 592
2146 608
2150 597
2154 612
2158 601
2162 591
2166 607
2170 596
2174 611
2178 600
2182 590
2186 606
2190 595
2194 611
2198 600
2202 615
2206 603
2210 618
2214 606
2218 595
2222 611
2226 600
2230 615
2234 603
2238 593
2242 608
2246 598
2250 613
2254 601
2258 616
2262 605
2266 619
2270 607
2274 621
2278 609
2282 598
2286 613
2290 602
2294 617
2298 605
2302 619
2306 607
2310 622
2314 609
2318 598
2322 614
2326 602
2330 617
2334 605
2338 620
2342 608
2346 622
2350 610
2354 599
2358 614
2362 602
2366 617
2370 605
2374 620
2378 608
2382 597
2386 612
2390 601
2394 616
2398 604
2402 619
2406 607
2410 621
2414 609
2418 598
2422 613
2426 602
2430 616
2434 605
2438 594
2442 610
2446 599
2450 614
2454 602
2458 592
2462 608
2466 597
2470 612
2474 601
2478 591
2482 582
2486 598
2490 589
2494 605
2498 594
2502 585
2506 601
2510 591
2514 582
2518 599
2522 589
2526 580
2530 597
2534 587
2538 603
2542 593
2546 584
2550 575
2554 593
2558 583
2562 575
2566 592
2570 583
2574 575
2578 592
2582 583
2586 575
2590 592
2594 583
2598 574
2602 592
2606 583
2610 574
2614 592
2618 583
2622 574
2626 592
2630 583
2634 599
2638 589
2642 580
2646 572
2650 590
2654 581
2658 598
2662 588
2666 579
2670 596
2674 586
2678 578
2682 595
2686 585
2690 602
2694 592
2698 582
2702 599
2706 589
2710 605
2714 595
2718 585
2722 602
2726 591
2730 607
2734 596
2738 612
2742 600
2746 590
2750 606
2754 596
2758 611
2762 600
2766 590
2770 606
2774 595
2778 611
2782 599
2786 614
2790 603
2794 618
2798 606
2802 595
2806 611
2810 600
2814 615
2818 603
2822 618
2826 606
2830 620
2834 608
2838 597
2842 612
2846 601
2850 616
2854 604
2858 619
2862 607
2866 621
2870 609
2874 598
2878 613
2882 602
2886 617
2890 605
2894 619
2898 607
2902 622
2906 609
2910 623
2914 611
2918 625
2922 612
2926 601
2930 616
2934 604
2938 619
2942 607
2946 621
2950 609
2954 623
2958 611
2962 600
2966 615
2970 628
2974 615
2978 604
2982 618
2986 606
2990 621
2994 609
2998 598
3002 613
3006 601
3010 616
3014 605
3018 619
3022 607
3026 596
3030 612
3034 600
3038 615
3042 604
3046 593
3050 609
3054 598
3058 613
3062 602
3066 592
3070 607
3074 597
3078 587
3082 603
3086 593
3090 608
3094 598
3098 588
3102 604
3106 593
3110 584
3114 601
3118 591
3122 581
3126 598
3130 588
3134 579
3138 596
3142 587
3146 578
3150 595
3154 586
3158 577
3162 594
3166 585
3170 576
3174 594
3178 584
3182 576
3186 593
3190 584
3194 575
3198 593
3202 583
3206 575
3210 592
3214 583
3218 575
3222 592
3226 583
3230 575
3234 592
3238 583
3242 575
3246 592
3250 583
3254 574
3258 592
3262 583
3266 574
3270 592
3274 583
3278 599
3282 589
3286 580
3290 597
3294 588
3298 604
3302 593
3306 584
3310 600
3314 590
3318 606
3322 596
3326 586
3330 602
3334 592
3338 608
3342 597
3346 587
3350 603
3354 593
3358 609
3362 598
3366 588
3370 604
3374 619
3378 607
3382 596
3386 611
3390 600
3394 615
3398 604
3402 593
3406 609
3410 598
3414 613
3418 602
3422 616
3426 605
3430 619
3434 607
3438 596
3442 612
3446 601
3450 615
3454 604
3458 618
3462 607
3466 621
3470 609
3474 623
3478 610
3482 624
3486 612
3490 601
3494 616
3498 604
3502 618
3506 607
3510 621
3514 609
3518 623
3522 610
3526 599
3530 614
3534 628
3538 615
3542 604
3546 618
3550 606
3554 621
3558 608
3562 623
3566 610
3570 624
3574 612
3578 600
3582 615
3586 604
3590 618
3594 606
3598 621
3602 609
3606 623
3610 610
3614 599
3618 614
3622 603
3626 618
3630 606
3634 595
3638 611
3642 599
3646 614
3650 603
3654 593
3658 608
3662 597
3666 588
3670 604
3674 593
3678 584
3682 601
3686 590
3690 606
3694 596
3698 586
3702 602
3706 592
3710 583
3714 600
3718 590
3722 581
3726 597
3730 588
3734 579
3738 596
3742 586
3746 578
3750 595
3754 585
3758 577
3762 594
3766 584
3770 576
3774 568
3778 586
3782 578
3786 570
3790 588
3794 579
3798 571
3802 564
3806 582
3810 574
3814 592
3818 583
3822 574
3826 567
3830 585
3834 576
3838 594
3842 584
3846 576
3850 568
3854 586
3858 578
3862 595
3866 585
3870 577
3874 594
3878 585
3882 576
3886 593
3890 584
3894 576
3898 593
3902 609
3906 598
3910 588
3914 604
3918 594
3922 609
3926 598
3930 588
3934 604
3938 594
3942 610
3946 599
3950 614
3954 602
3958 592
3962 608
3966 597
3970 612
3974 601
3978 616
3982 604
3986 594
3990 609
3994 598
3998 613
4002 602
4006 617
4010 605
4014 619
4018 607
4022 622
4026 609
4030 623
4034 611
4038 600
4042 615
4046 603
4050 618
4054 606
4058 620
4062 608
4066 622
4070 610
4074 624
4078 612
4082 625
4086 613
4090 602
4094 616
4098 630
4102 617
4106 605
4110 619
4114 607
4118 622
4122 609
4126 623
4130 611
4134 625
4138 612
4142 626
4146 613
4150 627
4154 614
4158 603
4162 617
4166 606
4170 620
4174 608
4178 622
4182 610
4186 624
4190 611
4194 600
4198 615
4202 604
4206 618
4210 606
4214 596
4218 611
4222 600
4226 615
4230 603
4234 593
4238 609
4242 598
4246 613
4250 602
4254 591
4258 607
4262 596
4266 612
4270 600
4274 590
4278 606
4282 596
4286 586
4290 602
4294 592
4298 583
4302 599
4306 589
4310 605
4314 595
4318 585
4322 577
4326 594
4330 585
4334 601
4338 591
4342 582
4346 574
4350 591
4354 582
4358 599
4362 589
4366 580
4370 572
4374 590
4378 581
4382 572
4386 590
4390 581
4394 573
4398 566
4402 584
4406 576
4410 568
4414 586
4418 577
4422 570
4426 588
4430 579
4434 571
4438 589
4442 580
4446 572
4450 590
4454 581
4458 572
4462 590
4466 581
4470 573
4474 591
4478 581
4482 598
4486 588
4490 580
4494 597
4498 587
4502 603
4506 593
4510 583
4514 600
4518 590
4522 581
4526 598
4530 588
4534 604
4538 594
4542 609
4546 598
4550 588
4554 604
4558 594
4562 610
4566 599
4570 614
4574 602
4578 617
4582 605
4586 595
4590 610
4594 599
4598 614
4602 603
4606 617
4610 606
4614 620
4618 608
4622 622
4626 610
4630 624
4634 611
4638 600
4642 615
4646 604
4650 618
4654 606
4658 621
4662 608
4666 623
4670 610
4674 624
4678 612
4682 626
4686 613
4690 602
4694 616
4698 630
4702 617
4706 605
4710 619
4714 607
4718 622
4722 609
4726 623
4730 611
4734 625
4738 612
4742 626
4746 613
4750 627
4754 614
4758 603
4762 617
4766 606
4770 620
4774 608
4778 622
4782 610
4786 624
4790 611
4794 600
4798 615
4802 604
4806 618
4810 606
4814 596
4818 611
4822 600
4826 615
4830 603
4834 593
4838 609
4842 598
4846 613
4850 602
4854 591
4858 607
4862 596
4866 612
4870 600
4874 590
4878 606
4882 596
4886 586
4890 602
4894 592
4898 583
4902 599
4906 589
4910 605
4914 595
4918 585
4922 577
4926 594
4930 585
4934 601
4938 591
4942 582
4946 574
4950 591
4954 582
4958 574
4962 591
4966 582
4970 574
4974 566
4978 585
4982 576
4986 594
4990 584
4994 576
4998 568
5002 586
5006 578
5010 570
5014 588
5018 579
5022 571
5026 589
5030 580
5034 572
5038 590
5042 581
5046 572
5050 565
5054 584
5058 575
5062 593
5066 583
5070 575
5074 592
5078 583
5082 575
5086 592
5090 583
5094 575
5098 592
5102 583
5106 599
5110 589
5114 580
5118 597
5122 588
5126 604
5130 593
5134 584
5138 601
5142 590
5146 606
5150 596
5154 611
5158 600
5162 615
5166 603
5170 593
5174 609
5178 598
5182 613
5186 602
5190 616
5194 605
5198 619
5202 607
5206 596
5210 612
5214 600
5218 615
5222 604
5226 618
5230 606
5234 621
5238 609
5242 623
5246 610
5250 624
5254 612
5258 601
5262 615
5266 629
5270 616
5274 604
5278 619
5282 607
5286 621
5290 609
5294 623
5298 611
5302 625
5306 612
5310 626
5314 613
5318 627
5322 614
5326 628
5330 615
5334 628
5338 615
5342 629
5346 616
5350 629
5354 616
5358 605
5362 619
5366 607
5370 621
5374 609
5378 623
5382 611
5386 625
5390 612
5394 601
5398 616
5402 604
5406 619
5410 607
5414 621
5418 609
5422 623
5426 611
5430 599
5434 614
5438 603
5442 618
5446 606
5450 595
5454 611
5458 600
5462 615
5466 603
5470 593
5474 608
5478 597
5482 588
5486 604
5490 593
5494 584
5498 601
5502 590
5506 606
5510 596
5514 586
5518 577
5522 595
5526 585
5530 602
5534 591
5538 582
5542 574
5546 591
5550 582
5554 574
5558 592
5562 582
5566 574
5570 567
5574 585
5578 576
5582 594
5586 584
5590 576
5594 568
5598 586
5602 578
5606 570
5610 588
5614 579
5618 571
5622 564
5626 582
5630 574
5634 592
5638 582
5642 574
5646 567
5650 585
5654 576
5658 569
5662 587
5666 578
5670 570
5674 588
5678 579
5682 596
5686 587
5690 578
5694 595
5698 586
5702 602
5706 592
5710 582
5714 599
5718 589
5722 580
5726 597
5730 587
5734 604
5738 593
5742 584
5746 600
5750 590
5754 606
5758 596
5762 611
5766 600
5770 590
5774 606
5778 595
5782 611
5786 599
5790 614
5794 603
5798 618
5802 606
5806 595
5810 611
5814 599
5818 614
5822 603
5826 618
5830 606
5834 620
5838 608
5842 597
5846 612
5850 626
5854 614
5858 602
5862 617
5866 605
5870 620
5874 608
5878 622
5882 610
5886 624
5890 611
5894 625
5898 612
5902 626
5906 613
5910 627
5914 614
5918 628
5922 615
5926 603
5930 618
5934 631
5938 618
5942 606
5946 621
5950 608
5954 623
5958 610
5962 624
5966 612
5970 625
5974 613
5978 627
5982 614
5986 627
5990 615
5994 603
5998 618
6002 606
6006 620
6010 608
6014 622
6018 610
6022 624
6026 612
6030 600
6034 615
6038 604
6042 618
6046 606
6050 596
6054 611
6058 600
6062 615
6066 603
6070 593
6074 584
6078 600
6082 590
6086 606
6090 595
6094 586
6098 602
6102 592
6106 608
6110 597
6114 587
6118 578
6122 595
6126 586
6130 602
6134 592
6138 583
6142 574
6146 592
6150 583
6154 574
6158 592
6162 583
6166 574
6170 567
6174 585
6178 577
6182 594
6186 584
6190 576
6194 568
6198 586
6202 578
6206 570
6210 588
6214 579
6218 571
6222 564
6226 582
6230 574
6234 592
6238 582
6242 574
6246 567
6250 585
6254 576
6258 569
6262 587
6266 578
6270 570
6274 588
6278 579
6282 596
6286 587
6290 578
6294 595
6298 586
6302 602
6306 592
6310 582
6314 599
6318 589
6322 605
6326 595
6330 585
6334 602
6338 591
6342 607
6346 596
6350 587
6354 603
6358 593
6362 608
6366 597
6370 588
6374 604
6378 593
6382 609
6386 598
6390 613
6394 602
6398 617
6402 605
6406 594
6410 610
6414 599
6418 614
6422 602
6426 617
6430 605
6434 620
6438 608
6442 597
6446 612
6450 601
6454 616
6458 604
6462 619
6466 607
6470 621
6474 609
6478 623
6482 611
6486 624
6490 612
6494 626
6498 613
6502 627
6506 614
6510 603
6514 617
6518 605
6522 620
6526 608
6530 622
6534 610
6538 624
6542 611
6546 625
6550 613
6554 626
6558 614
6562 602
6566 617
6570 630
6574 617
6578 605
6582 620
6586 608
6590 622
6594 610
6598 624
6602 611
6606 625
6610 613
6614 601
6618 616
6622 604
6626 619
6630 607
6634 596
6638 612
6642 600
6646 615
6650 604
6654 618
6658 606
6662 596
6666 611
6670 600
6674 590
6678 606
6682 595
6686 611
6690 600
6694 590
6698 606
6702 595
6706 610
6710 599
6714 589
6718 605
6722 595
6726 585
6730 602
6734 591
6738 582
6742 599
6746 589
6750 580
6754 597
6758 587
6762 578
6766 571
6770 588
6774 580
6778 572
6782 589
6786 580
6790 572
6794 590
6798 581
6802 573
6806 590
6810 581
6814 573
6818 566
6822 584
6826 576
6830 568
6834 586
6838 578
6842 570
6846 588
6850 579
6854 571
6858 589
6862 580
6866 572
6870 590
6874 581
6878 597
6882 588
6886 579
6890 571
6894 589
6898 580
6902 597
6906 587
6910 578
6914 595
6918 586
6922 602
6926 592
6930 583
6934 599
6938 589
6942 605
6946 595
6950 585
6954 602
6958 591
6962 607
6966 597
6970 587
6974 603
6978 593
6982 608
6986 598
6990 613
6994 601
6998 616
7002 605
7006 594
7010 610
7014 599
7018 614
7022 602
7026 617
7030 605
7034 620
7038 608
7042 597
7046 612
7050 601
7054 616
7058 604
7062 619
7066 607
7070 621
7074 609
7078 598
7082 613
7086 627
7090 614
7094 603
7098 617
7102 605
7106 620
7110 608
7114 622
7118 610
7122 624
7126 611
7130 625
7134 613
7138 626
7142 614
7146 602
7150 617
7154 605
7158 620
7162 608
7166 622
7170 610
7174 624
7178 611
7182 625
7186 612
7190 626
7194 613
7198 602
7202 617
7206 605
7210 620
7214 608
7218 622
7222 609
7226 623
7230 611
7234 600
7238 615
7242 603
7246 618
7250 606
7254 595
7258 611
7262 600
7266 615
7270 603
7274 593
7278 608
7282 598
7286 613
7290 601
7294 591
7298 607
7302 596
7306 612
7310 600
7314 590
7318 581
7322 598
7326 588
7330 604
7334 594
7338 584
7342 601
7346 591
7350 582
7354 598
7358 589
7362 580
7366 572
7370 589
7374 580
7378 572
7382 590
7386 581
7390 573
7394 566
7398 584
7402 575
7406 593
7410 584
7414 575
7418 568
7422 586
7426 577
7430 569
7434 587
7438 579
7442 571
7446 589
7450 580
7454 572
7458 589
7462 580
7466 572
7470 590
7474 581
7478 573
7482 591
7486 581
7490 573
7494 591
7498 582
7502 598
7506 589
7510 580
7514 597
7518 587
7522 603
7526 593
7530 584
7534 600
7538 590
7542 606
7546 595
7550 586
7554 602
7558 592
7562 608
7566 597
7570 587
7574 603
7578 593
7582 609
7586 598
7590 613
7594 602
7598 616
7602 605
7606 594
7610 610
7614 599
7618 614
7622 602
7626 617
7630 605
7634 620
7638 608
7642 597
7646 612
7650 601
7654 616
7658 604
7662 619
7666 607
7670 621
7674 609
7678 598
7682 613
7686 602
7690 616
7694 605
7698 619
7702 607
7706 622
7710 609
7714 623
7718 611
7722 625
7726 612
7730 601
7734 616
7738 629
7742 616
7746 605
7750 619
7754 607
7758 621
7762 609
7766 623
7770 611
7774 625
7778 612
7782 626
7786 613
7790 627
7794 614
7798 603
7802 617
7806 606
7810 620
7814 608
7818 622
7822 610
7826 624
7830 611
7834 600
7838 615
7842 604
7846 618
7850 606
7854 596
7858 611
7862 600
7866 615
7870 603
7874 593
7878 609
7882 598
7886 613
7890 602
7894 591
7898 607
7902 596
7906 612
7910 600
7914 590
7918 581
7922 598
7926 588
7930 604
7934 594
7938 584
7942 601
7946 591
7950 582
7954 598
7958 589
7962 580
7966 572
7970 589
7974 580
7978 597
7982 588
7986 579
7990 571
7994 589
7998 580
8002 572
8006 590
8010 581
8014 572
8018 590
8022 581
8026 573
8030 591
8034 581
8038 573
8042 566
8046 584
8050 576
8054 568
8058 586
8062 578
8066 570
8070 588
8074 579
8078 596
8082 586
8086 578
8090 595
8094 585
8098 577
8102 594
8106 585
8110 576
8114 593
8118 584
8122 601
8126 590
8130 581
8134 598
8138 588
8142 604
8146 594
8150 584
8154 601
8158 591
8162 607
8166 596
8170 586
8174 603
8178 592
8182 608
8186 597
8190 612
8194 601
8198 591
8202 607
8206 596
8210 611
8214 600
8218 615
8222 604
8226 618
8230 606
8234 596
8238 611
8242 600
8246 615
8250 603
8254 618
8258 606
8262 620
8266 608
8270 622
8274 610
8278 599
8282 614
8286 603
8290 617
8294 606
8298 620
8302 608
8306 622
8310 610
8314 599
8318 614
8322 627
8326 615
8330 603
8334 618
8338 606
8342 620
8346 608
8350 622
8354 610
8358 624
8362 612
8366 600
8370 615
8374 629
8378 616
8382 604
8386 619
8390 607
8394 621
8398 609
8402 623
8406 611
8410 624
8414 612
8418 626
8422 613
8426 602
8430 617
8434 605
8438 619
8442 607
8446 622
8450 609
8454 598
8458 613
8462 602
8466 617
8470 605
8474 595
8478 610
8482 599
8486 614
8490 603
8494 592
8498 608
8502 597
8506 612
8510 601
8514 591
8518 607
8522 596
8526 586
8530 603
8534 592
8538 583
8542 600
8546 590
8550 581
8554 598
8558 588
8562 579
8566 571
8570 589
8574 580
8578 597
8582 587
8586 578
8590 570
8594 588
8598 579
8602 571
8606 589
8610 580
8614 572
8618 590
8622 581
8626 573
8630 590
8634 581
8638 573
8642 566
8646 584
8650 576
8654 593
8658 584
8662 575
8666 593
8670 583
8674 575
8678 592
8682 583
8686 575
8690 592
8694 583
8698 600
8702 590
8706 581
8710 598
8714 588
8718 604
8722 593
8726 584
8730 601
8734 590
8738 581
8742 598
8746 588
8750 604
8754 594
8758 585
8762 601
8766 591
8770 607
8774 596
8778 611
8782 600
8786 590
8790 606
8794 595
8798 611
8802 600
8806 590
8810 606
8814 595
8818 610
8822 599
8826 589
8830 605
8834 595
8838 610
8842 599
8846 614
8850 603
8854 617
8858 606
8862 595
8866 610
8870 599
8874 614
8878 603
8882 618
8886 606
8890 620
8894 608
8898 597
8902 612
8906 601
8910 616
8914 604
8918 619
8922 607
8926 621
8930 609
8934 598
8938 613
8942 627
8946 614
8950 603
8954 617
8958 606
8962 620
8966 608
8970 622
8974 610
8978 624
8982 611
8986 625
8990 613
8994 626
8998 614
9002 602
9006 617
9010 605
9014 620
9018 608
9022 622
9026 610
9030 624
9034 611
9038 600
9042 615
9046 603
9050 618
9054 606
9058 595
9062 611
9066 600
9070 615
9074 603
9078 593
9082 608
9086 598
9090 613
9094 601
9098 591
9102 607
9106 596
9110 612
9114 600
9118 590
9122 606
9126 596
9130 611
9134 600
9138 590
9142 606
9146 595
9150 586
9154 602
9158 592
9162 582
9166 599
9170 589
9174 580
9178 597
9182 587
9186 579
9190 571
9194 589
9198 580
9202 572
9206 589
9210 580
9214 572
9218 590
9222 581
9226 598
9230 588
9234 579
9238 571
9242 589
9246 580
9250 572
9254 590
9258 581
9262 573
9266 590
9270 581
9274 598
9278 588
9282 579
9286 571
9290 589
9294 580
9298 597
9302 587
9306 579
9310 596
9314 586
9318 602
9322 592
9326 583
9330 600
9334 590
9338 606
9342 595
9346 585
9350 602
9354 592
9358 607
9362 597
9366 587
9370 603
9374 593
9378 608
9382 598
9386 588
9390 604
9394 593
9398 609
9402 598
9406 588
9410 604
9414 594
9418 609
9422 598
9426 614
9430 602
9434 592
9438 608
9442 597
9446 612
9450 601
9454 616
9458 604
9462 594
9466 609
9470 598
9474 613
9478 602
9482 617
9486 605
9490 619
9494 607
9498 597
9502 612
9506 601
9510 616
9514 604
9518 619
9522 607
9526 621
9530 609
9534 623
9538 611
9542 624
9546 612
9550 601
9554 616
9558 604
9562 619
9566 607
9570 621
9574 609
9578 623
9582 610
9586 624
9590 612
9594 626
9598 613
9602 602
9606 616
9610 605
9614 619
9618 607
9622 621
9626 609
9630 598
9634 613
9638 602
9642 617
9646 605
9650 620
9654 608
9658 597
9662 612
9666 601
9670 616
9674 604
9678 594
9682 609
9686 598
9690 613
9694 602
9698 592
9702 607
9706 597
9710 612
9714 601
9718 591
9722 581
9726 598
9730 588
9734 605
9738 594
9742 585
9746 601
9750 591
9754 582
9758 599
9762 589
9766 580
9770 572
9774 589
9778 580
9782 597
9786 588
9790 579
9794 571
9798 589
9802 580
9806 597
9810 587
9814 578
9818 570
9822 588
9826 579
9830 596
9834 587
9838 578
9842 570
9846 588
9850 579
9854 596
9858 587
9862 578
9866 595
9870 585
9874 602
9878 592
9882 582
9886 599
9890 589
9894 580
9898 597
9902 587
9906 579
9910 596
9914 586
9918 602
9922 592
9926 583
9930 600
9934 590
9938 606
9942 595
9946 585
9950 602
9954 592
9958 607
9962 597
9966 587
9970 603
9974 593
9978 608
9982 598
9986 613
9990 601
9994 616
9998 605
10002 594
10006 610
10010 599
10014 614
10018 602
10022 592
10026 608
10030 597
10034 612
10038 601
10042 616
10046 604
10050 619
10054 607
10058 596
10062 611
10066 600
10070 615
10074 604
10078 618
10082 606
10086 621
10090 608
10094 598
10098 613
10102 601
10106 616
10110 605
10114 619
10118 607
10122 621
10126 609
10130 598
10134 613
10138 602
10142 617
10146 605
10150 619
10154 607
10158 622
10162 609
10166 598
10170 614
10174 602
10178 617
10182 605
10186 620
10190 608
10194 622
10198 610
10202 599
10206 614
10210 602
10214 617
10218 605
10222 620
10226 608
10230 622
10234 610
10238 599
10242 614
10246 602
10250 617
10254 605
10258 595
10262 610
10266 599
10270 614
10274 603
10278 592
10282 608
10286 597
10290 612
10294 601
10298 591
10302 607
10306 596
10310 586
10314 603
10318 592
10322 583
10326 600
10330 590
10334 606
10338 595
10342 586
10346 602
10350 592
10354 582
10358 599
10362 589
10366 580
10370 572
10374 590
10378 581
10382 598
10386 588
10390 579
10394 571
10398 589
10402 580
10406 572
10410 590
10414 581
10418 573
10422 590
10426 581
10430 573
10434 591
10438 582
10442 573
10446 591
10450 582
10454 599
10458 589
10462 580
10466 597
10470 587
10474 603
10478 593
10482 584
10486 575
10490 593
10494 583
10498 600
10502 590
10506 581
10510 598
10514 588
10518 604
10522 594
10526 584
10530 601
10534 591
10538 606
10542 596
10546 611
10550 600
10554 590
10558 606
10562 595
10566 611
10570 600
10574 590
10578 606
10582 595
10586 610
10590 599
10594 614
10598 603
10602 593
10606 608
10610 597
10614 613
10618 601
10622 591
10626 607
10630 596
10634 612
10638 600
10642 590
10646 606
10650 620
10654 608
10658 598
10662 613
10666 601
10670 616
10674 605
10678 619
10682 607
10686 621
10690 609
10694 598
10698 613
10702 602
10706 617
10710 605
10714 619
10718 607
10722 622
10726 609
10730 598
10734 614
10738 602
10742 617
10746 605
10750 620
10754 608
10758 622
10762 610
10766 599
10770 614
10774 602
10778 617
10782 605
10786 620
10790 608
10794 622
10798 610
10802 599
10806 614
10810 602
10814 617
10818 605
10822 620
10826 608
10830 622
10834 610
10838 599
10842 614
10846 602
10850 617
10854 605
10858 595
10862 610
10866 599
10870 614
10874 603
10878 592
10882 608
10886 597
10890 587
10894 604
10898 593
10902 584
10906 600
10910 590
10914 606
10918 596
10922 586
10926 602
10930 592
10934 583
10938 599
10942 589
10946 580
10950 597
10954 588
10958 579
10962 596
10966 586
10970 578
10974 595
10978 585
10982 602
10986 591
10990 582
10994 574
10998 592
11002 582
11006 574
11010 592
11014 582
11018 574
11022 592
11026 582
11030 599
11034 589
11038 580
11042 597
11046 587
11050 579
11054 596
11058 586
11062 577
11066 595
11070 585
11074 602
11078 591
11082 582
11086 599
11090 589
11094 605
11098 594
11102 585
11106 601
11110 591
11114 607
11118 596
11122 587
11126 603
11130 593
11134 608
11138 597
11142 588
11146 604
11150 593
11154 609
11158 598
11162 588
11166 604
11170 594
11174 609
11178 598
11182 614
11186 602
11190 592
11194 608
11198 597
11202 612
11206 601
11210 616
11214 604
11218 594
11222 609
11226 598
11230 613
11234 602
11238 592
11242 608
11246 597
11250 612
11254 601
11258 616
11262 604
11266 619
11270 607
11274 621
11278 609
11282 598
11286 613
11290 602
11294 616
11298 605
11302 619
11306 607
11310 596
11314 612
11318 601
11322 615
11326 604
11330 618
11334 607
11338 621
11342 609
11346 598
11350 613
11354 602
11358 616
11362 605
11366 619
11370 607
11374 621
11378 609
11382 598
11386 613
11390 602
11394 617
11398 605
11402 594
11406 610
11410 599
11414 614
11418 603
11422 617
11426 605
11430 595
11434 610
11438 599
11442 589
11446 605
11450 595
11454 610
11458 599
11462 589
11466 605
11470 595
11474 610
11478 599
11482 589
11486 605
11490 595
11494 610
11498 599
11502 589
11506 605
11510 595
11514 585
11518 601
11522 591
11526 582
11530 599
11534 589
11538 605
11542 594
11546 585
11550 601
11554 591
11558 582
11562 599
11566 589
11570 580
11574 572
11578 590
11582 581
11586 598
11590 588
11594 579
11598 571
11602 589
11606 580
11610 597
11614 587
11618 578
11622 595
11626 586
11630 577
11634 594
11638 585
11642 576
11646 569
11650 587
11654 578
11658 595
11662 586
11666 577
11670 594
11674 585
11678 601
11682 591
11686 582
11690 574
11694 591
11698 582
11702 599
11706 589
11710 580
11714 597
11718 587
11722 603
11726 593
11730 584
11734 600
11738 590
11742 606
11746 595
11750 611
11754 600
11758 615
11762 603
11766 593
11770 608
11774 598
11778 613
11782 601
11786 591
11790 607
11794 596
11798 612
11802 600
11806 615
11810 604
11814 618
11818 606
11822 596
11826 611
11830 600
11834 615
11838 603
11842 618
11846 606
11850 620
11854 608
11858 597
11862 613
11866 601
11870 616
11874 605
11878 619
11882 607
11886 621
11890 609
11894 623
11898 611
11902 625
11906 612
11910 601
11914 616
11918 604
11922 619
11926 607
11930 621
11934 609
11938 623
11942 611
11946 599
11950 614
11954 628
11958 615
11962 604
11966 618
11970 606
11974 621
11978 609
11982 623
11986 610
11990 599
11994 614
11998 603
12002 617
12006 606
12010 620
12014 608
12018 597
12022 612
12026 601
12030 616
12034 604
12038 594
12042 609
12046 598
12050 613
12054 602
12058 592
12062 608
12066 597
12070 612
12074 601
12078 591
12082 607
12086 596
12090 586
12094 603
12098 592
12102 583
12106 600
12110 590
12114 606
12118 595
12122 585
12126 577
12130 594
12134 585
12138 601
12142 591
12146 582
12150 599
12154 589
12158 580
12162 572
12166 590
12170 581
12174 572
12178 590
12182 581
12186 573
12190 591
12194 581
12198 573
12202 591
12206 582
12210 574
12214 591
12218 582
12222 574
12226 591
12230 582
12234 574
12238 591
12242 582
12246 574
12250 592
12254 582
12258 599
12262 589
12266 580
12270 597
12274 587
12278 579
12282 596
12286 586
12290 577
12294 595
12298 585
12302 602
12306 591
12310 607
12314 596
12318 587
12322 603
12326 593
12330 583
12334 600
12338 615
12342 603
12346 593
12350 609
12354 598
12358 613
12362 602
12366 591
12370 607
12374 596
12378 612
12382 600
12386 615
12390 604
12394 618
12398 606
12402 596
12406 611
12410 600
12414 615
12418 603
12422 618
12426 606
12430 620
12434 608
12438 598
12442 613
12446 601
12450 616
12454 605
12458 619
12462 607
12466 621
12470 609
12474 598
12478 613
12482 602
12486 617
12490 605
12494 619
12498 607
12502 622
12506 609
12510 623
12514 611
12518 625
12522 612
12526 601
12530 616
12534 604
12538 619
12542 607
12546 621
12550 609
12554 623
12558 611
12562 600
12566 615
12570 628
12574 615
12578 604
12582 618
12586 606
12590 621
12594 609
12598 598
12602 613
12606 601
12610 616
12614 605
12618 619
12622 607
12626 596
12630 612
12634 600
12638 590
12642 606
12646 596
12650 611
12654 600
12658 590
12662 606
12666 595
12670 611
12674 599
12678 589
12682 605
12686 595
12690 585
12694 602
12698 592
12702 582
12706 599
12710 589
12714 605
12718 595
12722 585
12726 577
12730 594
12734 584
12738 601
12742 591
12746 582
12750 573
12754 591
12758 582
12762 574
12766 591
12770 582
12774 574
12778 591
12782 582
12786 574
12790 591
12794 582
12798 574
12802 567
12806 585
12810 576
12814 594
12818 584
12822 576
12826 593
12830 584
12834 575
12838 593
12842 583
12846 575
12850 592
12854 583
12858 575
12862 592
12866 583
12870 575
12874 592
12878 583
12882 600
12886 590
12890 581
12894 597
12898 588
12902 604
12906 593
12910 584
12914 601
12918 590
12922 606
12926 596
12930 586
12934 602
12938 592
12942 608
12946 597
12950 612
12954 601
12958 616
12962 604
12966 594
12970 609
12974 598
12978 613
12982 602
12986 592
12990 608
12994 597
12998 612
13002 601
13006 616
13010 604
13014 619
13018 607
13022 621
13026 609
13030 598
13034 613
13038 602
13042 616
13046 605
13050 619
13054 607
13058 621
13062 609
13066 623
13070 611
13074 600
13078 615
13082 603
13086 618
13090 606
13094 620
13098 608
13102 622
13106 610
13110 624
13114 612
13118 625
13122 613
13126 601
13130 616
13134 605
13138 619
13142 607
13146 621
13150 609
13154 623
13158 611
13162 600
13166 615
13170 628
13174 615
13178 604
13182 618
13186 606
13190 621
13194 609
13198 598
13202 613
13206 602
13210 616
13214 605
13218 619
13222 607
13226 596
13230 612
13234 600
13238 590
13242 606
13246 596
13250 611
13254 600
13258 615
13262 603
13266 593
13270 609
13274 598
13278 588
13282 604
13286 594
13290 609
13294 598
13298 588
13302 579
13306 596
13310 587
13314 603
13318 593
13322 583
13326 575
13330 592
13334 583
13338 600
13342 590
13346 581
13350 598
13354 588
13358 579
13362 596
13366 586
13370 578
13374 570
13378 588
13382 579
13386 596
13390 586
13394 578
13398 570
13402 588
13406 579
13410 571
13414 589
13418 580
13422 572
13426 590
13430 581
13434 573
13438 590
13442 581
13446 573
13450 591
13454 582
13458 573
13462 591
13466 582
13470 574
13474 591
13478 582
13482 599
13486 589
13490 580
13494 597
13498 587
13502 603
13506 593
13510 584
13514 600
13518 590
13522 606
13526 595
13530 586
13534 602
13538 592
13542 608
13546 597
13550 587
13554 603
13558 593
13562 609
13566 598
13570 588
13574 604
13578 619
13582 607
13586 596
13590 611
13594 600
13598 615
13602 604
13606 593
13610 609
13614 623
13618 610
13622 599
13626 614
13630 603
13634 618
13638 606
13642 620
13646 608
13650 622
13654 610
13658 599
13662 614
13666 628
13670 615
13674 603
13678 618
13682 606
13686 620
13690 608
13694 622
13698 610
13702 624
13706 612
13710 625
13714 613
13718 626
13722 614
13726 602
13730 617
13734 605
13738 620
13742 608
13746 622
13750 610
13754 624
13758 611
13762 600
13766 615
13770 628
13774 616
13778 604
13782 618
13786 607
13790 621
13794 609
13798 598
13802 613
13806 627
13810 614
13814 602
13818 617
13822 605
13826 620
13830 608
13834 597
13838 612
13842 601
13846 616
13850 604
13854 594
13858 609
13862 598
13866 588
13870 605
13874 594
13878 610
13882 599
13886 589
13890 605
13894 594
13898 585
13902 601
13906 591
13910 582
13914 599
13918 589
13922 580
13926 597
13930 587
13934 578
13938 595
13942 586
13946 577
13950 594
13954 585
13958 576
13962 594
13966 584
13970 576
13974 568
13978 586
13982 578
13986 570
13990 588
13994 579
13998 571
14002 589
14006 580
14010 572
14014 590
14018 581
14022 573
14026 590
14030 581
14034 573
14038 591
14042 582
14046 573
14050 591
14054 582
14058 574
14062 591
14066 582
14070 574
14074 591
14078 582
14082 574
14086 591
14090 582
14094 574
14098 592
14102 582
14106 599
14110 589
14114 580
14118 597
14122 587
14126 604
14130 593
14134 609
14138 598
14142 588
14146 604
14150 594
14154 609
14158 598
14162 613
14166 602
14170 592
14174 608
14178 597
14182 612
14186 601
14190 616
14194 604
14198 619
14202 607
14206 596
14210 611
14214 600
14218 615
14222 604
14226 618
14230 606
14234 621
14238 608
14242 623
14246 610
14250 624
14254 612
14258 600
14262 615
14266 604
14270 618
14274 606
14278 621
14282 609
14286 623
14290 610
14294 624
14298 612
14302 626
14306 613
14310 627
14314 614
14318 627
14322 615
14326 603
14330 618
14334 631
14338 618
14342 606
14346 620
14350 608
14354 622
14358 610
14362 624
14366 612
14370 625
14374 613
14378 626
14382 614
14386 627
14390 615
14394 603
14398 618
14402 606
14406 620
14410 608
14414 597
14418 613
14422 601
14426 616
14430 604
14434 594
14438 609
14442 598
14446 614
14450 602
14454 592
14458 608
14462 597
14466 612
14470 601
14474 591
14478 607
14482 596
14486 611
14490 600
14494 590
14498 581
14502 598
14506 588
14510 604
14514 594
14518 584
14522 601
14526 591
14530 582
14534 598
14538 588
14542 580
14546 597
14550 587
14554 578
14558 570
14562 588
14566 579
14570 571
14574 589
14578 580
14582 572
14586 590
14590 581
14594 573
14598 565
14602 584
14606 575
14610 568
14614 586
14618 577
14622 570
14626 588
14630 579
14634 571
14638 589
14642 580
14646 572
14650 589
14654 580
14658 572
14662 590
14666 581
14670 573
14674 591
14678 581
14682 573
14686 591
14690 582
14694 574
14698 591
14702 582
14706 599
14710 589
14714 580
14718 597
14722 587
14726 603
14730 593
14734 584
14738 600
14742 590
14746 606
14750 595
14754 611
14758 600
14762 590
14766 606
14770 595
14774 610
14778 599
14782 614
14786 603
14790 593
14794 608
14798 622
14802 610
14806 599
14810 614
14814 603
14818 617
14822 606
14826 620
14830 608
14834 622
14838 610
14842 599
14846 614
14850 602
14854 617
14858 605
14862 620
14866 608
14870 622
14874 610
14878 624
14882 611
14886 625
14890 613
14894 626
14898 614
14902 627
14906 614
14910 603
14914 618
14918 606
14922 620
14926 608
14930 622
14934 610
14938 624
14942 611
14946 625
14950 613
14954 626
14958 614
14962 602
14966 617
14970 630
14974 617
14978 605
14982 620
14986 608
14990 622
14994 610
14998 624
