10 0
14 0
18 0
22 1
26 1
30 1
34 1
38 1
42 2
46 2
50 2
54 2
58 3
62 3
66 4
70 4
74 4
78 5
82 5
86 6
90 6
94 7
98 7
102 8
106 8
110 9
114 9
118 10
122 10
126 11
130 12
134 12
138 12
142 13
146 14
150 14
154 15
158 15
162 16
166 16
170 17
174 18
178 18
182 19
186 19
190 20
194 20
198 21
202 21
206 22
210 22
214 23
218 24
222 24
226 25
230 25
234 26
238 26
242 27
246 28
250 28
254 29
258 29
262 30
266 30
270 31
274 32
278 32
282 33
286 33
290 34
294 34
298 35
302 36
306 36
310 37
314 37
318 38
322 38
326 39
330 40
334 40
338 41
342 41
346 42
350 42
354 43
358 44
362 44
366 45
370 45
374 46
378 46
382 47
386 48
390 48
394 49
398 49
402 50
406 50
410 51
414 52
418 52
422 53
426 53
430 54
434 54
438 55
442 56
446 56
450 57
454 57
458 58
462 58
466 59
470 60
474 60
478 61
482 61
486 62
490 62
494 63
498 64
502 64
506 65
510 65
514 66
518 66
522 67
526 68
530 68
534 69
538 69
542 70
546 70
550 71
554 72
558 72
562 73
566 73
570 74
574 74
578 75
582 76
586 76
590 77
594 77
598 78
602 79
606 79
610 80
614 80
618 81
622 82
626 82
630 83
634 83
638 84
642 84
646 85
650 86
654 86
658 87
662 87
666 88
670 88
674 89
678 90
682 90
686 91
690 91
694 92
698 92
702 93
706 94
710 94
714 95
718 95
722 96
726 96
730 97
734 98
738 98
742 99
746 100
750 100
754 101
758 101
762 102
766 102
770 103
774 104
778 104
782 105
786 105
790 106
794 106
798 107
802 108
806 108
810 109
814 109
818 110
822 110
826 111
830 112
834 112
838 113
842 113
846 114
850 115
854 115
858 116
862 116
866 117
870 117
874 118
878 119
882 119
886 120
890 120
894 121
898 122
902 122
906 123
910 123
914 124
918 124
922 125
926 126
930 126
934 127
938 127
942 128
946 128
950 129
954 130
958 130
962 131
966 132
970 132
974 133
978 133
982 134
986 134
990 135
994 136
998 136
1002 137
1006 137
1010 138
1014 138
1018 139
1022 140
1026 140
1030 141
1034 141
1038 142
1042 142
1046 143
1050 144
1054 144
1058 145
1062 145
1066 146
1070 146
1074 147
1078 148
1082 148
1086 149
1090 149
1094 150
1098 151
1102 151
1106 152
1110 152
1114 153
1118 154
1122 154
1126 155
1130 155
1134 156
1138 156
1142 157
1146 158
1150 158
1154 159
1158 159
1162 160
1166 160
1170 161
1174 162
1178 162
1182 163
1186 163
1190 164
1194 164
1198 165
1202 166
1206 166
1210 167
1214 168
1218 168
1222 169
1226 169
1230 170
1234 170
1238 171
1242 172
1246 172
1250 173
1254 173
1258 174
1262 174
1266 175
1270 176
1274 176
1278 177
1282 178
1286 178
1290 179
1294 179
1298 180
1302 180
1306 181
1310 182
1314 182
1318 183
1322 183
1326 184
1330 185
1334 185
1338 186
1342 186
1346 187
1350 187
1354 188
1358 189
1362 189
1366 190
1370 190
1374 191
1378 192
1382 192
1386 193
1390 193
1394 194
1398 194
1402 195
1406 196
1410 196
1414 197
1418 198
1422 198
1426 199
1430 199
1434 200
1438 200
1442 201
1446 202
1450 202
1454 203
1458 204
1462 204
1466 205
1470 205
1474 206
1478 206
1482 207
1486 208
1490 208
1494 209
1498 209
1502 210
1506 210
1510 211
1514 212
1518 212
1522 213
1526 214
1530 214
1534 215
1538 215
1542 216
1546 216
1550 217
1554 218
1558 218
1562 219
1566 220
1570 220
1574 221
1578 221
1582 222
1586 222
1590 223
1594 224
1598 224
1602 225
1606 225
1610 226
1614 227
1618 227
1622 228
1626 228
1630 229
1634 230
1638 230
1642 231
1646 231
1650 232
1654 232
1658 233
1662 234
1666 234
1670 235
1674 236
1678 236
1682 237
1686 237
1690 238
1694 238
1698 239
1702 240
1706 240
1710 241
1714 241
1718 242
1722 243
1726 243
1730 244
1734 244
1738 245
1742 246
1746 246
1750 247
1754 247
1758 248
1762 248
1766 249
1770 250
1774 250
1778 251
1782 252
1786 252
1790 253
1794 253
1798 254
1802 254
1806 255
1810 256
1814 256
1818 257
1822 257
1826 258
1830 258
1834 259
1838 260
1842 260
1846 261
1850 261
1854 262
1858 262
1862 263
1866 264
1870 264
1874 265
1878 266
1882 266
1886 267
1890 267
1894 268
1898 268
1902 269
1906 270
1910 270
1914 271
1918 271
1922 272
1926 273
1930 273
1934 274
1938 274
1942 275
1946 276
1950 276
1954 277
1958 277
1962 278
1966 278
1970 279
1974 280
1978 280
1982 281
1986 281
1990 282
1994 282
1998 283
2002 284
2006 284
2010 285
2014 285
2018 286
2022 287
2026 287
2030 288
2034 288
2038 289
2042 290
2046 290
2050 291
2054 291
2058 292
2062 292
2066 293
2070 294
2074 294
2078 295
2082 295
2086 296
2090 297
2094 297
2098 298
2102 298
2106 299
2110 300
2114 300
2118 301
2122 301
2126 302
2130 302
2134 303
2138 304
2142 304
2146 305
2150 305
2154 306
2158 306
2162 307
2166 308
2170 308
2174 309
2178 309
2182 310
2186 311
2190 311
2194 312
2198 312
2202 313
2206 314
2210 314
2214 315
2218 315
2222 316
2226 316
2230 317
2234 318
2238 318
2242 319
2246 319
2250 320
2254 320
2258 321
2262 322
2266 322
2270 323
2274 323
2278 324
2282 324
2286 325
2290 326
2294 326
2298 327
2302 327
2306 328
2310 328
2314 329
2318 330
2322 330
2326 331
2330 331
2334 332
2338 332
2342 333
2346 334
2350 334
2354 335
2358 335
2362 336
2366 336
2370 337
2374 338
2378 338
2382 339
2386 339
2390 340
2394 341
2398 341
2402 342
2406 342
2410 343
2414 344
2418 344
2422 345
2426 345
2430 346
2434 346
2438 347
2442 348
2446 348
2450 349
2454 349
2458 350
2462 350
2466 351
2470 352
2474 352
2478 353
2482 353
2486 354
2490 354
2494 355
2498 356
2502 356
2506 357
2510 357
2514 358
2518 358
2522 359
2526 360
2530 360
2534 361
2538 361
2542 362
2546 362
2550 363
2554 364
2558 364
2562 365
2566 365
2570 366
2574 366
2578 367
2582 368
2586 368
2590 369
2594 369
2598 370
2602 371
2606 371
2610 372
2614 372
2618 373
2622 373
2626 374
2630 374
2634 375
2638 376
2642 376
2646 377
2650 377
2654 378
2658 378
2662 379
2666 380
2670 380
2674 381
2678 381
2682 382
2686 382
2690 383
2694 384
2698 384
2702 385
2706 385
2710 386
2714 386
2718 387
2722 388
2726 388
2730 389
2734 389
2738 390
2742 390
2746 391
2750 392
2754 392
2758 393
2762 393
2766 394
2770 394
2774 395
2778 396
2782 396
2786 397
2790 397
2794 398
2798 398
2802 399
2806 400
2810 400
2814 401
2818 401
2822 402
2826 402
2830 403
2834 404
2838 404
2842 405
2846 405
2850 406
2854 406
2858 407
2862 408
2866 408
2870 409
2874 409
2878 410
2882 410
2886 411
2890 412
2894 412
2898 413
2902 413
2906 414
2910 415
2914 415
2918 416
2922 416
2926 417
2930 418
2934 418
2938 419
2942 419
2946 420
2950 420
2954 421
2958 422
2962 422
2966 423
2970 423
2974 424
2978 424
2982 425
2986 426
2990 426
2994 427
2998 427
3002 428
3006 428
3010 429
3014 430
3018 430
3022 431
3026 431
3030 432
3034 432
3038 433
3042 434
3046 434
3050 435
3054 435
3058 436
3062 436
3066 437
3070 438
3074 438
3078 439
3082 439
3086 440
3090 440
3094 441
3098 442
3102 442
3106 443
3110 443
3114 444
3118 445
3122 445
3126 446
3130 446
3134 447
3138 448
3142 448
3146 449
3150 449
3154 450
3158 450
3162 451
3166 452
3170 452
3174 453
3178 453
3182 454
3186 454
3190 455
3194 456
3198 456
3202 457
3206 457
3210 458
3214 458
3218 459
3222 460
3226 460
3230 461
3234 461
3238 462
3242 463
3246 463
3250 464
3254 464
3258 465
3262 466
3266 466
3270 467
3274 467
3278 468
3282 468
3286 469
3290 470
3294 470
3298 471
3302 471
3306 472
3310 472
3314 473
3318 474
3322 474
3326 475
3330 475
3334 476
3338 476
3342 477
3346 478
3350 478
3354 479
3358 479
3362 480
3366 480
3370 481
3374 482
3378 482
3382 483
3386 484
3390 484
3394 485
3398 485
3402 486
3406 486
3410 487
3414 488
3418 488
3422 489
3426 489
3430 490
3434 490
3438 491
3442 492
3446 492
3450 493
3454 493
3458 494
3462 494
3466 495
3470 496
3474 496
3478 497
3482 498
3486 498
3490 499
3494 499
3498 500
3502 500
3506 501
3510 502
3514 502
3518 503
3522 503
3526 504
3530 504
3534 505
3538 506
3542 506
3546 507
3550 507
3554 508
3558 508
3562 509
3566 510
3570 510
3574 511
3578 511
3582 512
3586 513
3590 513
3594 514
3598 514
3602 515
3606 516
3610 516
3614 517
3618 517
3622 518
3626 518
3630 519
3634 520
3638 520
3642 521
3646 521
3650 522
3654 522
3658 523
3662 524
3666 524
3670 525
3674 525
3678 526
3682 526
3686 527
3690 528
3694 528
3698 529
3702 529
3706 530
3710 530
3714 531
3718 532
3722 532
3726 533
3730 534
3734 534
3738 535
3742 535
3746 536
3750 536
3754 537
3758 538
3762 538
3766 539
3770 539
3774 540
3778 540
3782 541
3786 542
3790 542
3794 543
3798 544
3802 544
3806 545
3810 545
3814 546
3818 546
3822 547
3826 548
3830 548
3834 549
3838 549
3842 550
3846 550
3850 551
3854 552
3858 552
3862 553
3866 553
3870 554
3874 555
3878 555
3882 556
3886 556
3890 557
3894 558
3898 558
3902 559
3906 559
3910 560
3914 561
3918 561
3922 562
3926 562
3930 563
3934 564
3938 564
3942 565
3946 565
3950 566
3954 566
3958 567
3962 568
3966 568
3970 569
3974 569
3978 570
3982 571
3986 571
3990 572
3994 572
3998 573
4002 574
4006 574
4010 575
4014 575
4018 576
4022 576
4026 577
4030 578
4034 578
4038 579
4042 580
4046 580
4050 581
4054 581
4058 582
4062 582
4066 583
4070 584
4074 584
4078 585
4082 586
4086 586
4090 587
4094 587
4098 588
4102 588
4106 589
4110 590
4114 590
4118 591
4122 591
4126 592
4130 593
4134 593
4138 594
4142 594
4146 595
4150 596
4154 596
4158 597
4162 597
4166 598
4170 598
4174 599
4178 600
4182 600
4186 601
4190 602
4194 602
4198 603
4202 603
4206 604
4210 604
4214 605
4218 606
4222 606
4226 607
4230 607
4234 608
4238 609
4242 609
4246 610
4250 610
4254 611
4258 612
4262 612
4266 613
4270 613
4274 614
4278 614
4282 615
4286 616
4290 616
4294 617
4298 618
4302 618
4306 619
4310 619
4314 620
4318 620
4322 621
4326 622
4330 622
4334 623
4338 623
4342 624
4346 624
4350 625
4354 626
4358 626
4362 627
4366 627
4370 628
4374 628
4378 629
4382 630
4386 630
4390 631
4394 632
4398 632
4402 633
4406 633
4410 634
4414 634
4418 635
4422 636
4426 636
4430 637
4434 637
4438 638
4442 638
4446 639
4450 640
4454 640
4458 641
4462 642
4466 642
4470 643
4474 643
4478 644
4482 644
4486 645
4490 645
4494 646
4498 647
4502 647
4506 648
4510 648
4514 649
4518 650
4522 650
4526 651
4530 651
4534 652
4538 652
4542 653
4546 654
4550 654
4554 655
4558 656
4562 656
4566 657
4570 657
4574 658
4578 658
4582 659
4586 660
4590 660
4594 661
4598 661
4602 662
4606 662
4610 663
4614 664
4618 664
4622 665
4626 665
4630 666
4634 666
4638 667
4642 668
4646 668
4650 669
4654 670
4658 670
4662 671
4666 671
4670 672
4674 672
4678 673
4682 674
4686 674
4690 675
4694 675
4698 676
4702 676
4706 677
4710 678
4714 678
4718 679
4722 679
4726 680
4730 680
4734 681
4738 682
4742 682
4746 683
4750 683
4754 684
4758 685
4762 685
4766 686
4770 686
4774 687
4778 688
4782 688
4786 689
4790 689
4794 690
4798 690
4802 691
4806 692
4810 692
4814 693
4818 693
4822 694
4826 694
4830 695
4834 696
4838 696
4842 697
4846 697
4850 698
4854 698
4858 699
4862 700
4866 700
4870 701
4874 701
4878 702
4882 702
4886 703
4890 704
4894 704
4898 705
4902 705
4906 706
4910 706
4914 707
4918 708
4922 708
4926 709
4930 709
4934 710
4938 710
4942 711
4946 712
4950 712
4954 713
4958 713
4962 714
4966 714
4970 715
4974 716
4978 716
4982 717
4986 717
4990 718
4994 718
4998 719
5002 720
5006 720
5010 721
5014 721
5018 722
5022 722
5026 723
5030 724
5034 724
5038 725
5042 725
5046 726
5050 726
5054 727
5058 728
5062 728
5066 729
5070 729
5074 730
5078 730
5082 731
5086 732
5090 732
5094 733
5098 733
5102 734
5106 734
5110 735
5114 736
5118 736
5122 737
5126 737
5130 738
5134 738
5138 739
5142 740
5146 740
5150 741
5154 741
5158 742
5162 742
5166 743
5170 744
5174 744
5178 745
5182 745
5186 746
5190 746
5194 747
5198 748
5202 748
5206 749
5210 749
5214 750
5218 750
5222 751
5226 752
5230 752
5234 753
5238 753
5242 754
5246 754
5250 755
5254 756
5258 756
5262 757
5266 757
5270 758
5274 758
5278 759
5282 760
5286 760
5290 761
5294 761
5298 762
5302 762
5306 763
5310 764
5314 764
5318 765
5322 765
5326 766
5330 766
5334 767
5338 768
5342 768
5346 769
5350 769
5354 770
5358 770
5362 771
5366 772
5370 772
5374 773
5378 773
5382 774
5386 774
5390 775
5394 776
5398 776
5402 777
5406 777
5410 778
5414 778
5418 779
5422 780
5426 780
5430 781
5434 781
5438 782
5442 783
5446 783
5450 784
5454 784
5458 785
5462 785
5466 786
5470 787
5474 787
5478 788
5482 788
5486 789
5490 790
5494 790
5498 791
5502 791
5506 792
5510 792
5514 793
5518 794
5522 794
5526 795
5530 795
5534 796
5538 796
5542 797
5546 798
5550 798
5554 799
5558 799
5562 800
5566 800
5570 801
5574 802
5578 802
5582 803
5586 803
5590 804
5594 805
5598 805
5602 806
5606 806
5610 807
5614 807
5618 808
5622 809
5626 809
5630 810
5634 810
5638 811
5642 812
5646 812
5650 813
5654 813
5658 814
5662 814
5666 815
5670 816
5674 816
5678 817
5682 817
5686 818
5690 818
5694 819
5698 820
5702 820
5706 821
5710 821
5714 822
5718 822
5722 823
5726 824
5730 824
5734 825
5738 825
5742 826
5746 826
5750 827
5754 828
5758 828
5762 829
5766 829
5770 830
5774 830
5778 831
5782 832
5786 832
5790 833
5794 833
5798 834
5802 835
5806 835
5810 836
5814 836
5818 837
5822 838
5826 838
5830 839
5834 839
5838 840
5842 840
5846 841
5850 842
5854 842
5858 843
5862 843
5866 844
5870 844
5874 845
5878 846
5882 846
5886 847
5890 847
5894 848
5898 848
5902 849
5906 850
5910 850
5914 851
5918 852
5922 852
5926 853
5930 853
5934 854
5938 854
5942 855
5946 856
5950 856
5954 857
5958 857
5962 858
5966 858
5970 859
5974 860
5978 860
5982 861
5986 861
5990 862
5994 862
5998 863
6002 864
6006 864
6010 865
6014 865
6018 866
6022 866
6026 867
6030 868
6034 868
6038 869
6042 869
6046 870
6050 871
6054 871
6058 872
6062 872
6066 873
6070 874
6074 874
6078 875
6082 875
6086 876
6090 876
6094 877
6098 878
6102 878
6106 879
6110 879
6114 880
6118 881
6122 881
6126 882
6130 882
6134 883
6138 884
6142 884
6146 885
6150 885
6154 886
6158 886
6162 887
6166 888
6170 888
6174 889
6178 889
6182 890
6186 890
6190 891
6194 892
6198 892
6202 893
6206 893
6210 894
6214 895
6218 895
6222 896
6226 896
6230 897
6234 898
6238 898
6242 899
6246 899
6250 900
6254 900
6258 901
6262 902
6266 902
6270 903
6274 903
6278 904
6282 905
6286 905
6290 906
6294 906
6298 907
6302 908
6306 908
6310 909
6314 909
6318 910
6322 910
6326 911
6330 912
6334 912
6338 913
6342 913
6346 914
6350 914
6354 915
6358 916
6362 916
6366 917
6370 918
6374 918
6378 919
6382 919
6386 920
6390 920
6394 921
6398 922
6402 922
6406 923
6410 923
6414 924
6418 925
6422 925
6426 926
6430 926
6434 927
6438 928
6442 928
6446 929
6450 929
6454 930
6458 930
6462 931
6466 932
6470 932
6474 933
6478 934
6482 934
6486 935
6490 935
6494 936
6498 936
6502 937
6506 938
6510 938
6514 939
6518 939
6522 940
6526 941
6530 941
6534 942
6538 942
6542 943
6546 944
6550 944
6554 945
6558 945
6562 946
6566 947
6570 947
6574 948
6578 948
6582 949
6586 950
6590 950
6594 951
6598 951
6602 952
6606 952
6610 953
6614 954
6618 954
6622 955
6626 956
6630 956
6634 957
6638 957
6642 958
6646 958
6650 959
6654 960
6658 960
6662 961
6666 961
6670 962
6674 963
6678 963
6682 964
6686 964
6690 965
6694 966
6698 966
6702 967
6706 967
6710 968
6714 969
6718 969
6722 970
6726 970
6730 971
6734 972
6738 972
6742 973
6746 973
6750 974
6754 974
6758 975
6762 976
6766 976
6770 977
6774 977
6778 978
6782 979
6786 979
6790 980
6794 980
6798 981
6802 981
6806 982
6810 983
6814 983
6818 984
6822 984
6826 985
6830 986
6834 986
6838 987
6842 987
6846 988
6850 988
6854 989
6858 990
6862 990
6866 991
6870 991
6874 992
6878 993
6882 993
6886 994
6890 994
6894 995
6898 996
6902 996
6906 997
6910 997
6914 998
6918 998
6922 999
6926 1000
6930 1000
6934 1001
6938 1001
6942 1002
6946 1002
6950 1003
6954 1004
6958 1004
6962 1005
6966 1005
6970 1006
6974 1006
6978 1007
6982 1008
6986 1008
6990 1009
6994 1010
6998 1010
7002 1011
7006 1011
7010 1012
7014 1012
7018 1013
7022 1014
7026 1014
7030 1015
7034 1015
7038 1016
7042 1017
7046 1017
7050 1018
7054 1018
7058 1019
7062 1019
7066 1020
7070 1021
7074 1021
7078 1022
7082 1022
7086 1023
7090 1024
7094 1024
7098 1025
7102 1025
7106 1026
7110 1026
7114 1027
7118 1028
7122 1028
7126 1029
7130 1029
7134 1030
7138 1030
7142 1031
7146 1032
7150 1032
7154 1033
7158 1033
7162 1034
7166 1034
7170 1035
7174 1036
7178 1036
7182 1037
7186 1038
7190 1038
7194 1039
7198 1039
7202 1040
7206 1040
7210 1041
7214 1042
7218 1042
7222 1043
7226 1043
7230 1044
7234 1044
7238 1045
7242 1046
7246 1046
7250 1047
7254 1047
7258 1048
7262 1048
7266 1049
7270 1050
7274 1050
7278 1051
7282 1051
7286 1052
7290 1052
7294 1053
7298 1054
7302 1054
7306 1055
7310 1055
7314 1056
7318 1056
7322 1057
7326 1058
7330 1058
7334 1059
7338 1059
7342 1060
7346 1061
7350 1061
7354 1062
7358 1062
7362 1063
7366 1064
7370 1064
7374 1065
7378 1065
7382 1066
7386 1066
7390 1067
7394 1068
7398 1068
7402 1069
7406 1069
7410 1070
7414 1070
7418 1071
7422 1072
7426 1072
7430 1073
7434 1073
7438 1074
7442 1074
7446 1075
7450 1076
7454 1076
7458 1077
7462 1077
7466 1078
7470 1078
7474 1079
7478 1080
7482 1080
7486 1081
7490 1081
7494 1082
7498 1082
7502 1083
7506 1084
7510 1084
7514 1085
7518 1085
7522 1086
7526 1086
7530 1087
7534 1088
7538 1088
7542 1089
7546 1089
7550 1090
7554 1090
7558 1091
7562 1092
7566 1092
7570 1093
7574 1093
7578 1094
7582 1094
7586 1095
7590 1096
7594 1096
7598 1097
7602 1097
7606 1098
7610 1098
7614 1099
7618 1100
7622 1100
7626 1101
7630 1101
7634 1102
7638 1102
7642 1103
7646 1104
7650 1104
7654 1105
7658 1105
7662 1106
7666 1106
7670 1107
7674 1108
7678 1108
7682 1109
7686 1109
7690 1110
7694 1110
7698 1111
7702 1112
7706 1112
7710 1113
7714 1113
7718 1114
7722 1114
7726 1115
7730 1116
7734 1116
7738 1117
7742 1117
7746 1118
7750 1118
7754 1119
7758 1120
7762 1120
7766 1121
7770 1121
7774 1122
7778 1122
7782 1123
7786 1124
7790 1124
7794 1125
7798 1125
7802 1126
7806 1126
7810 1127
7814 1128
7818 1128
7822 1129
7826 1129
7830 1130
7834 1130
7838 1131
7842 1132
7846 1132
7850 1133
7854 1133
7858 1134
7862 1134
7866 1135
7870 1136
7874 1136
7878 1137
7882 1137
7886 1138
7890 1138
7894 1139
7898 1140
7902 1140
7906 1141
7910 1141
7914 1142
7918 1143
7922 1143
7926 1144
7930 1144
7934 1145
7938 1146
7942 1146
7946 1147
7950 1147
7954 1148
7958 1148
7962 1149
7966 1150
7970 1150
7974 1151
7978 1151
7982 1152
7986 1152
7990 1153
7994 1154
7998 1154
8002 1155
8006 1155
8010 1156
8014 1157
8018 1157
8022 1158
8026 1158
8030 1159
8034 1160
8038 1160
8042 1161
8046 1161
8050 1162
8054 1162
8058 1163
8062 1164
8066 1164
8070 1165
8074 1165
8078 1166
8082 1166
8086 1167
8090 1168
8094 1168
8098 1169
8102 1169
8106 1170
8110 1170
8114 1171
8118 1172
8122 1172
8126 1173
8130 1173
8134 1174
8138 1174
8142 1175
8146 1176
8150 1176
8154 1177
8158 1177
8162 1178
8166 1178
8170 1179
8174 1180
8178 1180
8182 1181
8186 1182
8190 1182
8194 1183
8198 1183
8202 1184
8206 1184
8210 1185
8214 1186
8218 1186
8222 1187
8226 1187
8230 1188
8234 1188
8238 1189
8242 1190
8246 1190
8250 1191
8254 1191
8258 1192
8262 1192
8266 1193
8270 1194
8274 1194
8278 1195
8282 1195
8286 1196
8290 1196
8294 1197
8298 1198
8302 1198
8306 1199
8310 1199
8314 1200
8318 1200
8322 1201
8326 1202
8330 1202
8334 1203
8338 1203
8342 1204
8346 1205
8350 1205
8354 1206
8358 1206
8362 1207
8366 1208
8370 1208
8374 1209
8378 1209
8382 1210
8386 1210
8390 1211
8394 1212
8398 1212
8402 1213
8406 1213
8410 1214
8414 1214
8418 1215
8422 1216
8426 1216
8430 1217
8434 1217
8438 1218
8442 1218
8446 1219
8450 1220
8454 1220
8458 1221
8462 1221
8466 1222
8470 1222
8474 1223
8478 1224
8482 1224
8486 1225
8490 1225
8494 1226
8498 1227
8502 1227
8506 1228
8510 1228
8514 1229
8518 1230
8522 1230
8526 1231
8530 1231
8534 1232
8538 1232
8542 1233
8546 1234
8550 1234
8554 1235
8558 1235
8562 1236
8566 1237
8570 1237
8574 1238
8578 1238
8582 1239
8586 1240
8590 1240
8594 1241
8598 1241
8602 1242
8606 1242
8610 1243
8614 1244
8618 1244
8622 1245
8626 1245
8630 1246
8634 1246
8638 1247
8642 1248
8646 1248
8650 1249
8654 1250
8658 1250
8662 1251
8666 1251
8670 1252
8674 1252
8678 1253
8682 1254
8686 1254
8690 1255
8694 1255
8698 1256
8702 1257
8706 1257
8710 1258
8714 1258
8718 1259
8722 1260
8726 1260
8730 1261
8734 1261
8738 1262
8742 1262
8746 1263
8750 1264
8754 1264
8758 1265
8762 1265
8766 1266
8770 1266
8774 1267
8778 1268
8782 1268
8786 1269
8790 1269
8794 1270
8798 1271
8802 1271
8806 1272
8810 1272
8814 1273
8818 1274
8822 1274
8826 1275
8830 1275
8834 1276
8838 1276
8842 1277
8846 1278
8850 1278
8854 1279
8858 1280
8862 1280
8866 1281
8870 1281
8874 1282
8878 1282
8882 1283
8886 1284
8890 1284
8894 1285
8898 1285
8902 1286
8906 1287
8910 1287
8914 1288
8918 1288
8922 1289
8926 1290
8930 1290
8934 1291
8938 1291
8942 1292
8946 1292
8950 1293
8954 1294
8958 1294
8962 1295
8966 1295
8970 1296
8974 1296
8978 1297
8982 1298
8986 1298
8990 1299
8994 1300
8998 1300
9002 1301
9006 1301
9010 1302
9014 1302
9018 1303
9022 1304
9026 1304
9030 1305
9034 1306
9038 1306
9042 1307
9046 1307
9050 1308
9054 1308
9058 1309
9062 1310
9066 1310
9070 1311
9074 1311
9078 1312
9082 1313
9086 1313
9090 1314
9094 1314
9098 1315
9102 1316
9106 1316
9110 1317
9114 1317
9118 1318
9122 1318
9126 1319
9130 1320
9134 1320
9138 1321
9142 1322
9146 1322
9150 1323
9154 1323
9158 1324
9162 1324
9166 1325
9170 1326
9174 1326
9178 1327
9182 1327
9186 1328
9190 1329
9194 1329
9198 1330
9202 1330
9206 1331
9210 1332
9214 1332
9218 1333
9222 1333
9226 1334
9230 1335
9234 1335
9238 1336
9242 1336
9246 1337
9250 1338
9254 1338
9258 1339
9262 1339
9266 1340
9270 1340
9274 1341
9278 1342
9282 1342
9286 1343
9290 1343
9294 1344
9298 1345
9302 1345
9306 1346
9310 1346
9314 1347
9318 1348
9322 1348
9326 1349
9330 1349
9334 1350
9338 1350
9342 1351
9346 1352
9350 1352
9354 1353
9358 1353
9362 1354
9366 1355
9370 1355
9374 1356
9378 1356
9382 1357
9386 1358
9390 1358
9394 1359
9398 1359
9402 1360
9406 1360
9410 1361
9414 1362
9418 1362
9422 1363
9426 1363
9430 1364
9434 1364
9438 1365
9442 1366
9446 1366
9450 1367
9454 1367
9458 1368
9462 1368
9466 1369
9470 1370
9474 1370
9478 1371
9482 1371
9486 1372
9490 1373
9494 1373
9498 1374
9502 1374
9506 1375
9510 1376
9514 1376
9518 1377
9522 1377
9526 1378
9530 1378
9534 1379
9538 1380
9542 1380
9546 1381
9550 1381
9554 1382
9558 1383
9562 1383
9566 1384
9570 1384
9574 1385
9578 1386
9582 1386
9586 1387
9590 1387
9594 1388
9598 1388
9602 1389
9606 1390
9610 1390
9614 1391
9618 1391
9622 1392
9626 1392
9630 1393
9634 1394
9638 1394
9642 1395
9646 1395
9650 1396
9654 1396
9658 1397
9662 1398
9666 1398
9670 1399
9674 1399
9678 1400
9682 1401
9686 1401
9690 1402
9694 1402
9698 1403
9702 1403
9706 1404
9710 1405
9714 1405
9718 1406
9722 1406
9726 1407
9730 1408
9734 1408
9738 1409
9742 1409
9746 1410
9750 1410
9754 1411
9758 1412
9762 1412
9766 1413
9770 1413
9774 1414
9778 1414
9782 1415
9786 1416
9790 1416
9794 1417
9798 1417
9802 1418
9806 1418
9810 1419
9814 1420
9818 1420
9822 1421
9826 1421
9830 1422
9834 1422
9838 1423
9842 1424
9846 1424
9850 1425
9854 1425
9858 1426
9862 1427
9866 1427
9870 1428
9874 1428
9878 1429
9882 1430
9886 1430
9890 1431
9894 1431
9898 1432
9902 1432
9906 1433
9910 1434
9914 1434
9918 1435
9922 1435
9926 1436
9930 1436
9934 1437
9938 1438
9942 1438
9946 1439
9950 1439
9954 1440
9958 1440
9962 1441
9966 1442
9970 1442
9974 1443
9978 1443
9982 1444
9986 1444
9990 1445
9994 1446
9998 1446
10002 1447
10006 1447
10010 1448
10014 1448
10018 1449
10022 1450
10026 1450
10030 1451
10034 1451
10038 1452
10042 1452
10046 1453
10050 1454
10054 1454
10058 1455
10062 1455
10066 1456
10070 1456
10074 1457
10078 1458
10082 1458
10086 1459
10090 1459
10094 1460
10098 1460
10102 1461
10106 1461
10110 1462
10114 1462
10118 1463
10122 1464
10126 1464
10130 1465
10134 1465
10138 1466
10142 1467
10146 1467
10150 1468
10154 1468
10158 1469
10162 1469
10166 1470
10170 1471
10174 1471
10178 1472
10182 1472
10186 1473
10190 1474
10194 1474
10198 1475
10202 1475
10206 1476
10210 1476
10214 1477
10218 1477
10222 1478
10226 1478
10230 1479
10234 1480
10238 1480
10242 1481
10246 1481
10250 1482
10254 1482
10258 1483
10262 1484
10266 1484
10270 1485
10274 1485
10278 1486
10282 1486
10286 1487
10290 1488
10294 1488
10298 1489
10302 1489
10306 1490
10310 1490
10314 1491
10318 1492
10322 1492
10326 1493
10330 1493
10334 1494
10338 1494
10342 1495
10346 1496
10350 1496
10354 1497
10358 1497
10362 1498
10366 1499
10370 1499
10374 1500
10378 1500
10382 1501
10386 1502
10390 1502
10394 1503
10398 1503
10402 1504
10406 1504
10410 1505
10414 1506
10418 1506
10422 1507
10426 1507
10430 1508
10434 1508
10438 1509
10442 1510
10446 1510
10450 1511
10454 1511
10458 1512
10462 1512
10466 1513
10470 1514
10474 1514
10478 1515
10482 1515
10486 1516
10490 1517
10494 1517
10498 1518
10502 1518
10506 1519
10510 1520
10514 1520
10518 1521
10522 1521
10526 1522
10530 1522
10534 1523
10538 1524
10542 1524
10546 1525
10550 1525
10554 1526
10558 1527
10562 1527
10566 1528
10570 1528
10574 1529
10578 1529
10582 1530
10586 1531
10590 1531
10594 1532
10598 1532
10602 1533
10606 1534
10610 1534
10614 1535
10618 1535
10622 1536
10626 1536
10630 1537
10634 1538
10638 1538
10642 1539
10646 1539
10650 1540
10654 1540
10658 1541
10662 1542
10666 1542
10670 1543
10674 1543
10678 1544
10682 1544
10686 1545
10690 1546
10694 1546
10698 1547
10702 1547
10706 1548
10710 1549
10714 1549
10718 1550
10722 1550
10726 1551
10730 1551
10734 1552
10738 1553
10742 1553
10746 1554
10750 1554
10754 1555
10758 1556
10762 1556
10766 1557
10770 1557
10774 1558
10778 1558
10782 1559
10786 1560
10790 1560
10794 1561
10798 1561
10802 1562
10806 1562
10810 1563
10814 1564
10818 1564
10822 1565
10826 1565
10830 1566
10834 1566
10838 1567
10842 1568
10846 1568
10850 1569
10854 1569
10858 1570
10862 1571
10866 1571
10870 1572
10874 1572
10878 1573
10882 1573
10886 1574
10890 1575
10894 1575
10898 1576
10902 1576
10906 1577
10910 1578
10914 1578
10918 1579
10922 1579
10926 1580
10930 1580
10934 1581
10938 1581
10942 1582
10946 1583
10950 1583
10954 1584
10958 1584
10962 1585
10966 1586
10970 1586
10974 1587
10978 1587
10982 1588
10986 1588
10990 1589
10994 1590
10998 1590
11002 1591
11006 1591
11010 1592
11014 1593
11018 1593
11022 1594
11026 1594
11030 1595
11034 1596
11038 1596
11042 1597
11046 1597
11050 1598
11054 1598
11058 1599
11062 1600
11066 1600
11070 1601
11074 1601
11078 1602
11082 1602
11086 1603
11090 1604
11094 1604
11098 1605
11102 1605
11106 1606
11110 1607
11114 1607
11118 1608
11122 1608
11126 1609
11130 1610
11134 1610
11138 1611
11142 1611
11146 1612
11150 1612
11154 1613
11158 1614
11162 1614
11166 1615
11170 1616
11174 1616
11178 1617
11182 1617
11186 1618
11190 1618
11194 1619
11198 1620
11202 1620
11206 1621
11210 1621
11214 1622
11218 1623
11222 1623
11226 1624
11230 1624
11234 1625
11238 1626
11242 1626
11246 1627
11250 1627
11254 1628
11258 1628
11262 1629
11266 1630
11270 1630
11274 1631
11278 1631
11282 1632
11286 1632
11290 1633
11294 1634
11298 1634
11302 1635
11306 1635
11310 1636
11314 1637
11318 1637
11322 1638
11326 1638
11330 1639
11334 1640
11338 1640
11342 1641
11346 1641
11350 1642
11354 1643
11358 1643
11362 1644
11366 1644
11370 1645
11374 1646
11378 1646
11382 1647
11386 1647
11390 1648
11394 1648
11398 1649
11402 1650
11406 1650
11410 1651
11414 1651
11418 1652
11422 1653
11426 1653
11430 1654
11434 1654
11438 1655
11442 1656
11446 1656
11450 1657
11454 1657
11458 1658
11462 1658
11466 1659
11470 1660
11474 1660
11478 1661
11482 1662
11486 1662
11490 1663
11494 1663
11498 1664
11502 1664
11506 1665
11510 1666
11514 1666
11518 1667
11522 1667
11526 1668
11530 1669
11534 1669
11538 1670
11542 1670
11546 1671
11550 1672
11554 1672
11558 1673
11562 1673
11566 1674
11570 1674
11574 1675
11578 1676
11582 1676
11586 1677
11590 1677
11594 1678
11598 1679
11602 1679
11606 1680
11610 1680
11614 1681
11618 1682
11622 1682
11626 1683
11630 1683
11634 1684
11638 1684
11642 1685
11646 1686
11650 1686
11654 1687
11658 1688
11662 1688
11666 1689
11670 1689
11674 1690
11678 1690
11682 1691
11686 1692
11690 1692
11694 1693
11698 1694
11702 1694
11706 1695
11710 1695
11714 1696
11718 1696
11722 1697
11726 1698
11730 1698
11734 1699
11738 1699
11742 1700
11746 1700
11750 1701
11754 1702
11758 1702
11762 1703
11766 1704
11770 1704
11774 1705
11778 1705
11782 1706
11786 1706
11790 1707
11794 1708
11798 1708
11802 1709
11806 1709
11810 1710
11814 1711
11818 1711
11822 1712
11826 1712
11830 1713
11834 1714
11838 1714
11842 1715
11846 1715
11850 1716
11854 1716
11858 1717
11862 1718
11866 1718
11870 1719
11874 1719
11878 1720
11882 1720
11886 1721
11890 1722
11894 1722
11898 1723
11902 1723
11906 1724
11910 1724
11914 1725
11918 1726
11922 1726
11926 1727
11930 1728
11934 1728
11938 1729
11942 1729
11946 1730
11950 1730
11954 1731
11958 1732
11962 1732
11966 1733
11970 1733
11974 1734
11978 1734
11982 1735
11986 1736
11990 1736
11994 1737
11998 1738
12002 1738
12006 1739
12010 1739
12014 1740
12018 1740
12022 1741
12026 1742
12030 1742
12034 1743
12038 1743
12042 1744
12046 1744
12050 1745
12054 1746
12058 1746
12062 1747
12066 1747
12070 1748
12074 1748
12078 1749
12082 1750
12086 1750
12090 1751
12094 1751
12098 1752
12102 1753
12106 1753
12110 1754
12114 1754
12118 1755
12122 1755
12126 1756
12130 1757
12134 1757
12138 1758
12142 1758
12146 1759
12150 1760
12154 1760
12158 1761
12162 1761
12166 1762
12170 1762
12174 1763
12178 1764
12182 1764
12186 1765
12190 1765
12194 1766
12198 1766
12202 1767
12206 1768
12210 1768
12214 1769
12218 1769
12222 1770
12226 1770
12230 1771
12234 1772
12238 1772
12242 1773
12246 1773
12250 1774
12254 1774
12258 1775
12262 1776
12266 1776
12270 1777
12274 1777
12278 1778
12282 1778
12286 1779
12290 1780
12294 1780
12298 1781
12302 1781
12306 1782
12310 1782
12314 1783
12318 1784
12322 1784
12326 1785
12330 1785
12334 1786
12338 1787
12342 1787
12346 1788
12350 1788
12354 1789
12358 1790
12362 1790
12366 1791
12370 1791
12374 1792
12378 1792
12382 1793
12386 1794
12390 1794
12394 1795
12398 1795
12402 1796
12406 1796
12410 1797
12414 1798
12418 1798
12422 1799
12426 1799
12430 1800
12434 1800
12438 1801
12442 1802
12446 1802
12450 1803
12454 1803
12458 1804
12462 1804
12466 1805
12470 1806
12474 1806
12478 1807
12482 1807
12486 1808
12490 1808
12494 1809
12498 1810
12502 1810
12506 1811
12510 1811
12514 1812
12518 1812
12522 1813
12526 1814
12530 1814
12534 1815
12538 1815
12542 1816
12546 1816
12550 1817
12554 1818
12558 1818
12562 1819
12566 1819
12570 1820
12574 1820
12578 1821
12582 1822
12586 1822
12590 1823
12594 1823
12598 1824
12602 1824
12606 1825
12610 1826
12614 1826
12618 1827
12622 1827
12626 1828
12630 1828
12634 1829
12638 1830
12642 1830
12646 1831
12650 1831
12654 1832
12658 1832
12662 1833
12666 1834
12670 1834
12674 1835
12678 1835
12682 1836
12686 1836
12690 1837
12694 1838
12698 1838
12702 1839
12706 1839
12710 1840
12714 1840
12718 1841
12722 1842
12726 1842
12730 1843
12734 1843
12738 1844
12742 1844
12746 1845
12750 1846
12754 1846
12758 1847
12762 1847
12766 1848
12770 1848
12774 1849
12778 1850
12782 1850
12786 1851
12790 1851
12794 1852
12798 1852
12802 1853
12806 1854
12810 1854
12814 1855
12818 1855
12822 1856
12826 1856
12830 1857
12834 1858
12838 1858
12842 1859
12846 1859
12850 1860
12854 1860
12858 1861
12862 1862
12866 1862
12870 1863
12874 1863
12878 1864
12882 1865
12886 1865
12890 1866
12894 1866
12898 1867
12902 1867
12906 1868
12910 1869
12914 1869
12918 1870
12922 1870
12926 1871
12930 1872
12934 1872
12938 1873
12942 1873
12946 1874
12950 1874
12954 1875
12958 1876
12962 1876
12966 1877
12970 1878
12974 1878
12978 1879
12982 1879
12986 1880
12990 1880
12994 1881
12998 1882
13002 1882
13006 1883
13010 1883
13014 1884
13018 1884
13022 1885
13026 1886
13030 1886
13034 1887
13038 1887
13042 1888
13046 1888
13050 1889
13054 1890
13058 1890
13062 1891
13066 1891
13070 1892
13074 1893
13078 1893
13082 1894
13086 1894
13090 1895
13094 1896
13098 1896
13102 1897
13106 1897
13110 1898
13114 1898
13118 1899
13122 1900
13126 1900
13130 1901
13134 1901
13138 1902
13142 1902
13146 1903
13150 1904
13154 1904
13158 1905
13162 1905
13166 1906
13170 1906
13174 1907
13178 1908
13182 1908
13186 1909
13190 1909
13194 1910
13198 1910
13202 1911
13206 1912
13210 1912
13214 1913
13218 1913
13222 1914
13226 1915
13230 1915
13234 1916
13238 1916
13242 1917
13246 1917
13250 1918
13254 1919
13258 1919
13262 1920
13266 1920
13270 1921
13274 1922
13278 1922
13282 1923
13286 1923
13290 1924
13294 1924
13298 1925
13302 1926
13306 1926
13310 1927
13314 1927
13318 1928
13322 1928
13326 1929
13330 1930
13334 1930
13338 1931
13342 1931
13346 1932
13350 1932
13354 1933
13358 1934
13362 1934
13366 1935
13370 1935
13374 1936
13378 1937
13382 1937
13386 1938
13390 1938
13394 1939
13398 1940
13402 1940
13406 1941
13410 1941
13414 1942
13418 1942
13422 1943
13426 1944
13430 1944
13434 1945
13438 1945
13442 1946
13446 1946
13450 1947
13454 1948
13458 1948
13462 1949
13466 1949
13470 1950
13474 1950
13478 1951
13482 1952
13486 1952
13490 1953
13494 1953
13498 1954
13502 1954
13506 1955
13510 1956
13514 1956
13518 1957
13522 1957
13526 1958
13530 1959
13534 1959
13538 1960
13542 1960
13546 1961
13550 1962
13554 1962
13558 1963
13562 1963
13566 1964
13570 1964
13574 1965
13578 1966
13582 1966
13586 1967
13590 1967
13594 1968
13598 1969
13602 1969
13606 1970
13610 1970
13614 1971
13618 1972
13622 1972
13626 1973
13630 1973
13634 1974
13638 1974
13642 1975
13646 1976
13650 1976
13654 1977
13658 1978
13662 1978
13666 1979
13670 1979
13674 1980
13678 1980
13682 1981
13686 1982
13690 1982
13694 1983
13698 1983
13702 1984
13706 1985
13710 1985
13714 1986
13718 1986
13722 1987
13726 1988
13730 1988
13734 1989
13738 1989
13742 1990
13746 1990
13750 1991
13754 1992
13758 1992
13762 1993
13766 1993
13770 1994
13774 1994
13778 1995
13782 1996
13786 1996
13790 1997
13794 1998
13798 1998
13802 1999
13806 1999
13810 2000
13814 2000
13818 2001
13822 2002
13826 2002
13830 2003
13834 2003
13838 2004
13842 2005
13846 2005
13850 2006
13854 2006
13858 2007
13862 2008
13866 2008
13870 2009
13874 2009
13878 2010
13882 2010
13886 2011
13890 2012
13894 2012
13898 2013
13902 2013
13906 2014
13910 2015
13914 2015
13918 2016
13922 2016
13926 2017
13930 2018
13934 2018
13938 2019
13942 2019
13946 2020
13950 2021
13954 2021
13958 2022
13962 2022
13966 2023
13970 2024
13974 2024
13978 2025
13982 2025
13986 2026
13990 2026
13994 2027
13998 2028
14002 2028
14006 2029
14010 2029
14014 2030
14018 2031
14022 2031
14026 2032
14030 2032
14034 2033
14038 2034
14042 2034
14046 2035
14050 2035
14054 2036
14058 2036
14062 2037
14066 2038
14070 2038
14074 2039
14078 2039
14082 2040
14086 2040
14090 2041
14094 2042
14098 2042
14102 2043
14106 2044
14110 2044
14114 2045
14118 2045
14122 2046
14126 2046
14130 2047
14134 2048
14138 2048
14142 2049
14146 2050
14150 2050
14154 2051
14158 2051
14162 2052
14166 2052
14170 2053
14174 2054
14178 2054
14182 2055
14186 2055
14190 2056
14194 2057
14198 2057
14202 2058
14206 2058
14210 2059
14214 2060
14218 2060
14222 2061
14226 2061
14230 2062
14234 2062
14238 2063
14242 2064
14246 2064
14250 2065
14254 2065
14258 2066
14262 2067
14266 2067
14270 2068
14274 2068
14278 2069
14282 2070
14286 2070
14290 2071
14294 2071
14298 2072
14302 2072
14306 2073
14310 2074
14314 2074
14318 2075
14322 2076
14326 2076
14330 2077
14334 2077
14338 2078
14342 2078
14346 2079
14350 2080
14354 2080
14358 2081
14362 2081
14366 2082
14370 2082
14374 2083
14378 2084
14382 2084
14386 2085
14390 2085
14394 2086
14398 2086
14402 2087
14406 2088
14410 2088
14414 2089
14418 2089
14422 2090
14426 2090
14430 2091
14434 2092
14438 2092
14442 2093
14446 2094
14450 2094
14454 2095
14458 2095
14462 2096
14466 2096
14470 2097
14474 2098
14478 2098
14482 2099
14486 2099
14490 2100
14494 2100
14498 2101
14502 2102
14506 2102
14510 2103
14514 2104
14518 2104
14522 2105
14526 2105
14530 2106
14534 2106
14538 2107
14542 2108
14546 2108
14550 2109
14554 2109
14558 2110
14562 2110
14566 2111
14570 2112
14574 2112
14578 2113
14582 2113
14586 2114
14590 2114
14594 2115
14598 2116
14602 2116
14606 2117
14610 2117
14614 2118
14618 2119
14622 2119
14626 2120
14630 2120
14634 2121
14638 2121
14642 2122
14646 2122
14650 2123
14654 2124
14658 2124
14662 2125
14666 2126
14670 2126
14674 2127
14678 2127
14682 2128
14686 2128
14690 2129
14694 2129
14698 2130
14702 2130
14706 2131
14710 2132
14714 2132
14718 2133
14722 2133
14726 2134
14730 2134
14734 2135
14738 2136
14742 2136
14746 2137
14750 2137
14754 2138
14758 2138
14762 2139
14766 2140
14770 2140
14774 2141
14778 2142
14782 2142
14786 2143
14790 2143
14794 2144
14798 2144
14802 2145
14806 2146
14810 2146
14814 2147
14818 2147
14822 2148
14826 2148
14830 2149
14834 2150
14838 2150
14842 2151
14846 2151
14850 2152
14854 2152
14858 2153
14862 2154
14866 2154
14870 2155
14874 2155
14878 2156
14882 2156
14886 2157
14890 2158
14894 2158
14898 2159
14902 2159
14906 2160
14910 2160
14914 2161
14918 2162
14922 2162
14926 2163
14930 2163
14934 2164
14938 2165
14942 2165
14946 2166
14950 2166
14954 2167
14958 2167
14962 2168
14966 2169
14970 2169
14974 2170
14978 2170
14982 2171
14986 2172
14990 2172
14994 2173
14998 2173
15002 2174
15006 2174
15010 2175
15014 2175
15018 2176
15022 2177
15026 2177
15030 2178
15034 2178
15038 2179
15042 2179
15046 2180
15050 2180
15054 2181
15058 2182
15062 2182
15066 2183
15070 2183
15074 2184
15078 2184
15082 2185
15086 2186
15090 2186
15094 2187
15098 2187
15102 2188
15106 2188
15110 2189
15114 2190
15118 2190
15122 2191
15126 2191
15130 2192
15134 2192
15138 2193
15142 2194
15146 2194
15150 2195
15154 2195
15158 2196
15162 2196
15166 2197
15170 2198
15174 2198
15178 2199
15182 2199
15186 2200
15190 2200
15194 2201
15198 2202
15202 2202
15206 2203
15210 2203
15214 2204
15218 2204
15222 2205
15226 2206
15230 2206
15234 2207
15238 2207
15242 2208
15246 2208
15250 2209
15254 2210
15258 2210
15262 2211
15266 2211
15270 2212
15274 2212
15278 2213
15282 2214
15286 2214
15290 2215
15294 2215
15298 2216
15302 2216
15306 2217
15310 2218
15314 2218
15318 2219
15322 2219
15326 2220
15330 2220
15334 2221
15338 2222
15342 2222
15346 2223
15350 2223
15354 2224
15358 2224
15362 2225
15366 2226
15370 2226
15374 2227
15378 2227
15382 2228
15386 2228
15390 2229
15394 2230
15398 2230
15402 2231
15406 2231
15410 2232
15414 2232
15418 2233
15422 2234
15426 2234
15430 2235
15434 2235
15438 2236
15442 2237
15446 2237
15450 2238
15454 2238
15458 2239
15462 2240
15466 2240
15470 2241
15474 2241
15478 2242
15482 2242
15486 2243
15490 2244
15494 2244
15498 2245
15502 2245
15506 2246
15510 2247
15514 2247
15518 2248
15522 2248
15526 2249
15530 2250
15534 2250
15538 2251
15542 2251
15546 2252
15550 2252
15554 2253
15558 2254
15562 2254
15566 2255
15570 2255
15574 2256
15578 2256
15582 2257
15586 2258
15590 2258
15594 2259
15598 2259
15602 2260
15606 2260
15610 2261
15614 2262
15618 2262
15622 2263
15626 2263
15630 2264
15634 2265
15638 2265
15642 2266
15646 2266
15650 2267
15654 2268
15658 2268
15662 2269
15666 2269
15670 2270
15674 2270
15678 2271
15682 2272
15686 2272
15690 2273
15694 2273
15698 2274
15702 2274
15706 2275
15710 2276
15714 2276
15718 2277
15722 2277
15726 2278
15730 2278
15734 2279
15738 2280
15742 2280
15746 2281
15750 2281
15754 2282
15758 2283
15762 2283
15766 2284
15770 2284
15774 2285
15778 2285
15782 2286
15786 2287
15790 2287
15794 2288
15798 2288
15802 2289
15806 2290
15810 2290
15814 2291
15818 2291
15822 2292
15826 2292
15830 2293
15834 2294
15838 2294
15842 2295
15846 2295
15850 2296
15854 2296
15858 2297
15862 2298
15866 2298
15870 2299
15874 2299
15878 2300
15882 2300
15886 2301
15890 2302
15894 2302
15898 2303
15902 2303
15906 2304
15910 2304
15914 2305
15918 2306
15922 2306
15926 2307
15930 2307
15934 2308
15938 2308
15942 2309
15946 2310
15950 2310
15954 2311
15958 2312
15962 2312
15966 2313
15970 2313
15974 2314
15978 2314
15982 2315
15986 2316
15990 2316
15994 2317
15998 2317
16002 2318
16006 2318
16010 2319
16014 2320
16018 2320
16022 2321
16026 2321
16030 2322
16034 2322
16038 2323
16042 2324
16046 2324
16050 2325
16054 2325
16058 2326
16062 2327
16066 2327
16070 2328
16074 2328
16078 2329
16082 2330
16086 2330
16090 2331
16094 2331
16098 2332
16102 2332
16106 2333
16110 2334
16114 2334
16118 2335
16122 2336
16126 2336
16130 2337
16134 2337
16138 2338
16142 2338
16146 2339
16150 2340
16154 2340
16158 2341
16162 2341
16166 2342
16170 2343
16174 2343
16178 2344
16182 2344
16186 2345
16190 2346
16194 2346
16198 2347
16202 2347
16206 2348
16210 2348
16214 2349
16218 2350
16222 2350
16226 2351
16230 2351
16234 2352
16238 2353
16242 2353
16246 2354
16250 2354
16254 2355
16258 2356
16262 2356
16266 2357
16270 2357
16274 2358
16278 2358
16282 2359
16286 2360
16290 2360
16294 2361
16298 2362
16302 2362
16306 2363
16310 2363
16314 2364
16318 2364
16322 2365
16326 2366
16330 2366
16334 2367
16338 2367
16342 2368
16346 2368
16350 2369
16354 2370
16358 2370
16362 2371
16366 2372
16370 2372
16374 2373
16378 2373
16382 2374
16386 2374
16390 2375
16394 2376
16398 2376
16402 2377
16406 2377
16410 2378
16414 2379
16418 2379
16422 2380
16426 2380
16430 2381
16434 2382
16438 2382
16442 2383
16446 2383
16450 2384
16454 2385
16458 2385
16462 2386
16466 2386
16470 2387
16474 2388
16478 2388
16482 2389
16486 2389
16490 2390
16494 2390
16498 2391
16502 2392
16506 2392
16510 2393
16514 2393
16518 2394
16522 2395
16526 2395
16530 2396
16534 2396
16538 2397
16542 2398
16546 2398
16550 2399
16554 2399
16558 2400
16562 2400
16566 2401
16570 2402
16574 2402
16578 2403
16582 2403
16586 2404
16590 2405
16594 2405
16598 2406
16602 2406
16606 2407
16610 2408
16614 2408
16618 2409
16622 2409
16626 2410
16630 2410
16634 2411
16638 2412
16642 2412
16646 2413
16650 2413
16654 2414
16658 2415
16662 2415
16666 2416
16670 2416
16674 2417
16678 2418
16682 2418
16686 2419
16690 2419
16694 2420
16698 2420
16702 2421
16706 2422
16710 2422
16714 2423
16718 2423
16722 2424
16726 2425
16730 2425
16734 2426
16738 2426
16742 2427
16746 2428
16750 2428
16754 2429
16758 2429
16762 2430
16766 2430
16770 2431
16774 2432
16778 2432
16782 2433
16786 2434
16790 2434
16794 2435
16798 2435
16802 2436
16806 2436
16810 2437
16814 2438
16818 2438
16822 2439
16826 2439
16830 2440
16834 2440
16838 2441
16842 2442
16846 2442
16850 2443
16854 2443
16858 2444
16862 2444
16866 2445
16870 2446
16874 2446
16878 2447
16882 2448
16886 2448
16890 2449
16894 2449
16898 2450
16902 2450
16906 2451
16910 2452
16914 2452
16918 2453
16922 2453
16926 2454
16930 2454
16934 2455
16938 2456
16942 2456
16946 2457
16950 2457
16954 2458
16958 2459
16962 2459
16966 2460
16970 2460
16974 2461
16978 2462
16982 2462
16986 2463
16990 2463
16994 2464
16998 2464
17002 2465
17006 2466
17010 2466
17014 2467
17018 2467
17022 2468
17026 2468
17030 2469
17034 2470
17038 2470
17042 2471
17046 2471
17050 2472
17054 2473
17058 2473
17062 2474
17066 2474
17070 2475
17074 2475
17078 2476
17082 2477
17086 2477
17090 2478
17094 2478
17098 2479
17102 2480
17106 2480
17110 2481
17114 2481
17118 2482
17122 2482
17126 2483
17130 2484
17134 2484
17138 2485
17142 2485
17146 2486
17150 2486
17154 2487
17158 2488
17162 2488
17166 2489
17170 2489
17174 2490
17178 2490
17182 2491
17186 2492
17190 2492
17194 2493
17198 2493
17202 2494
17206 2494
17210 2495
17214 2496
17218 2496
17222 2497
17226 2497
17230 2498
17234 2498
17238 2499
17242 2500
17246 2500
17250 2501
17254 2501
17258 2502
17262 2502
17266 2503
17270 2504
17274 2504
17278 2505
17282 2505
17286 2506
17290 2506
17294 2507
17298 2508
17302 2508
17306 2509
17310 2509
17314 2510
17318 2510
17322 2511
17326 2512
17330 2512
17334 2513
17338 2513
17342 2514
17346 2514
17350 2515
17354 2516
17358 2516
17362 2517
17366 2517
17370 2518
17374 2518
17378 2519
17382 2520
17386 2520
17390 2521
17394 2521
17398 2522
17402 2523
17406 2523
17410 2524
17414 2524
17418 2525
17422 2525
17426 2526
17430 2527
17434 2527
17438 2528
17442 2528
17446 2529
17450 2530
17454 2530
17458 2531
17462 2531
17466 2532
17470 2532
17474 2533
17478 2533
17482 2534
17486 2535
17490 2535
17494 2536
17498 2536
17502 2537
17506 2537
17510 2538
17514 2539
17518 2539
17522 2540
17526 2540
17530 2541
17534 2541
17538 2542
17542 2542
17546 2543
17550 2544
17554 2544
17558 2545
17562 2545
17566 2546
17570 2546
17574 2547
17578 2548
17582 2548
17586 2549
17590 2549
17594 2550
17598 2550
17602 2551
17606 2552
17610 2552
17614 2553
17618 2553
17622 2554
17626 2555
17630 2555
17634 2556
17638 2556
17642 2557
17646 2557
17650 2558
17654 2559
17658 2559
17662 2560
17666 2560
17670 2561
17674 2561
17678 2562
17682 2563
17686 2563
17690 2564
17694 2564
17698 2565
17702 2565
17706 2566
17710 2566
17714 2567
17718 2568
17722 2568
17726 2569
17730 2569
17734 2570
17738 2570
17742 2571
17746 2572
17750 2572
17754 2573
17758 2573
17762 2574
17766 2575
17770 2575
17774 2576
17778 2576
17782 2577
17786 2578
17790 2578
17794 2579
17798 2579
17802 2580
17806 2580
17810 2581
17814 2582
17818 2582
17822 2583
17826 2583
17830 2584
17834 2584
17838 2585
17842 2586
17846 2586
17850 2587
17854 2587
17858 2588
17862 2588
17866 2589
17870 2590
17874 2590
17878 2591
17882 2591
17886 2592
17890 2592
17894 2593
17898 2594
17902 2594
17906 2595
17910 2595
17914 2596
17918 2596
17922 2597
17926 2598
17930 2598
17934 2599
17938 2599
17942 2600
17946 2601
17950 2601
17954 2602
17958 2602
17962 2603
17966 2604
17970 2604
17974 2605
17978 2605
17982 2606
17986 2606
17990 2607
17994 2608
17998 2608
18002 2609
18006 2609
18010 2610
18014 2610
18018 2611
18022 2612
18026 2612
18030 2613
18034 2613
18038 2614
18042 2614
18046 2615
18050 2616
18054 2616
18058 2617
18062 2617
18066 2618
18070 2619
18074 2619
18078 2620
18082 2620
18086 2621
18090 2622
18094 2622
18098 2623
18102 2623
18106 2624
18110 2624
18114 2625
18118 2626
18122 2626
18126 2627
18130 2627
18134 2628
18138 2628
18142 2629
18146 2630
18150 2630
18154 2631
18158 2631
18162 2632
18166 2632
18170 2633
18174 2634
18178 2634
18182 2635
18186 2635
18190 2636
18194 2637
18198 2637
18202 2638
18206 2638
18210 2639
18214 2639
18218 2640
18222 2641
18226 2641
18230 2642
18234 2642
18238 2643
18242 2644
18246 2644
18250 2645
18254 2645
18258 2646
18262 2646
18266 2647
18270 2648
18274 2648
18278 2649
18282 2649
18286 2650
18290 2650
18294 2651
18298 2652
18302 2652
18306 2653
18310 2653
18314 2654
18318 2655
18322 2655
18326 2656
18330 2656
18334 2657
18338 2658
18342 2658
18346 2659
18350 2659
18354 2660
18358 2660
18362 2661
18366 2662
18370 2662
18374 2663
18378 2663
18382 2664
18386 2664
18390 2665
18394 2666
18398 2666
18402 2667
18406 2667
18410 2668
18414 2668
18418 2669
18422 2670
18426 2670
18430 2671
18434 2671
18438 2672
18442 2673
18446 2673
18450 2674
18454 2674
18458 2675
18462 2676
18466 2676
18470 2677
18474 2677
18478 2678
18482 2678
18486 2679
18490 2680
18494 2680
18498 2681
18502 2681
18506 2682
18510 2682
18514 2683
18518 2684
18522 2684
18526 2685
18530 2685
18534 2686
18538 2686
18542 2687
18546 2688
18550 2688
18554 2689
18558 2689
18562 2690
18566 2690
18570 2691
18574 2692
18578 2692
18582 2693
18586 2694
18590 2694
18594 2695
18598 2695
18602 2696
18606 2696
18610 2697
18614 2698
18618 2698
18622 2699
18626 2699
18630 2700
18634 2701
18638 2701
18642 2702
18646 2702
18650 2703
18654 2704
18658 2704
18662 2705
18666 2705
18670 2706
18674 2706
18678 2707
18682 2708
18686 2708
18690 2709
18694 2709
18698 2710
18702 2711
18706 2711
18710 2712
18714 2712
18718 2713
18722 2714
18726 2714
18730 2715
18734 2715
18738 2716
18742 2717
18746 2717
18750 2718
18754 2718
18758 2719
18762 2720
18766 2720
18770 2721
18774 2721
18778 2722
18782 2722
18786 2723
18790 2724
18794 2724
18798 2725
18802 2726
18806 2726
18810 2727
18814 2727
18818 2728
18822 2728
18826 2729
18830 2730
18834 2730
18838 2731
18842 2731
18846 2732
18850 2732
18854 2733
18858 2734
18862 2734
18866 2735
18870 2736
18874 2736
18878 2737
18882 2737
18886 2738
18890 2738
18894 2739
18898 2740
18902 2740
18906 2741
18910 2742
18914 2742
18918 2743
18922 2743
18926 2744
18930 2744
18934 2745
18938 2746
18942 2746
18946 2747
18950 2747
18954 2748
18958 2749
18962 2749
18966 2750
18970 2750
18974 2751
18978 2752
18982 2752
18986 2753
18990 2753
18994 2754
18998 2754
19002 2755
19006 2756
19010 2756
19014 2757
19018 2757
19022 2758
19026 2758
19030 2759
19034 2760
19038 2760
19042 2761
19046 2762
19050 2762
19054 2763
19058 2763
19062 2764
19066 2764
19070 2765
19074 2766
19078 2766
19082 2767
19086 2767
19090 2768
19094 2769
19098 2769
19102 2770
19106 2770
19110 2771
19114 2772
19118 2772
19122 2773
19126 2773
19130 2774
19134 2774
19138 2775
19142 2776
19146 2776
19150 2777
19154 2777
19158 2778
19162 2779
19166 2779
19170 2780
19174 2780
19178 2781
19182 2781
19186 2782
19190 2783
19194 2783
19198 2784
19202 2784
19206 2785
19210 2786
19214 2786
19218 2787
19222 2787
19226 2788
19230 2788
19234 2789
19238 2790
19242 2790
19246 2791
19250 2792
19254 2792
19258 2793
19262 2793
19266 2794
19270 2794
19274 2795
19278 2796
19282 2796
19286 2797
19290 2797
19294 2798
19298 2799
19302 2799
19306 2800
19310 2800
19314 2801
19318 2802
19322 2802
19326 2803
19330 2803
19334 2804
19338 2804
19342 2805
19346 2806
19350 2806
19354 2807
19358 2807
19362 2808
19366 2808
19370 2809
19374 2810
19378 2810
19382 2811
19386 2811
19390 2812
19394 2812
19398 2813
19402 2814
19406 2814
19410 2815
19414 2816
19418 2816
19422 2817
19426 2817
19430 2818
19434 2818
19438 2819
19442 2820
19446 2820
19450 2821
19454 2821
19458 2822
19462 2823
19466 2823
19470 2824
19474 2824
19478 2825
19482 2826
19486 2826
19490 2827
19494 2827
19498 2828
19502 2828
19506 2829
19510 2830
19514 2830
19518 2831
19522 2831
19526 2832
19530 2832
19534 2833
19538 2834
19542 2834
19546 2835
19550 2835
19554 2836
19558 2836
19562 2837
19566 2838
19570 2838
19574 2839
19578 2839
19582 2840
19586 2841
19590 2841
19594 2842
19598 2842
19602 2843
19606 2843
19610 2844
19614 2845
19618 2845
19622 2846
19626 2846
19630 2847
19634 2847
19638 2848
19642 2849
19646 2849
19650 2850
19654 2850
19658 2851
19662 2851
19666 2852
19670 2853
19674 2853
19678 2854
19682 2854
19686 2855
19690 2855
19694 2856
19698 2856
19702 2857
19706 2858
19710 2858
19714 2859
19718 2859
19722 2860
19726 2861
19730 2861
19734 2862
19738 2862
19742 2863
19746 2863
19750 2864
19754 2865
19758 2865
19762 2866
19766 2866
19770 2867
19774 2868
19778 2868
19782 2869
19786 2869
19790 2870
19794 2870
19798 2871
19802 2872
19806 2872
19810 2873
19814 2873
19818 2874
19822 2874
19826 2875
19830 2876
19834 2876
19838 2877
19842 2877
19846 2878
19850 2878
19854 2879
19858 2880
19862 2880
19866 2881
19870 2881
19874 2882
19878 2882
19882 2883
19886 2884
19890 2884
19894 2885
19898 2885
19902 2886
19906 2886
19910 2887
19914 2888
19918 2888
19922 2889
19926 2889
19930 2890
19934 2890
19938 2891
19942 2892
19946 2892
19950 2893
19954 2893
19958 2894
19962 2894
19966 2895
19970 2896
19974 2896
19978 2897
19982 2897
19986 2898
19990 2898
19994 2899
19998 2900
20002 2900
20006 2901
20010 2901
20014 2902
20018 2902
20022 2903
20026 2904
20030 2904
20034 2905
20038 2905
20042 2906
20046 2906
20050 2907
20054 2908
20058 2908
20062 2909
20066 2909
20070 2910
20074 2910
20078 2911
20082 2912
20086 2912
20090 2913
20094 2913
20098 2914
20102 2914
20106 2915
20110 2916
20114 2916
20118 2917
20122 2917
20126 2918
20130 2918
20134 2919
20138 2920
20142 2920
20146 2921
20150 2921
20154 2922
20158 2922
20162 2923
20166 2924
20170 2924
20174 2925
20178 2925
20182 2926
20186 2926
20190 2927
20194 2928
20198 2928
20202 2929
20206 2929
20210 2930
20214 2930
20218 2931
20222 2932
20226 2932
20230 2933
20234 2933
20238 2934
20242 2934
20246 2935
20250 2936
20254 2936
20258 2937
20262 2937
20266 2938
20270 2938
20274 2939
20278 2940
20282 2940
20286 2941
20290 2941
20294 2942
20298 2942
20302 2943
20306 2944
20310 2944
20314 2945
20318 2945
20322 2946
20326 2946
20330 2947
20334 2948
20338 2948
20342 2949
20346 2949
20350 2950
20354 2950
20358 2951
20362 2952
20366 2952
20370 2953
20374 2953
20378 2954
20382 2954
20386 2955
20390 2956
20394 2956
20398 2957
20402 2958
20406 2958
20410 2959
20414 2959
20418 2960
20422 2960
20426 2961
20430 2962
20434 2962
20438 2963
20442 2963
20446 2964
20450 2964
20454 2965
20458 2966
20462 2966
20466 2967
20470 2967
20474 2968
20478 2968
20482 2969
20486 2970
20490 2970
20494 2971
20498 2971
20502 2972
20506 2972
20510 2973
20514 2974
20518 2974
20522 2975
20526 2975
20530 2976
20534 2977
20538 2977
20542 2978
20546 2978
20550 2979
20554 2980
20558 2980
20562 2981
20566 2981
20570 2982
20574 2982
20578 2983
20582 2984
20586 2984
20590 2985
20594 2985
20598 2986
20602 2986
20606 2987
20610 2988
20614 2988
20618 2989
20622 2990
20626 2990
20630 2991
20634 2991
20638 2992
20642 2992
20646 2993
20650 2994
20654 2994
20658 2995
20662 2995
20666 2996
20670 2996
20674 2997
20678 2998
20682 2998
20686 2999
20690 2999
20694 3000
20698 3000
20702 3001
20706 3002
20710 3002
20714 3003
20718 3003
20722 3004
20726 3004
20730 3005
20734 3006
20738 3006
20742 3007
20746 3007
20750 3008
20754 3009
20758 3009
20762 3010
20766 3010
20770 3011
20774 3012
20778 3012
20782 3013
20786 3013
20790 3014
20794 3014
20798 3015
20802 3016
20806 3016
20810 3017
20814 3017
20818 3018
20822 3018
20826 3019
20830 3020
20834 3020
20838 3021
20842 3021
20846 3022
20850 3022
20854 3023
20858 3024
20862 3024
20866 3025
20870 3025
20874 3026
20878 3027
20882 3027
20886 3028
20890 3028
20894 3029
20898 3030
20902 3030
20906 3031
20910 3031
20914 3032
20918 3032
20922 3033
20926 3034
20930 3034
20934 3035
20938 3035
20942 3036
20946 3036
20950 3037
20954 3038
20958 3038
20962 3039
20966 3039
20970 3040
20974 3040
20978 3041
20982 3042
20986 3042
20990 3043
20994 3043
20998 3044
21002 3044
21006 3045
21010 3046
21014 3046
21018 3047
21022 3048
21026 3048
21030 3049
21034 3049
21038 3050
21042 3050
21046 3051
21050 3052
21054 3052
21058 3053
21062 3053
21066 3054
21070 3054
21074 3055
21078 3056
21082 3056
21086 3057
21090 3058
21094 3058
21098 3059
21102 3059
21106 3060
21110 3060
21114 3061
21118 3062
21122 3062
21126 3063
21130 3063
21134 3064
21138 3065
21142 3065
21146 3066
21150 3066
21154 3067
21158 3067
21162 3068
21166 3069
21170 3069
21174 3070
21178 3070
21182 3071
21186 3072
21190 3072
21194 3073
21198 3073
21202 3074
21206 3074
21210 3075
21214 3076
21218 3076
21222 3077
21226 3078
21230 3078
21234 3079
21238 3079
21242 3080
21246 3080
21250 3081
21254 3082
21258 3082
21262 3083
21266 3084
21270 3084
21274 3085
21278 3085
21282 3086
21286 3086
21290 3087
21294 3088
21298 3088
21302 3089
21306 3089
21310 3090
21314 3090
21318 3091
21322 3092
21326 3092
21330 3093
21334 3094
21338 3094
21342 3095
21346 3095
21350 3096
21354 3096
21358 3097
21362 3098
21366 3098
21370 3099
21374 3099
21378 3100
21382 3101
21386 3101
21390 3102
21394 3102
21398 3103
21402 3104
21406 3104
21410 3105
21414 3105
21418 3106
21422 3107
21426 3107
21430 3108
21434 3108
21438 3109
21442 3110
21446 3110
21450 3111
21454 3111
21458 3112
21462 3112
21466 3113
21470 3114
21474 3114
21478 3115
21482 3116
21486 3116
21490 3117
21494 3117
21498 3118
21502 3118
21506 3119
21510 3120
21514 3120
21518 3121
21522 3121
21526 3122
21530 3122
21534 3123
21538 3124
21542 3124
21546 3125
21550 3126
21554 3126
21558 3127
21562 3127
21566 3128
21570 3128
21574 3129
21578 3130
21582 3130
21586 3131
21590 3131
21594 3132
21598 3133
21602 3133
21606 3134
21610 3134
21614 3135
21618 3136
21622 3136
21626 3137
21630 3137
21634 3138
21638 3138
21642 3139
21646 3140
21650 3140
21654 3141
21658 3141
21662 3142
21666 3142
21670 3143
21674 3144
21678 3144
21682 3145
21686 3145
21690 3146
21694 3147
21698 3147
21702 3148
21706 3148
21710 3149
21714 3150
21718 3150
21722 3151
21726 3151
21730 3152
21734 3152
21738 3153
21742 3154
21746 3154
21750 3155
21754 3155
21758 3156
21762 3156
21766 3157
21770 3158
21774 3158
21778 3159
21782 3160
21786 3160
21790 3161
21794 3161
21798 3162
21802 3162
21806 3163
21810 3164
21814 3164
21818 3165
21822 3165
21826 3166
21830 3166
21834 3167
21838 3168
21842 3168
21846 3169
21850 3169
21854 3170
21858 3170
21862 3171
21866 3172
21870 3172
21874 3173
21878 3174
21882 3174
21886 3175
21890 3175
21894 3176
21898 3176
21902 3177
21906 3178
21910 3178
21914 3179
21918 3179
21922 3180
21926 3180
21930 3181
21934 3182
21938 3182
21942 3183
21946 3184
21950 3184
21954 3185
21958 3185
21962 3186
21966 3186
21970 3187
21974 3188
21978 3188
21982 3189
21986 3189
21990 3190
21994 3190
21998 3191
22002 3192
22006 3192
22010 3193
22014 3193
22018 3194
22022 3194
22026 3195
22030 3196
22034 3196
22038 3197
22042 3198
22046 3198
22050 3199
22054 3199
22058 3200
22062 3200
22066 3201
22070 3202
22074 3202
22078 3203
22082 3203
22086 3204
22090 3204
22094 3205
22098 3206
22102 3206
22106 3207
22110 3207
22114 3208
22118 3208
22122 3209
22126 3210
22130 3210
22134 3211
22138 3211
22142 3212
22146 3212
22150 3213
22154 3214
22158 3214
22162 3215
22166 3215
22170 3216
22174 3216
22178 3217
22182 3218
22186 3218
22190 3219
22194 3219
22198 3220
22202 3220
22206 3221
22210 3222
22214 3222
22218 3223
22222 3223
22226 3224
22230 3224
22234 3225
22238 3226
22242 3226
22246 3227
22250 3227
22254 3228
22258 3229
22262 3229
22266 3230
22270 3230
22274 3231
22278 3231
22282 3232
22286 3232
22290 3233
22294 3234
22298 3234
22302 3235
22306 3235
22310 3236
22314 3236
22318 3237
22322 3238
22326 3238
22330 3239
22334 3239
22338 3240
22342 3240
22346 3241
22350 3242
22354 3242
22358 3243
22362 3243
22366 3244
22370 3244
22374 3245
22378 3246
22382 3246
22386 3247
22390 3247
22394 3248
22398 3249
22402 3249
22406 3250
22410 3250
22414 3251
22418 3251
22422 3252
22426 3253
22430 3253
22434 3254
22438 3254
22442 3255
22446 3255
22450 3256
22454 3256
22458 3257
22462 3258
22466 3258
22470 3259
22474 3259
22478 3260
22482 3260
22486 3261
22490 3262
22494 3262
22498 3263
22502 3263
22506 3264
22510 3264
22514 3265
22518 3266
22522 3266
22526 3267
22530 3267
22534 3268
22538 3268
22542 3269
22546 3270
22550 3270
22554 3271
22558 3271
22562 3272
22566 3272
22570 3273
22574 3274
22578 3274
22582 3275
22586 3275
22590 3276
22594 3276
22598 3277
22602 3278
22606 3278
22610 3279
22614 3279
22618 3280
22622 3280
22626 3281
22630 3282
22634 3282
22638 3283
22642 3283
22646 3284
22650 3284
22654 3285
22658 3286
22662 3286
22666 3287
22670 3287
22674 3288
22678 3288
22682 3289
22686 3290
22690 3290
22694 3291
22698 3291
22702 3292
22706 3292
22710 3293
22714 3294
22718 3294
22722 3295
22726 3296
22730 3296
22734 3297
22738 3297
22742 3298
22746 3298
22750 3299
22754 3300
22758 3300
22762 3301
22766 3301
22770 3302
22774 3302
22778 3303
22782 3304
22786 3304
22790 3305
22794 3305
22798 3306
22802 3306
22806 3307
22810 3308
22814 3308
22818 3309
22822 3309
22826 3310
22830 3310
22834 3311
22838 3312
22842 3312
22846 3313
22850 3313
22854 3314
22858 3314
22862 3315
22866 3316
22870 3316
22874 3317
22878 3317
22882 3318
22886 3319
22890 3319
22894 3320
22898 3320
22902 3321
22906 3322
22910 3322
22914 3323
22918 3323
22922 3324
22926 3324
22930 3325
22934 3326
22938 3326
22942 3327
22946 3327
22950 3328
22954 3328
22958 3329
22962 3330
22966 3330
22970 3331
22974 3331
22978 3332
22982 3332
22986 3333
22990 3334
22994 3334
22998 3335
23002 3335
23006 3336
23010 3336
23014 3337
23018 3338
23022 3338
23026 3339
23030 3339
23034 3340
23038 3341
23042 3341
23046 3342
23050 3342
23054 3343
23058 3344
23062 3344
23066 3345
23070 3345
23074 3346
23078 3346
23082 3347
23086 3348
23090 3348
23094 3349
23098 3349
23102 3350
23106 3350
23110 3351
23114 3352
23118 3352
23122 3353
23126 3353
23130 3354
23134 3354
23138 3355
23142 3356
23146 3356
23150 3357
23154 3357
23158 3358
23162 3358
23166 3359
23170 3360
23174 3360
23178 3361
23182 3361
23186 3362
23190 3362
23194 3363
23198 3364
23202 3364
23206 3365
23210 3366
23214 3366
23218 3367
23222 3367
23226 3368
23230 3368
23234 3369
23238 3370
23242 3370
23246 3371
23250 3371
23254 3372
23258 3372
23262 3373
23266 3374
23270 3374
23274 3375
23278 3375
23282 3376
23286 3376
23290 3377
23294 3378
23298 3378
23302 3379
23306 3379
23310 3380
23314 3380
23318 3381
23322 3382
23326 3382
23330 3383
23334 3384
23338 3384
23342 3385
23346 3385
23350 3386
23354 3386
23358 3387
23362 3388
23366 3388
23370 3389
23374 3389
23378 3390
23382 3390
23386 3391
23390 3392
23394 3392
23398 3393
23402 3394
23406 3394
23410 3395
23414 3395
23418 3396
23422 3396
23426 3397
23430 3398
23434 3398
23438 3399
23442 3399
23446 3400
23450 3400
23454 3401
23458 3402
23462 3402
23466 3403
23470 3403
23474 3404
23478 3404
23482 3405
23486 3406
23490 3406
23494 3407
23498 3407
23502 3408
23506 3409
23510 3409
23514 3410
23518 3410
23522 3411
23526 3412
23530 3412
23534 3413
23538 3413
23542 3414
23546 3414
23550 3415
23554 3416
23558 3416
23562 3417
23566 3417
23570 3418
23574 3418
23578 3419
23582 3420
23586 3420
23590 3421
23594 3422
23598 3422
23602 3423
23606 3423
23610 3424
23614 3424
23618 3425
23622 3426
23626 3426
23630 3427
23634 3427
23638 3428
23642 3428
23646 3429
23650 3430
23654 3430
23658 3431
23662 3431
23666 3432
23670 3433
23674 3433
23678 3434
23682 3434
23686 3435
23690 3436
23694 3436
23698 3437
23702 3437
23706 3438
23710 3439
23714 3439
23718 3440
23722 3440
23726 3441
23730 3442
23734 3442
23738 3443
23742 3443
23746 3444
23750 3444
23754 3445
23758 3446
23762 3446
23766 3447
23770 3447
23774 3448
23778 3448
23782 3449
23786 3450
23790 3450
23794 3451
23798 3452
23802 3452
23806 3453
23810 3453
23814 3454
23818 3454
23822 3455
23826 3456
23830 3456
23834 3457
23838 3457
23842 3458
23846 3459
23850 3459
23854 3460
23858 3460
23862 3461
23866 3462
23870 3462
23874 3463
23878 3463
23882 3464
23886 3464
23890 3465
23894 3466
23898 3466
23902 3467
23906 3468
23910 3468
23914 3469
23918 3469
23922 3470
23926 3470
23930 3471
23934 3472
23938 3472
23942 3473
23946 3474
23950 3474
23954 3475
23958 3475
23962 3476
23966 3476
23970 3477
23974 3478
23978 3478
23982 3479
23986 3479
23990 3480
23994 3481
23998 3481
24002 3482
24006 3482
24010 3483
24014 3484
24018 3484
24022 3485
24026 3485
24030 3486
24034 3486
24038 3487
24042 3488
24046 3488
24050 3489
24054 3490
24058 3490
24062 3491
24066 3491
24070 3492
24074 3492
24078 3493
24082 3494
24086 3494
24090 3495
24094 3495
24098 3496
24102 3497
24106 3497
24110 3498
24114 3498
24118 3499
24122 3500
24126 3500
24130 3501
24134 3501
24138 3502
24142 3502
24146 3503
24150 3504
24154 3504
24158 3505
24162 3505
24166 3506
24170 3506
24174 3507
24178 3508
24182 3508
24186 3509
24190 3509
24194 3510
24198 3511
24202 3511
24206 3512
24210 3512
24214 3513
24218 3514
24222 3514
24226 3515
24230 3515
24234 3516
24238 3516
24242 3517
24246 3518
24250 3518
24254 3519
24258 3519
24262 3520
24266 3520
24270 3521
24274 3522
24278 3522
24282 3523
24286 3523
24290 3524
24294 3524
24298 3525
24302 3526
24306 3526
24310 3527
24314 3528
24318 3528
24322 3529
24326 3529
24330 3530
24334 3530
24338 3531
24342 3532
24346 3532
24350 3533
24354 3533
24358 3534
24362 3534
24366 3535
24370 3536
24374 3536
24378 3537
24382 3538
24386 3538
24390 3539
24394 3539
24398 3540
24402 3540
24406 3541
24410 3542
24414 3542
24418 3543
24422 3543
24426 3544
24430 3544
24434 3545
24438 3546
24442 3546
24446 3547
24450 3547
24454 3548
24458 3548
24462 3549
24466 3550
24470 3550
24474 3551
24478 3551
24482 3552
24486 3553
24490 3553
24494 3554
24498 3554
24502 3555
24506 3556
24510 3556
24514 3557
24518 3557
24522 3558
24526 3558
24530 3559
24534 3560
24538 3560
24542 3561
24546 3561
24550 3562
24554 3562
24558 3563
24562 3564
24566 3564
24570 3565
24574 3565
24578 3566
24582 3566
24586 3567
24590 3568
24594 3568
24598 3569
24602 3569
24606 3570
24610 3570
24614 3571
24618 3572
24622 3572
24626 3573
24630 3573
24634 3574
24638 3574
24642 3575
24646 3576
24650 3576
24654 3577
24658 3577
24662 3578
24666 3578
24670 3579
24674 3580
24678 3580
24682 3581
24686 3581
24690 3582
24694 3583
24698 3583
24702 3584
24706 3584
24710 3585
24714 3585
24718 3586
24722 3587
24726 3587
24730 3588
24734 3588
24738 3589
24742 3590
24746 3590
24750 3591
24754 3591
24758 3592
24762 3592
24766 3593
24770 3593
24774 3594
24778 3595
24782 3595
24786 3596
24790 3596
24794 3597
24798 3597
24802 3598
24806 3598
24810 3599
24814 3600
24818 3600
24822 3601
24826 3601
24830 3602
24834 3603
24838 3603
24842 3604
24846 3604
24850 3605
24854 3606
24858 3606
24862 3607
24866 3607
24870 3608
24874 3608
24878 3609
24882 3610
24886 3610
24890 3611
24894 3611
24898 3612
24902 3612
24906 3613
24910 3613
24914 3614
24918 3615
24922 3615
24926 3616
24930 3616
24934 3617
24938 3618
24942 3618
24946 3619
24950 3619
24954 3620
24958 3620
24962 3621
24966 3621
24970 3622
24974 3622
24978 3623
24982 3624
24986 3624
24990 3625
24994 3625
24998 3626
25002 3626
25006 3627
25010 3628
25014 3628
25018 3629
25022 3629
25026 3630
25030 3630
25034 3631
25038 3632
25042 3632
25046 3633
25050 3633
25054 3634
25058 3634
25062 3635
25066 3636
25070 3636
25074 3637
25078 3637
25082 3638
25086 3638
25090 3639
25094 3640
25098 3640
25102 3641
25106 3641
25110 3642
25114 3642
25118 3643
25122 3644
25126 3644
25130 3645
25134 3645
25138 3646
25142 3646
25146 3647
25150 3648
25154 3648
25158 3649
25162 3649
25166 3650
25170 3650
25174 3651
25178 3652
25182 3652
25186 3653
25190 3653
25194 3654
25198 3654
25202 3655
25206 3656
25210 3656
25214 3657
25218 3657
25222 3658
25226 3659
25230 3659
25234 3660
25238 3660
25242 3661
25246 3662
25250 3662
25254 3663
25258 3663
25262 3664
25266 3664
25270 3665
25274 3666
25278 3666
25282 3667
25286 3667
25290 3668
25294 3668
25298 3669
25302 3670
25306 3670
25310 3671
25314 3671
25318 3672
25322 3672
25326 3673
25330 3674
25334 3674
25338 3675
25342 3675
25346 3676
25350 3677
25354 3677
25358 3678
25362 3678
25366 3679
25370 3680
25374 3680
25378 3681
25382 3681
25386 3682
25390 3682
25394 3683
25398 3684
25402 3684
25406 3685
25410 3685
25414 3686
25418 3686
25422 3687
25426 3688
25430 3688
25434 3689
25438 3689
25442 3690
25446 3690
25450 3691
25454 3692
25458 3692
25462 3693
25466 3693
25470 3694
25474 3694
25478 3695
25482 3696
25486 3696
25490 3697
25494 3697
25498 3698
25502 3698
25506 3699
25510 3700
25514 3700
25518 3701
25522 3701
25526 3702
25530 3703
25534 3703
25538 3704
25542 3704
25546 3705
25550 3706
25554 3706
25558 3707
25562 3707
25566 3708
25570 3708
25574 3709
25578 3710
25582 3710
25586 3711
25590 3711
25594 3712
25598 3712
25602 3713
25606 3714
25610 3714
25614 3715
25618 3715
25622 3716
25626 3716
25630 3717
25634 3718
25638 3718
25642 3719
25646 3719
25650 3720
25654 3720
25658 3721
25662 3722
25666 3722
25670 3723
25674 3724
25678 3724
25682 3725
25686 3725
25690 3726
25694 3726
25698 3727
25702 3728
25706 3728
25710 3729
25714 3729
25718 3730
25722 3730
25726 3731
25730 3732
25734 3732
25738 3733
25742 3733
25746 3734
25750 3734
25754 3735
25758 3736
25762 3736
25766 3737
25770 3737
25774 3738
25778 3738
25782 3739
25786 3740
25790 3740
25794 3741
25798 3741
25802 3742
25806 3742
25810 3743
25814 3744
25818 3744
25822 3745
25826 3746
25830 3746
25834 3747
25838 3747
25842 3748
25846 3748
25850 3749
25854 3750
25858 3750
25862 3751
25866 3751
25870 3752
25874 3753
25878 3753
25882 3754
25886 3754
25890 3755
25894 3756
25898 3756
25902 3757
25906 3757
25910 3758
25914 3758
25918 3759
25922 3760
25926 3760
25930 3761
25934 3761
25938 3762
25942 3762
25946 3763
25950 3764
25954 3764
25958 3765
25962 3765
25966 3766
25970 3766
25974 3767
25978 3768
25982 3768
25986 3769
25990 3770
25994 3770
25998 3771
26002 3771
26006 3772
26010 3772
26014 3773
26018 3774
26022 3774
26026 3775
26030 3775
26034 3776
26038 3776
26042 3777
26046 3778
26050 3778
26054 3779
26058 3779
26062 3780
26066 3781
26070 3781
26074 3782
26078 3782
26082 3783
26086 3784
26090 3784
26094 3785
26098 3785
26102 3786
26106 3786
26110 3787
26114 3788
26118 3788
26122 3789
26126 3789
26130 3790
26134 3790
26138 3791
26142 3792
26146 3792
26150 3793
26154 3794
26158 3794
26162 3795
26166 3795
26170 3796
26174 3796
26178 3797
26182 3798
26186 3798
26190 3799
26194 3800
26198 3800
26202 3801
26206 3801
26210 3802
26214 3802
26218 3803
26222 3804
26226 3804
26230 3805
26234 3805
26238 3806
26242 3806
26246 3807
26250 3808
26254 3808
26258 3809
26262 3809
26266 3810
26270 3811
26274 3811
26278 3812
26282 3812
26286 3813
26290 3814
26294 3814
26298 3815
26302 3815
26306 3816
26310 3816
26314 3817
26318 3818
26322 3818
26326 3819
26330 3820
26334 3820
26338 3821
26342 3821
26346 3822
26350 3822
26354 3823
26358 3824
26362 3824
26366 3825
26370 3825
26374 3826
26378 3827
26382 3827
26386 3828
26390 3828
26394 3829
26398 3830
26402 3830
26406 3831
26410 3831
26414 3832
26418 3832
26422 3833
26426 3834
26430 3834
26434 3835
26438 3836
26442 3836
26446 3837
26450 3837
26454 3838
26458 3838
26462 3839
26466 3840
26470 3840
26474 3841
26478 3841
26482 3842
26486 3843
26490 3843
26494 3844
26498 3844
26502 3845
26506 3846
26510 3846
26514 3847
26518 3847
26522 3848
26526 3849
26530 3849
26534 3850
26538 3850
26542 3851
26546 3852
26550 3852
26554 3853
26558 3853
26562 3854
26566 3854
26570 3855
26574 3856
26578 3856
26582 3857
26586 3858
26590 3858
26594 3859
26598 3859
26602 3860
26606 3860
26610 3861
26614 3862
26618 3862
26622 3863
26626 3863
26630 3864
26634 3864
26638 3865
26642 3866
26646 3866
26650 3867
26654 3867
26658 3868
26662 3868
26666 3869
26670 3870
26674 3870
26678 3871
26682 3872
26686 3872
26690 3873
26694 3873
26698 3874
26702 3874
26706 3875
26710 3876
26714 3876
26718 3877
26722 3877
26726 3878
26730 3878
26734 3879
26738 3880
26742 3880
26746 3881
26750 3881
26754 3882
26758 3882
26762 3883
26766 3884
26770 3884
26774 3885
26778 3885
26782 3886
26786 3886
26790 3887
26794 3888
26798 3888
26802 3889
26806 3890
26810 3890
26814 3891
26818 3891
26822 3892
26826 3892
26830 3893
26834 3894
26838 3894
26842 3895
26846 3895
26850 3896
26854 3896
26858 3897
26862 3898
26866 3898
26870 3899
26874 3899
26878 3900
26882 3901
26886 3901
26890 3902
26894 3902
26898 3903
26902 3904
26906 3904
26910 3905
26914 3905
26918 3906
26922 3906
26926 3907
26930 3908
26934 3908
26938 3909
26942 3909
26946 3910
26950 3910
26954 3911
26958 3912
26962 3912
26966 3913
26970 3913
26974 3914
26978 3914
26982 3915
26986 3916
26990 3916
26994 3917
26998 3917
27002 3918
27006 3919
27010 3919
27014 3920
27018 3920
27022 3921
27026 3922
27030 3922
27034 3923
27038 3923
27042 3924
27046 3924
27050 3925
27054 3926
27058 3926
27062 3927
27066 3927
27070 3928
27074 3928
27078 3929
27082 3930
27086 3930
27090 3931
27094 3931
27098 3932
27102 3932
27106 3933
27110 3934
27114 3934
27118 3935
27122 3935
27126 3936
27130 3936
27134 3937
27138 3938
27142 3938
27146 3939
27150 3939
27154 3940
27158 3940
27162 3941
27166 3942
27170 3942
27174 3943
27178 3943
27182 3944
27186 3944
27190 3945
27194 3946
27198 3946
27202 3947
27206 3948
27210 3948
27214 3949
27218 3949
27222 3950
27226 3950
27230 3951
27234 3951
27238 3952
27242 3952
27246 3953
27250 3954
27254 3954
27258 3955
27262 3955
27266 3956
27270 3956
27274 3957
27278 3958
27282 3958
27286 3959
27290 3959
27294 3960
27298 3960
27302 3961
27306 3962
27310 3962
27314 3963
27318 3963
27322 3964
27326 3964
27330 3965
27334 3966
27338 3966
27342 3967
27346 3967
27350 3968
27354 3968
27358 3969
27362 3970
27366 3970
27370 3971
27374 3971
27378 3972
27382 3972
27386 3973
27390 3974
27394 3974
27398 3975
27402 3975
27406 3976
27410 3976
27414 3977
27418 3978
27422 3978
27426 3979
27430 3979
27434 3980
27438 3980
27442 3981
27446 3981
27450 3982
27454 3982
27458 3983
27462 3984
27466 3984
27470 3985
27474 3985
27478 3986
27482 3986
27486 3987
27490 3988
27494 3988
27498 3989
27502 3989
27506 3990
27510 3990
27514 3991
27518 3992
27522 3992
27526 3993
27530 3993
27534 3994
27538 3994
27542 3995
27546 3996
27550 3996
27554 3997
27558 3997
27562 3998
27566 3998
27570 3999
27574 4000
27578 4000
27582 4001
27586 4001
27590 4002
27594 4002
27598 4003
27602 4004
27606 4004
27610 4005
27614 4005
27618 4006
27622 4006
27626 4007
27630 4008
27634 4008
27638 4009
27642 4009
27646 4010
27650 4010
27654 4011
27658 4012
27662 4012
27666 4013
27670 4013
27674 4014
27678 4014
27682 4015
27686 4016
27690 4016
27694 4017
27698 4017
27702 4018
27706 4018
27710 4019
27714 4020
27718 4020
27722 4021
27726 4021
27730 4022
27734 4023
27738 4023
27742 4024
27746 4024
27750 4025
27754 4026
27758 4026
27762 4027
27766 4027
27770 4028
27774 4028
27778 4029
27782 4030
27786 4030
27790 4031
27794 4031
27798 4032
27802 4032
27806 4033
27810 4034
27814 4034
27818 4035
27822 4035
27826 4036
27830 4036
27834 4037
27838 4038
27842 4038
27846 4039
27850 4040
27854 4040
27858 4041
27862 4041
27866 4042
27870 4042
27874 4043
27878 4044
27882 4044
27886 4045
27890 4045
27894 4046
27898 4046
27902 4047
27906 4048
27910 4048
27914 4049
27918 4049
27922 4050
27926 4050
27930 4051
27934 4052
27938 4052
27942 4053
27946 4053
27950 4054
27954 4054
27958 4055
27962 4056
27966 4056
27970 4057
27974 4057
27978 4058
27982 4058
27986 4059
27990 4060
27994 4060
27998 4061
28002 4061
28006 4062
28010 4063
28014 4063
28018 4064
28022 4064
28026 4065
28030 4065
28034 4066
28038 4067
28042 4067
28046 4068
28050 4068
28054 4069
28058 4070
28062 4070
28066 4071
28070 4071
28074 4072
28078 4072
28082 4073
28086 4074
28090 4074
28094 4075
28098 4075
28102 4076
28106 4076
28110 4077
28114 4078
28118 4078
28122 4079
28126 4079
28130 4080
28134 4080
28138 4081
28142 4082
28146 4082
28150 4083
28154 4083
28158 4084
28162 4084
28166 4085
28170 4086
28174 4086
28178 4087
28182 4087
28186 4088
28190 4089
28194 4089
28198 4090
28202 4090
28206 4091
28210 4092
28214 4092
28218 4093
28222 4093
28226 4094
28230 4094
28234 4095
28238 4096
28242 4096
28246 4097
28250 4097
28254 4098
28258 4098
28262 4099
28266 4100
28270 4100
28274 4101
28278 4101
28282 4102
28286 4102
28290 4103
28294 4104
28298 4104
28302 4105
28306 4105
28310 4106
28314 4106
28318 4107
28322 4108
28326 4108
28330 4109
28334 4109
28338 4110
28342 4111
28346 4111
28350 4112
28354 4112
28358 4113
28362 4114
28366 4114
28370 4115
28374 4115
28378 4116
28382 4116
28386 4117
28390 4118
28394 4118
28398 4119
28402 4119
28406 4120
28410 4121
28414 4121
28418 4122
28422 4122
28426 4123
28430 4124
28434 4124
28438 4125
28442 4125
28446 4126
28450 4126
28454 4127
28458 4128
28462 4128
28466 4129
28470 4129
28474 4130
28478 4130
28482 4131
28486 4132
28490 4132
28494 4133
28498 4134
28502 4134
28506 4135
28510 4135
28514 4136
28518 4136
28522 4137
28526 4138
28530 4138
28534 4139
28538 4139
28542 4140
28546 4140
28550 4141
28554 4142
28558 4142
28562 4143
28566 4144
28570 4144
28574 4145
28578 4145
28582 4146
28586 4146
28590 4147
28594 4148
28598 4148
28602 4149
28606 4149
28610 4150
28614 4150
28618 4151
28622 4152
28626 4152
28630 4153
28634 4153
28638 4154
28642 4154
28646 4155
28650 4156
28654 4156
28658 4157
28662 4158
28666 4158
28670 4159
28674 4159
28678 4160
28682 4160
28686 4161
28690 4162
28694 4162
28698 4163
28702 4164
28706 4164
28710 4165
28714 4165
28718 4166
28722 4166
28726 4167
28730 4168
28734 4168
28738 4169
28742 4169
28746 4170
28750 4170
28754 4171
28758 4172
28762 4172
28766 4173
28770 4174
28774 4174
28778 4175
28782 4175
28786 4176
28790 4176
28794 4177
28798 4178
28802 4178
28806 4179
28810 4179
28814 4180
28818 4181
28822 4181
28826 4182
28830 4182
28834 4183
28838 4184
28842 4184
28846 4185
28850 4185
28854 4186
28858 4186
28862 4187
28866 4188
28870 4188
28874 4189
28878 4190
28882 4190
28886 4191
28890 4191
28894 4192
28898 4192
28902 4193
28906 4194
28910 4194
28914 4195
28918 4195
28922 4196
28926 4196
28930 4197
28934 4198
28938 4198
28942 4199
28946 4199
28950 4200
28954 4201
28958 4201
28962 4202
28966 4202
28970 4203
28974 4204
28978 4204
28982 4205
28986 4205
28990 4206
28994 4207
28998 4207
29002 4208
29006 4208
29010 4209
29014 4210
29018 4210
29022 4211
29026 4211
29030 4212
29034 4213
29038 4213
29042 4214
29046 4214
29050 4215
29054 4216
29058 4216
29062 4217
29066 4217
29070 4218
29074 4218
29078 4219
29082 4220
29086 4220
29090 4221
29094 4221
29098 4222
29102 4222
29106 4223
29110 4224
29114 4224
29118 4225
29122 4226
29126 4226
29130 4227
29134 4227
29138 4228
29142 4228
29146 4229
29150 4230
29154 4230
29158 4231
29162 4231
29166 4232
29170 4232
29174 4233
29178 4234
29182 4234
29186 4235
29190 4236
29194 4236
29198 4237
29202 4237
29206 4238
29210 4238
29214 4239
29218 4240
29222 4240
29226 4241
29230 4241
29234 4242
29238 4242
29242 4243
29246 4244
29250 4244
29254 4245
29258 4245
29262 4246
29266 4246
29270 4247
29274 4248
29278 4248
29282 4249
29286 4249
29290 4250
29294 4250
29298 4251
29302 4252
29306 4252
29310 4253
29314 4254
29318 4254
29322 4255
29326 4255
29330 4256
29334 4256
29338 4257
29342 4258
29346 4258
29350 4259
29354 4259
29358 4260
29362 4260
29366 4261
29370 4262
29374 4262
29378 4263
29382 4263
29386 4264
29390 4265
29394 4265
29398 4266
29402 4266
29406 4267
29410 4267
29414 4268
29418 4269
29422 4269
29426 4270
29430 4270
29434 4271
29438 4272
29442 4272
29446 4273
29450 4273
29454 4274
29458 4274
29462 4275
29466 4276
29470 4276
29474 4277
29478 4277
29482 4278
29486 4278
29490 4279
29494 4280
29498 4280
29502 4281
29506 4281
29510 4282
29514 4282
29518 4283
29522 4284
29526 4284
29530 4285
29534 4285
29538 4286
29542 4286
29546 4287
29550 4288
29554 4288
29558 4289
29562 4289
29566 4290
29570 4290
29574 4291
29578 4292
29582 4292
29586 4293
29590 4293
29594 4294
29598 4294
29602 4295
29606 4296
29610 4296
29614 4297
29618 4297
29622 4298
29626 4298
29630 4299
29634 4300
29638 4300
29642 4301
29646 4302
29650 4302
29654 4303
29658 4303
29662 4304
29666 4304
29670 4305
29674 4306
29678 4306
29682 4307
29686 4307
29690 4308
29694 4308
29698 4309
29702 4310
29706 4310
29710 4311
29714 4311
29718 4312
29722 4312
29726 4313
29730 4314
29734 4314
29738 4315
29742 4315
29746 4316
29750 4316
29754 4317
29758 4318
29762 4318
29766 4319
29770 4319
29774 4320
29778 4320
29782 4321
29786 4322
29790 4322
29794 4323
29798 4323
29802 4324
29806 4324
29810 4325
29814 4326
29818 4326
29822 4327
29826 4327
29830 4328
29834 4328
29838 4329
29842 4330
29846 4330
29850 4331
29854 4331
29858 4332
29862 4332
29866 4333
29870 4334
29874 4334
29878 4335
29882 4335
29886 4336
29890 4336
29894 4337
29898 4338
29902 4338
29906 4339
29910 4339
29914 4340
29918 4340
29922 4341
29926 4342
29930 4342
29934 4343
29938 4343
29942 4344
29946 4344
29950 4345
29954 4346
29958 4346
29962 4347
29966 4347
29970 4348
29974 4348
29978 4349
29982 4349
29986 4350
29990 4351
29994 4351
29998 4352
