10 0
14 0
18 0
22 0
26 1
30 2
34 2
38 3
42 4
46 5
50 6
54 8
58 9
62 10
66 12
70 14
74 15
78 17
82 19
86 21
90 23
94 24
98 27
102 29
106 31
110 33
114 35
118 37
122 40
126 42
130 44
134 47
138 49
142 52
146 54
150 56
154 59
158 61
162 64
166 66
170 69
174 72
178 74
182 77
186 79
190 82
194 85
198 87
202 90
206 93
210 95
214 98
218 101
222 104
226 106
230 109
234 112
238 114
242 117
246 120
250 123
254 126
258 128
262 131
266 134
270 136
274 139
278 142
282 145
286 148
290 150
294 153
298 156
302 159
306 161
310 164
314 167
318 170
322 173
326 175
330 178
334 181
338 184
342 187
346 189
350 192
354 195
358 198
362 201
366 203
370 206
374 209
378 212
382 215
386 218
390 220
394 223
398 226
402 229
406 232
410 234
414 237
418 240
422 243
426 246
430 248
434 251
438 254
442 257
446 260
450 263
454 266
458 268
462 271
466 274
470 277
474 280
478 282
482 285
486 288
490 291
494 294
498 297
502 300
506 302
510 305
514 308
518 311
522 314
526 316
530 319
534 322
538 325
542 328
546 331
550 334
554 336
558 339
562 342
566 345
570 348
574 351
578 354
582 356
586 359
590 362
594 365
598 368
602 371
606 374
610 376
614 379
618 382
622 385
626 388
630 391
634 394
638 396
642 399
646 402
650 405
654 408
658 411
662 414
666 416
670 419
674 422
678 425
682 428
686 431
690 434
694 436
698 439
702 442
706 445
710 448
714 451
718 454
722 456
726 459
730 462
734 465
738 468
742 471
746 474
750 476
754 479
758 482
762 485
766 488
770 491
774 493
778 496
782 499
786 502
790 505
794 508
798 510
802 513
806 516
810 519
814 522
818 525
822 528
826 530
830 533
834 536
838 539
842 542
846 544
850 547
854 550
858 553
862 556
866 558
870 561
874 564
878 567
882 570
886 573
890 576
894 578
898 581
902 584
906 587
910 590
914 592
918 595
922 598
926 601
930 604
934 607
938 610
942 612
946 615
950 618
954 621
958 624
962 627
966 630
970 632
974 635
978 638
982 641
986 644
990 647
994 650
998 652
1002 655
1006 658
1010 661
1014 664
1018 667
1022 670
1026 672
1030 675
1034 678
1038 681
1042 684
1046 686
1050 689
1054 692
1058 695
1062 698
1066 701
1070 704
1074 707
1078 710
1082 712
1086 715
1090 718
1094 721
1098 724
1102 727
1106 730
1110 732
1114 735
1118 738
1122 741
1126 744
1130 747
1134 750
1138 752
1142 755
1146 758
1150 761
1154 764
1158 767
1162 770
1166 773
1170 776
1174 778
1178 781
1182 784
1186 787
1190 790
1194 793
1198 796
1202 798
1206 801
1210 804
1214 807
1218 810
1222 813
1226 816
1230 818
1234 821
1238 824
1242 827
1246 830
1250 833
1254 836
1258 838
1262 841
1266 844
1270 847
1274 850
1278 853
1282 856
1286 858
1290 861
1294 864
1298 867
1302 870
1306 872
1310 875
1314 878
1318 881
1322 884
1326 887
1330 890
1334 892
1338 895
1342 898
1346 901
1350 904
1354 906
1358 909
1362 912
1366 915
1370 918
1374 920
1378 923
1382 926
1386 929
1390 932
1394 935
1398 938
1402 940
1406 943
1410 946
1414 949
1418 952
1422 954
1426 957
1430 960
1434 963
1438 966
1442 969
1446 972
1450 974
1454 977
1458 980
1462 983
1466 986
1470 989
1474 992
1478 994
1482 997
1486 1000
1490 1003
1494 1006
1498 1009
1502 1012
1506 1014
1510 1017
1514 1020
1518 1023
1522 1026
1526 1029
1530 1032
1534 1034
1538 1037
1542 1040
1546 1043
1550 1046
1554 1049
1558 1052
1562 1054
1566 1057
1570 1060
1574 1063
1578 1066
1582 1069
1586 1072
1590 1074
1594 1078
1598 1080
1602 1083
1606 1086
1610 1089
1614 1092
1618 1095
1622 1098
1626 1100
1630 1103
1634 1106
1638 1109
1642 1112
1646 1115
1650 1118
1654 1121
1658 1124
1662 1126
1666 1130
1670 1132
1674 1135
1678 1138
1682 1141
1686 1144
1690 1147
1694 1150
1698 1152
1702 1155
1706 1158
1710 1161
1714 1164
1718 1167
1722 1170
1726 1172
1730 1175
1734 1178
1738 1181
1742 1184
1746 1187
1750 1190
1754 1193
1758 1195
1762 1198
1766 1201
1770 1204
1774 1207
1778 1210
1782 1212
1786 1215
1790 1218
1794 1221
1798 1224
1802 1227
1806 1230
1810 1232
1814 1235
1818 1238
1822 1241
1826 1244
1830 1247
1834 1250
1838 1252
1842 1255
1846 1258
1850 1261
1854 1264
1858 1266
1862 1269
1866 1272
1870 1275
1874 1278
1878 1281
1882 1283
1886 1286
1890 1289
1894 1292
1898 1295
1902 1298
1906 1300
1910 1303
1914 1306
1918 1309
1922 1312
1926 1314
1930 1318
1934 1320
1938 1323
1942 1326
1946 1329
1950 1332
1954 1334
1958 1337
1962 1340
1966 1343
1970 1346
1974 1349
1978 1352
1982 1354
1986 1357
1990 1360
1994 1363
1998 1366
2002 1369
2006 1372
2010 1374
2014 1377
2018 1380
2022 1383
2026 1386
2030 1388
2034 1391
2038 1394
2042 1397
2046 1400
2050 1403
2054 1406
2058 1408
2062 1411
2066 1414
2070 1417
2074 1420
2078 1423
2082 1426
2086 1428
2090 1432
2094 1434
2098 1437
2102 1440
2106 1443
2110 1446
2114 1449
2118 1452
2122 1454
2126 1457
2130 1460
2134 1463
2138 1466
2142 1469
2146 1472
2150 1475
2154 1478
2158 1480
2162 1483
2166 1486
2170 1489
2174 1492
2178 1495
2182 1498
2186 1500
2190 1503
2194 1506
2198 1509
2202 1512
2206 1515
2210 1518
2214 1521
2218 1524
2222 1526
2226 1529
2230 1532
2234 1535
2238 1538
2242 1541
2246 1544
2250 1547
2254 1550
2258 1552
2262 1555
2266 1558
2270 1561
2274 1564
2278 1567
2282 1570
2286 1572
2290 1575
2294 1578
2298 1581
2302 1584
2306 1587
2310 1590
2314 1592
2318 1595
2322 1598
2326 1601
2330 1604
2334 1607
2338 1610
2342 1612
2346 1615
2350 1618
2354 1621
2358 1624
2362 1626
2366 1629
2370 1632
2374 1635
2378 1638
2382 1640
2386 1643
2390 1646
2394 1649
2398 1652
2402 1655
2406 1658
2410 1660
2414 1663
2418 1666
2422 1669
2426 1672
2430 1674
2434 1677
2438 1680
2442 1683
2446 1686
2450 1689
2454 1692
2458 1694
2462 1697
2466 1700
2470 1703
2474 1706
2478 1709
2482 1711
2486 1714
2490 1717
2494 1720
2498 1723
2502 1726
2506 1728
2510 1731
2514 1734
2518 1737
2522 1740
2526 1743
2530 1746
2534 1748
2538 1751
2542 1754
2546 1757
2550 1760
2554 1762
2558 1765
2562 1768
2566 1771
2570 1774
2574 1777
2578 1780
2582 1783
2586 1786
2590 1788
2594 1791
2598 1794
2602 1797
2606 1800
2610 1803
2614 1806
2618 1808
2622 1811
2626 1814
2630 1817
2634 1820
2638 1823
2642 1826
2646 1828
2650 1831
2654 1834
2658 1837
2662 1840
2666 1843
2670 1846
2674 1848
2678 1852
2682 1854
2686 1857
2690 1860
2694 1863
2698 1866
2702 1869
2706 1872
2710 1874
2714 1877
2718 1880
2722 1883
2726 1886
2730 1889
2734 1892
2738 1895
2742 1898
2746 1900
2750 1903
2754 1906
2758 1909
2762 1912
2766 1915
2770 1918
2774 1920
2778 1923
2782 1926
2786 1929
2790 1932
2794 1935
2798 1938
2802 1940
2806 1943
2810 1946
2814 1949
2818 1952
2822 1955
2826 1958
2830 1960
2834 1963
2838 1966
2842 1969
2846 1972
2850 1975
2854 1978
2858 1980
2862 1983
2866 1986
2870 1989
2874 1992
2878 1994
2882 1997
2886 2000
2890 2003
2894 2006
2898 2009
2902 2012
2906 2014
2910 2017
2914 2020
2918 2023
2922 2026
2926 2029
2930 2032
2934 2034
2938 2037
2942 2040
2946 2043
2950 2046
2954 2049
2958 2052
2962 2054
2966 2057
2970 2060
2974 2063
2978 2066
2982 2069
2986 2071
2990 2074
2994 2077
2998 2080
3002 2083
3006 2086
3010 2088
3014 2091
3018 2094
3022 2097
3026 2100
3030 2103
3034 2106
3038 2108
3042 2111
3046 2114
3050 2117
3054 2120
3058 2123
3062 2126
3066 2128
3070 2131
3074 2134
3078 2137
3082 2140
3086 2143
3090 2146
3094 2148
3098 2151
3102 2154
3106 2157
3110 2160
3114 2163
3118 2166
3122 2168
3126 2171
3130 2174
3134 2177
3138 2180
3142 2183
3146 2186
3150 2189
3154 2192
3158 2194
3162 2197
3166 2200
3170 2203
3174 2206
3178 2209
3182 2212
3186 2214
3190 2217
3194 2220
3198 2223
3202 2226
3206 2229
3210 2232
3214 2235
3218 2237
3222 2240
3226 2243
3230 2246
3234 2249
3238 2252
3242 2255
3246 2258
3250 2260
3254 2263
3258 2266
3262 2269
3266 2272
3270 2275
3274 2278
3278 2280
3282 2283
3286 2286
3290 2289
3294 2292
3298 2294
3302 2297
3306 2300
3310 2303
3314 2306
3318 2309
3322 2312
3326 2314
3330 2317
3334 2320
3338 2323
3342 2326
3346 2329
3350 2332
3354 2334
3358 2337
3362 2340
3366 2343
3370 2346
3374 2348
3378 2351
3382 2354
3386 2357
3390 2360
3394 2362
3398 2365
3402 2368
3406 2371
3410 2374
3414 2377
3418 2380
3422 2382
3426 2385
3430 2388
3434 2391
3438 2394
3442 2397
3446 2400
3450 2402
3454 2405
3458 2408
3462 2411
3466 2414
3470 2416
3474 2419
3478 2422
3482 2425
3486 2428
3490 2431
3494 2434
3498 2437
3502 2439
3506 2442
3510 2445
3514 2448
3518 2451
3522 2454
3526 2456
3530 2459
3534 2462
3538 2465
3542 2468
3546 2471
3550 2474
3554 2476
3558 2480
3562 2482
3566 2485
3570 2488
3574 2491
3578 2494
3582 2497
3586 2500
3590 2502
3594 2505
3598 2508
3602 2511
3606 2514
3610 2517
3614 2520
3618 2523
3622 2526
3626 2528
3630 2531
3634 2534
3638 2537
3642 2540
3646 2543
3650 2546
3654 2548
3658 2551
3662 2554
3666 2557
3670 2560
3674 2563
3678 2566
3682 2569
3686 2572
3690 2574
3694 2577
3698 2580
3702 2583
3706 2586
3710 2589
3714 2592
3718 2594
3722 2597
3726 2600
3730 2603
3734 2606
3738 2609
3742 2612
3746 2615
3750 2618
3754 2620
3758 2623
3762 2626
3766 2629
3770 2632
3774 2634
3778 2638
3782 2640
3786 2643
3790 2646
3794 2649
3798 2652
3802 2655
3806 2657
3810 2660
3814 2663
3818 2666
3822 2669
3826 2672
3830 2674
3834 2677
3838 2680
3842 2683
3846 2686
3850 2689
3854 2692
3858 2694
3862 2697
3866 2700
3870 2703
3874 2706
3878 2708
3882 2711
3886 2714
3890 2717
3894 2720
3898 2722
3902 2725
3906 2728
3910 2731
3914 2734
3918 2737
3922 2740
3926 2742
3930 2745
3934 2748
3938 2751
3942 2754
3946 2756
3950 2759
3954 2762
3958 2765
3962 2768
3966 2771
3970 2774
3974 2776
3978 2779
3982 2782
3986 2785
3990 2788
3994 2791
3998 2794
4002 2796
4006 2799
4010 2802
4014 2805
4018 2808
4022 2811
4026 2814
4030 2816
4034 2819
4038 2822
4042 2825
4046 2828
4050 2831
4054 2834
4058 2836
4062 2839
4066 2842
4070 2845
4074 2848
4078 2851
4082 2854
4086 2856
4090 2859
4094 2862
4098 2865
4102 2868
4106 2871
4110 2874
4114 2877
4118 2880
4122 2882
4126 2885
4130 2888
4134 2891
4138 2894
4142 2897
4146 2900
4150 2902
4154 2905
4158 2908
4162 2911
4166 2914
4170 2917
4174 2920
4178 2923
4182 2926
4186 2928
4190 2932
4194 2934
4198 2937
4202 2940
4206 2943
4210 2946
4214 2949
4218 2952
4222 2954
4226 2957
4230 2960
4234 2963
4238 2966
4242 2969
4246 2972
4250 2975
4254 2978
4258 2980
4262 2983
4266 2986
4270 2989
4274 2992
4278 2995
4282 2998
4286 3000
4290 3003
4294 3006
4298 3009
4302 3012
4306 3015
4310 3018
4314 3020
4318 3023
4322 3026
4326 3029
4330 3032
4334 3035
4338 3037
4342 3040
4346 3043
4350 3046
4354 3049
4358 3052
4362 3054
4366 3057
4370 3060
4374 3063
4378 3066
4382 3068
4386 3071
4390 3074
4394 3077
4398 3080
4402 3082
4406 3085
4410 3088
4414 3091
4418 3094
4422 3097
4426 3100
4430 3102
4434 3105
4438 3108
4442 3111
4446 3114
4450 3116
4454 3119
4458 3122
4462 3125
4466 3128
4470 3131
4474 3134
4478 3136
4482 3139
4486 3142
4490 3145
4494 3148
4498 3151
4502 3154
4506 3156
4510 3159
4514 3162
4518 3165
4522 3168
4526 3171
4530 3174
4534 3176
4538 3179
4542 3182
4546 3185
4550 3188
4554 3190
4558 3193
4562 3196
4566 3199
4570 3202
4574 3205
4578 3208
4582 3210
4586 3213
4590 3216
4594 3219
4598 3222
4602 3225
4606 3228
4610 3230
4614 3233
4618 3236
4622 3239
4626 3242
4630 3245
4634 3248
4638 3251
4642 3254
4646 3256
4650 3259
4654 3262
4658 3265
4662 3268
4666 3271
4670 3274
4674 3277
4678 3280
4682 3282
4686 3285
4690 3288
4694 3291
4698 3294
4702 3297
4706 3300
4710 3302
4714 3306
4718 3308
4722 3311
4726 3314
4730 3317
4734 3320
4738 3323
4742 3326
4746 3328
4750 3331
4754 3334
4758 3337
4762 3340
4766 3343
4770 3346
4774 3349
4778 3352
4782 3354
4786 3357
4790 3360
4794 3363
4798 3366
4802 3369
4806 3372
4810 3374
4814 3377
4818 3380
4822 3383
4826 3386
4830 3389
4834 3392
4838 3394
4842 3397
4846 3400
4850 3403
4854 3406
4858 3409
4862 3412
4866 3414
4870 3417
4874 3420
4878 3423
4882 3426
4886 3428
4890 3431
4894 3434
4898 3437
4902 3440
4906 3443
4910 3445
4914 3448
4918 3451
4922 3454
4926 3457
4930 3460
4934 3462
4938 3465
4942 3468
4946 3471
4950 3474
4954 3477
4958 3480
4962 3482
4966 3485
4970 3488
4974 3491
4978 3494
4982 3496
4986 3500
4990 3502
4994 3505
4998 3508
5002 3511
5006 3514
5010 3516
5014 3519
5018 3522
5022 3525
5026 3528
5030 3531
5034 3534
5038 3536
5042 3539
5046 3542
5050 3545
5054 3548
5058 3551
5062 3554
5066 3556
5070 3559
5074 3562
5078 3565
5082 3568
5086 3570
5090 3573
5094 3576
5098 3579
5102 3582
5106 3585
5110 3588
5114 3590
5118 3593
5122 3596
5126 3599
5130 3602
5134 3605
5138 3608
5142 3611
5146 3614
5150 3616
5154 3619
5158 3622
5162 3625
5166 3628
5170 3631
5174 3634
5178 3636
5182 3639
5186 3642
5190 3645
5194 3648
5198 3651
5202 3654
5206 3657
5210 3659
5214 3662
5218 3665
5222 3668
5226 3671
5230 3674
5234 3677
5238 3680
5242 3682
5246 3685
5250 3688
5254 3691
5258 3694
5262 3697
5266 3700
5270 3703
5274 3705
5278 3708
5282 3711
5286 3714
5290 3717
5294 3720
5298 3723
5302 3726
5306 3728
5310 3731
5314 3734
5318 3737
5322 3740
5326 3743
5330 3746
5334 3748
5338 3751
5342 3754
5346 3757
5350 3760
5354 3763
5358 3766
5362 3768
5366 3771
5370 3774
5374 3777
5378 3780
5382 3782
5386 3785
5390 3788
5394 3791
5398 3794
5402 3797
5406 3800
5410 3802
5414 3805
5418 3808
5422 3811
5426 3814
5430 3817
5434 3820
5438 3822
5442 3825
5446 3828
5450 3831
5454 3834
5458 3836
5462 3840
5466 3842
5470 3845
5474 3848
5478 3851
5482 3854
5486 3856
5490 3859
5494 3862
5498 3865
5502 3868
5506 3871
5510 3874
5514 3876
5518 3879
5522 3882
5526 3885
5530 3888
5534 3891
5538 3894
5542 3896
5546 3899
5550 3902
5554 3905
5558 3908
5562 3911
5566 3914
5570 3916
5574 3919
5578 3922
5582 3925
5586 3928
5590 3931
5594 3934
5598 3936
5602 3939
5606 3942
5610 3945
5614 3948
5618 3951
5622 3954
5626 3956
5630 3959
5634 3962
5638 3965
5642 3968
5646 3971
5650 3974
5654 3976
5658 3979
5662 3982
5666 3985
5670 3988
5674 3991
5678 3994
5682 3997
5686 3999
5690 4002
5694 4005
5698 4008
5702 4011
5706 4014
5710 4017
5714 4020
5718 4022
5722 4025
5726 4028
5730 4031
5734 4034
5738 4037
5742 4040
5746 4042
5750 4045
5754 4048
5758 4051
5762 4054
5766 4057
5770 4060
5774 4062
5778 4065
5782 4068
5786 4071
5790 4074
5794 4077
5798 4080
5802 4083
5806 4086
5810 4088
5814 4091
5818 4094
5822 4097
5826 4100
5830 4102
5834 4105
5838 4108
5842 4111
5846 4114
5850 4117
5854 4120
5858 4122
5862 4125
5866 4128
5870 4131
5874 4134
5878 4136
5882 4139
5886 4142
5890 4145
5894 4148
5898 4150
5902 4154
5906 4156
5910 4159
5914 4162
5918 4165
5922 4168
5926 4170
5930 4173
5934 4176
5938 4179
5942 4182
5946 4184
5950 4187
5954 4190
5958 4193
5962 4196
5966 4199
5970 4202
5974 4204
5978 4207
5982 4210
5986 4213
5990 4216
5994 4219
5998 4222
6002 4224
6006 4227
6010 4230
6014 4233
6018 4236
6022 4239
6026 4242
6030 4244
6034 4247
6038 4250
6042 4253
6046 4256
6050 4259
6054 4262
6058 4264
6062 4267
6066 4270
6070 4273
6074 4276
6078 4279
6082 4282
6086 4284
6090 4287
6094 4290
6098 4293
6102 4296
6106 4299
6110 4302
6114 4305
6118 4307
6122 4310
6126 4313
6130 4316
6134 4319
6138 4322
6142 4325
6146 4328
6150 4330
6154 4333
6158 4336
6162 4339
6166 4342
6170 4345
6174 4348
6178 4351
6182 4354
6186 4356
6190 4359
6194 4362
6198 4365
6202 4368
6206 4371
6210 4374
6214 4377
6218 4379
6222 4382
6226 4385
6230 4388
6234 4391
6238 4394
6242 4397
6246 4400
6250 4402
6254 4405
6258 4408
6262 4411
6266 4414
6270 4417
6274 4420
6278 4422
6282 4425
6286 4428
6290 4431
6294 4434
6298 4437
6302 4440
6306 4442
6310 4446
6314 4448
6318 4451
6322 4454
6326 4457
6330 4460
6334 4462
6338 4465
6342 4468
6346 4471
6350 4474
6354 4477
6358 4479
6362 4482
6366 4485
6370 4488
6374 4491
6378 4494
6382 4496
6386 4499
6390 4502
6394 4505
6398 4508
6402 4510
6406 4513
6410 4516
6414 4519
6418 4522
6422 4524
6426 4527
6430 4530
6434 4533
6438 4536
6442 4539
6446 4542
6450 4544
6454 4547
6458 4550
6462 4553
6466 4556
6470 4559
6474 4561
6478 4564
6482 4567
6486 4570
6490 4573
6494 4576
6498 4578
6502 4581
6506 4584
6510 4587
6514 4590
6518 4593
6522 4596
6526 4598
6530 4601
6534 4604
6538 4607
6542 4610
6546 4613
6550 4616
6554 4618
6558 4621
6562 4624
6566 4627
6570 4630
6574 4633
6578 4636
6582 4638
6586 4641
6590 4644
6594 4647
6598 4650
6602 4653
6606 4656
6610 4658
6614 4661
6618 4664
6622 4667
6626 4670
6630 4673
6634 4676
6638 4679
6642 4682
6646 4684
6650 4687
6654 4690
6658 4693
6662 4696
6666 4699
6670 4702
6674 4704
6678 4707
6682 4710
6686 4713
6690 4716
6694 4719
6698 4722
6702 4725
6706 4728
6710 4730
6714 4733
6718 4736
6722 4739
6726 4742
6730 4745
6734 4748
6738 4751
6742 4754
6746 4756
6750 4759
6754 4762
6758 4765
6762 4768
6766 4771
6770 4774
6774 4777
6778 4780
6782 4782
6786 4785
6790 4788
6794 4791
6798 4794
6802 4797
6806 4800
6810 4802
6814 4805
6818 4808
6822 4811
6826 4814
6830 4817
6834 4820
6838 4822
6842 4825
6846 4828
6850 4831
6854 4834
6858 4837
6862 4839
6866 4842
6870 4845
6874 4848
6878 4851
6882 4854
6886 4856
6890 4859
6894 4862
6898 4865
6902 4868
6906 4870
6910 4873
6914 4876
6918 4879
6922 4882
6926 4885
6930 4888
6934 4890
6938 4893
6942 4896
6946 4899
6950 4902
6954 4904
6958 4907
6962 4910
6966 4913
6970 4916
6974 4919
6978 4922
6982 4924
6986 4927
6990 4930
6994 4933
6998 4936
7002 4938
7006 4941
7010 4944
7014 4947
7018 4950
7022 4953
7026 4956
7030 4958
7034 4961
7038 4964
7042 4967
7046 4970
7050 4973
7054 4976
7058 4978
7062 4981
7066 4984
7070 4987
7074 4990
7078 4993
7082 4995
7086 4998
7090 5001
7094 5004
7098 5007
7102 5010
7106 5012
7110 5015
7114 5018
7118 5021
7122 5024
7126 5027
7130 5030
7134 5032
7138 5035
7142 5038
7146 5041
7150 5044
7154 5047
7158 5050
7162 5053
7166 5056
7170 5058
7174 5061
7178 5064
7182 5067
7186 5070
7190 5073
7194 5076
7198 5078
7202 5081
7206 5084
7210 5087
7214 5090
7218 5093
7222 5096
7226 5099
7230 5102
7234 5104
7238 5107
7242 5110
7246 5113
7250 5116
7254 5119
7258 5122
7262 5125
7266 5128
7270 5130
7274 5133
7278 5136
7282 5139
7286 5142
7290 5145
7294 5148
7298 5150
7302 5153
7306 5156
7310 5159
7314 5162
7318 5165
7322 5168
7326 5170
7330 5173
7334 5176
7338 5179
7342 5182
7346 5185
7350 5188
7354 5190
7358 5193
7362 5196
7366 5199
7370 5202
7374 5205
7378 5208
7382 5210
7386 5213
7390 5216
7394 5219
7398 5222
7402 5225
7406 5228
7410 5230
7414 5233
7418 5236
7422 5239
7426 5242
7430 5245
7434 5248
7438 5250
7442 5253
7446 5256
7450 5259
7454 5262
7458 5265
7462 5267
7466 5270
7470 5273
7474 5276
7478 5279
7482 5282
7486 5284
7490 5287
7494 5290
7498 5293
7502 5296
7506 5299
7510 5302
7514 5304
7518 5307
7522 5310
7526 5313
7530 5316
7534 5319
7538 5321
7542 5324
7546 5327
7550 5330
7554 5333
7558 5336
7562 5339
7566 5341
7570 5344
7574 5347
7578 5350
7582 5353
7586 5356
7590 5358
7594 5361
7598 5364
7602 5367
7606 5370
7610 5373
7614 5376
7618 5379
7622 5382
7626 5384
7630 5387
7634 5390
7638 5393
7642 5396
7646 5399
7650 5402
7654 5404
7658 5407
7662 5410
7666 5413
7670 5416
7674 5419
7678 5422
7682 5424
7686 5427
7690 5430
7694 5433
7698 5436
7702 5439
7706 5442
7710 5444
7714 5447
7718 5450
7722 5453
7726 5456
7730 5459
7734 5462
7738 5464
7742 5467
7746 5470
7750 5473
7754 5476
7758 5479
7762 5482
7766 5485
7770 5488
7774 5490
7778 5493
7782 5496
7786 5499
7790 5502
7794 5505
7798 5508
7802 5510
7806 5513
7810 5516
7814 5519
7818 5522
7822 5525
7826 5528
7830 5530
7834 5533
7838 5536
7842 5539
7846 5542
7850 5545
7854 5548
7858 5551
7862 5553
7866 5556
7870 5559
7874 5562
7878 5565
7882 5568
7886 5570
7890 5573
7894 5576
7898 5579
7902 5582
7906 5585
7910 5587
7914 5590
7918 5593
7922 5596
7926 5599
7930 5602
7934 5604
7938 5607
7942 5610
7946 5613
7950 5616
7954 5619
7958 5622
7962 5624
7966 5627
7970 5630
7974 5633
7978 5636
7982 5639
7986 5642
7990 5644
7994 5647
7998 5650
8002 5653
8006 5656
8010 5658
8014 5662
8018 5664
8022 5667
8026 5670
8030 5673
8034 5676
8038 5678
8042 5681
8046 5684
8050 5687
8054 5690
8058 5693
8062 5696
8066 5699
8070 5701
8074 5704
8078 5707
8082 5710
8086 5713
8090 5716
8094 5719
8098 5722
8102 5724
8106 5727
8110 5730
8114 5733
8118 5736
8122 5739
8126 5742
8130 5744
8134 5747
8138 5750
8142 5753
8146 5756
8150 5759
8154 5762
8158 5764
8162 5767
8166 5770
8170 5773
8174 5776
8178 5779
8182 5782
8186 5785
8190 5788
8194 5790
8198 5793
8202 5796
8206 5799
8210 5802
8214 5805
8218 5808
8222 5810
8226 5813
8230 5816
8234 5819
8238 5822
8242 5825
8246 5828
8250 5831
8254 5834
8258 5836
8262 5839
8266 5842
8270 5845
8274 5848
8278 5851
8282 5854
8286 5856
8290 5859
8294 5862
8298 5865
8302 5868
8306 5871
8310 5874
8314 5876
8318 5879
8322 5882
8326 5885
8330 5888
8334 5891
8338 5894
8342 5896
8346 5899
8350 5902
8354 5905
8358 5908
8362 5910
8366 5913
8370 5916
8374 5919
8378 5922
8382 5925
8386 5928
8390 5930
8394 5933
8398 5936
8402 5939
8406 5942
8410 5944
8414 5947
8418 5950
8422 5953
8426 5956
8430 5959
8434 5962
8438 5964
8442 5967
8446 5970
8450 5973
8454 5976
8458 5979
8462 5982
8466 5984
8470 5987
8474 5990
8478 5993
8482 5996
8486 5998
8490 6001
8494 6004
8498 6007
8502 6010
8506 6013
8510 6016
8514 6018
8518 6021
8522 6024
8526 6027
8530 6030
8534 6033
8538 6036
8542 6038
8546 6041
8550 6044
8554 6047
8558 6050
8562 6053
8566 6056
8570 6058
8574 6061
8578 6064
8582 6067
8586 6070
8590 6073
8594 6076
8598 6078
8602 6082
8606 6084
8610 6087
8614 6090
8618 6093
8622 6096
8626 6099
8630 6102
8634 6104
8638 6107
8642 6110
8646 6113
8650 6116
8654 6119
8658 6122
8662 6125
8666 6128
8670 6130
8674 6133
8678 6136
8682 6139
8686 6142
8690 6145
8694 6148
8698 6150
8702 6153
8706 6156
8710 6159
8714 6162
8718 6165
8722 6168
8726 6171
8730 6174
8734 6176
8738 6179
8742 6182
8746 6185
8750 6188
8754 6191
8758 6194
8762 6197
8766 6200
8770 6202
8774 6205
8778 6208
8782 6211
8786 6214
8790 6217
8794 6220
8798 6222
8802 6225
8806 6228
8810 6231
8814 6234
8818 6237
8822 6240
8826 6242
8830 6245
8834 6248
8838 6251
8842 6254
8846 6257
8850 6260
8854 6262
8858 6265
8862 6268
8866 6271
8870 6274
8874 6277
8878 6279
8882 6282
8886 6285
8890 6288
8894 6291
8898 6294
8902 6296
8906 6299
8910 6302
8914 6305
8918 6308
8922 6310
8926 6313
8930 6316
8934 6319
8938 6322
8942 6324
8946 6327
8950 6330
8954 6333
8958 6336
8962 6339
8966 6342
8970 6344
8974 6347
8978 6350
8982 6353
8986 6356
8990 6359
8994 6361
8998 6364
9002 6367
9006 6370
9010 6373
9014 6376
9018 6378
9022 6381
9026 6384
9030 6387
9034 6390
9038 6393
9042 6395
9046 6398
9050 6401
9054 6404
9058 6407
9062 6410
9066 6412
9070 6415
9074 6418
9078 6421
9082 6424
9086 6427
9090 6430
9094 6432
9098 6435
9102 6438
9106 6441
9110 6444
9114 6447
9118 6450
9122 6452
9126 6456
9130 6458
9134 6461
9138 6464
9142 6467
9146 6470
9150 6473
9154 6476
9158 6478
9162 6481
9166 6484
9170 6487
9174 6490
9178 6493
9182 6496
9186 6498
9190 6502
9194 6504
9198 6507
9202 6510
9206 6513
9210 6516
9214 6519
9218 6522
9222 6525
9226 6528
9230 6530
9234 6533
9238 6536
9242 6539
9246 6542
9250 6545
9254 6548
9258 6550
9262 6554
9266 6556
9270 6559
9274 6562
9278 6565
9282 6568
9286 6571
9290 6574
9294 6576
9298 6579
9302 6582
9306 6585
9310 6588
9314 6591
9318 6594
9322 6596
9326 6600
9330 6602
9334 6605
9338 6608
9342 6611
9346 6614
9350 6616
9354 6620
9358 6622
9362 6625
9366 6628
9370 6631
9374 6634
9378 6637
9382 6639
9386 6642
9390 6645
9394 6648
9398 6651
9402 6654
9406 6656
9410 6659
9414 6662
9418 6665
9422 6668
9426 6671
9430 6674
9434 6676
9438 6679
9442 6682
9446 6685
9450 6688
9454 6690
9458 6693
9462 6696
9466 6699
9470 6702
9474 6705
9478 6708
9482 6710
9486 6713
9490 6716
9494 6719
9498 6722
9502 6725
9506 6728
9510 6730
9514 6733
9518 6736
9522 6739
9526 6742
9530 6745
9534 6748
9538 6750
9542 6753
9546 6756
9550 6759
9554 6762
9558 6764
9562 6767
9566 6770
9570 6773
9574 6776
9578 6779
9582 6782
9586 6784
9590 6787
9594 6790
9598 6793
9602 6796
9606 6799
9610 6802
9614 6804
9618 6807
9622 6810
9626 6813
9630 6816
9634 6819
9638 6822
9642 6824
9646 6827
9650 6830
9654 6833
9658 6836
9662 6839
9666 6842
9670 6844
9674 6847
9678 6850
9682 6853
9686 6856
9690 6859
9694 6862
9698 6865
9702 6868
9706 6870
9710 6873
9714 6876
9718 6879
9722 6882
9726 6885
9730 6888
9734 6890
9738 6893
9742 6896
9746 6899
9750 6902
9754 6905
9758 6908
9762 6911
9766 6914
9770 6916
9774 6919
9778 6922
9782 6925
9786 6928
9790 6931
9794 6934
9798 6937
9802 6939
9806 6942
9810 6945
9814 6948
9818 6951
9822 6954
9826 6957
9830 6960
9834 6962
9838 6965
9842 6968
9846 6971
9850 6974
9854 6977
9858 6980
9862 6982
9866 6985
9870 6988
9874 6991
9878 6994
9882 6997
9886 7000
9890 7002
9894 7005
9898 7008
9902 7011
9906 7014
9910 7016
9914 7019
9918 7022
9922 7025
9926 7028
9930 7031
9934 7034
9938 7036
9942 7039
9946 7042
9950 7045
9954 7048
9958 7050
9962 7053
9966 7056
9970 7059
9974 7062
9978 7065
9982 7068
9986 7070
9990 7073
9994 7076
9998 7079
10002 7082
10006 7085
10010 7088
10014 7090
10018 7093
10022 7096
10026 7099
10030 7102
10034 7105
10038 7108
10042 7110
10046 7113
10050 7116
10054 7119
10058 7122
10062 7124
10066 7127
10070 7130
10074 7133
10078 7136
10082 7139
10086 7142
10090 7144
10094 7147
10098 7150
10102 7153
10106 7156
10110 7159
10114 7162
10118 7164
10122 7167
10126 7170
10130 7173
10134 7176
10138 7179
10142 7182
10146 7184
10150 7187
10154 7190
10158 7193
10162 7196
10166 7199
10170 7202
10174 7204
10178 7207
10182 7210
10186 7213
10190 7216
10194 7219
10198 7222
10202 7225
10206 7228
10210 7230
10214 7233
10218 7236
10222 7239
10226 7242
10230 7245
10234 7248
10238 7250
10242 7253
10246 7256
10250 7259
10254 7262
10258 7265
10262 7268
10266 7270
10270 7274
10274 7276
10278 7279
10282 7282
10286 7285
10290 7288
10294 7290
10298 7294
10302 7296
10306 7299
10310 7302
10314 7305
10318 7308
10322 7311
10326 7314
10330 7316
10334 7319
10338 7322
10342 7325
10346 7328
10350 7331
10354 7334
10358 7336
10362 7339
10366 7342
10370 7345
10374 7348
10378 7351
10382 7354
10386 7356
10390 7359
10394 7362
10398 7365
10402 7368
10406 7370
10410 7373
10414 7376
10418 7379
10422 7382
10426 7385
10430 7388
10434 7390
10438 7393
10442 7396
10446 7399
10450 7402
10454 7404
10458 7407
10462 7410
10466 7413
10470 7416
10474 7419
10478 7422
10482 7424
10486 7427
10490 7430
10494 7433
10498 7436
10502 7439
10506 7442
10510 7444
10514 7447
10518 7450
10522 7453
10526 7456
10530 7459
10534 7462
10538 7464
10542 7467
10546 7470
10550 7473
10554 7476
10558 7479
10562 7482
10566 7484
10570 7487
10574 7490
10578 7493
10582 7496
10586 7499
10590 7502
10594 7504
10598 7507
10602 7510
10606 7513
10610 7516
10614 7519
10618 7522
10622 7524
10626 7527
10630 7530
10634 7533
10638 7536
10642 7539
10646 7542
10650 7545
10654 7547
10658 7550
10662 7553
10666 7556
10670 7559
10674 7562
10678 7565
10682 7568
10686 7570
10690 7573
10694 7576
10698 7579
10702 7582
10706 7585
10710 7588
10714 7590
10718 7593
10722 7596
10726 7599
10730 7602
10734 7605
10738 7608
10742 7611
10746 7614
10750 7616
10754 7619
10758 7622
10762 7625
10766 7628
10770 7631
10774 7634
10778 7636
10782 7640
10786 7642
10790 7645
10794 7648
10798 7651
10802 7654
10806 7657
10810 7660
10814 7662
10818 7665
10822 7668
10826 7671
10830 7674
10834 7677
10838 7680
10842 7682
10846 7685
10850 7688
10854 7691
10858 7694
10862 7696
10866 7699
10870 7702
10874 7705
10878 7708
10882 7711
10886 7714
10890 7716
10894 7719
10898 7722
10902 7725
10906 7728
10910 7731
10914 7733
10918 7736
10922 7739
10926 7742
10930 7744
10934 7747
10938 7750
10942 7753
10946 7756
10950 7759
10954 7762
10958 7764
10962 7767
10966 7770
10970 7773
10974 7776
10978 7778
10982 7781
10986 7784
10990 7787
10994 7790
10998 7793
11002 7796
11006 7798
11010 7801
11014 7804
11018 7807
11022 7810
11026 7812
11030 7815
11034 7818
11038 7821
11042 7824
11046 7827
11050 7830
11054 7832
11058 7835
11062 7838
11066 7841
11070 7844
11074 7847
11078 7850
11082 7852
11086 7855
11090 7858
11094 7861
11098 7864
11102 7867
11106 7870
11110 7873
11114 7875
11118 7878
11122 7881
11126 7884
11130 7887
11134 7890
11138 7892
11142 7896
11146 7898
11150 7901
11154 7904
11158 7907
11162 7910
11166 7913
11170 7916
11174 7918
11178 7921
11182 7924
11186 7927
11190 7930
11194 7933
11198 7936
11202 7939
11206 7942
11210 7944
11214 7947
11218 7950
11222 7953
11226 7956
11230 7959
11234 7962
11238 7965
11242 7968
11246 7970
11250 7973
11254 7976
11258 7979
11262 7982
11266 7985
11270 7988
11274 7991
11278 7994
11282 7996
11286 7999
11290 8002
11294 8005
11298 8008
11302 8011
11306 8014
11310 8016
11314 8019
11318 8022
11322 8025
11326 8028
11330 8031
11334 8034
11338 8036
11342 8039
11346 8042
11350 8045
11354 8048
11358 8051
11362 8054
11366 8056
11370 8059
11374 8062
11378 8065
11382 8068
11386 8071
11390 8074
11394 8076
11398 8079
11402 8082
11406 8085
11410 8088
11414 8091
11418 8093
11422 8096
11426 8099
11430 8102
11434 8105
11438 8108
11442 8110
11446 8113
11450 8116
11454 8119
11458 8122
11462 8124
11466 8127
11470 8130
11474 8133
11478 8136
11482 8139
11486 8142
11490 8144
11494 8147
11498 8150
11502 8153
11506 8156
11510 8158
11514 8161
11518 8164
11522 8167
11526 8170
11530 8173
11534 8175
11538 8178
11542 8181
11546 8184
11550 8187
11554 8190
11558 8192
11562 8195
11566 8198
11570 8201
11574 8204
11578 8207
11582 8210
11586 8212
11590 8215
11594 8218
11598 8221
11602 8224
11606 8227
11610 8230
11614 8232
11618 8235
11622 8238
11626 8241
11630 8244
11634 8247
11638 8250
11642 8252
11646 8255
11650 8258
11654 8261
11658 8264
11662 8267
11666 8270
11670 8272
11674 8275
11678 8278
11682 8281
11686 8284
11690 8287
11694 8290
11698 8292
11702 8296
11706 8298
11710 8301
11714 8304
11718 8307
11722 8310
11726 8313
11730 8316
11734 8318
11738 8321
11742 8324
11746 8327
11750 8330
11754 8333
11758 8336
11762 8339
11766 8342
11770 8344
11774 8347
11778 8350
11782 8353
11786 8356
11790 8359
11794 8362
11798 8365
11802 8368
11806 8370
11810 8373
11814 8376
11818 8379
11822 8382
11826 8385
11830 8388
11834 8391
11838 8393
11842 8396
11846 8399
11850 8402
11854 8405
11858 8408
11862 8411
11866 8414
11870 8416
11874 8419
11878 8422
11882 8425
11886 8428
11890 8431
11894 8434
11898 8436
11902 8439
11906 8442
11910 8445
11914 8448
11918 8451
11922 8454
11926 8456
11930 8459
11934 8462
11938 8465
11942 8468
11946 8470
11950 8473
11954 8476
11958 8479
11962 8482
11966 8485
11970 8488
11974 8490
11978 8493
11982 8496
11986 8499
11990 8502
11994 8504
11998 8507
12002 8510
12006 8513
12010 8516
12014 8519
12018 8522
12022 8524
12026 8527
12030 8530
12034 8533
12038 8536
12042 8539
12046 8542
12050 8544
12054 8547
12058 8550
12062 8553
12066 8556
12070 8559
12074 8561
12078 8564
12082 8567
12086 8570
12090 8573
12094 8576
12098 8578
12102 8581
12106 8584
12110 8587
12114 8590
12118 8593
12122 8596
12126 8598
12130 8601
12134 8604
12138 8607
12142 8610
12146 8613
12150 8616
12154 8618
12158 8621
12162 8624
12166 8627
12170 8630
12174 8633
12178 8636
12182 8638
12186 8641
12190 8644
12194 8647
12198 8650
12202 8653
12206 8656
12210 8658
12214 8662
12218 8664
12222 8667
12226 8670
12230 8673
12234 8676
12238 8679
12242 8682
12246 8684
12250 8687
12254 8690
12258 8693
12262 8696
12266 8699
12270 8702
12274 8704
12278 8707
12282 8710
12286 8713
12290 8716
12294 8719
12298 8722
12302 8724
12306 8728
12310 8730
12314 8733
12318 8736
12322 8739
12326 8742
12330 8745
12334 8748
12338 8750
12342 8753
12346 8756
12350 8759
12354 8762
12358 8765
12362 8768
12366 8770
12370 8774
12374 8776
12378 8779
12382 8782
12386 8785
12390 8788
12394 8790
12398 8793
12402 8796
12406 8799
12410 8802
12414 8805
12418 8808
12422 8810
12426 8813
12430 8816
12434 8819
12438 8822
12442 8825
12446 8827
12450 8830
12454 8833
12458 8836
12462 8839
12466 8842
12470 8844
12474 8847
12478 8850
12482 8853
12486 8856
12490 8859
12494 8862
12498 8864
12502 8867
12506 8870
12510 8873
12514 8876
12518 8879
12522 8882
12526 8884
12530 8887
12534 8890
12538 8893
12542 8896
12546 8898
12550 8902
12554 8904
12558 8907
12562 8910
12566 8913
12570 8916
12574 8918
12578 8921
12582 8924
12586 8927
12590 8930
12594 8933
12598 8936
12602 8938
12606 8941
12610 8944
12614 8947
12618 8950
12622 8953
12626 8956
12630 8958
12634 8961
12638 8964
12642 8967
12646 8970
12650 8973
12654 8976
12658 8979
12662 8982
12666 8984
12670 8987
12674 8990
12678 8993
12682 8996
12686 8999
12690 9002
12694 9004
12698 9007
12702 9010
12706 9013
12710 9016
12714 9019
12718 9022
12722 9024
12726 9027
12730 9030
12734 9033
12738 9036
12742 9039
12746 9042
12750 9045
12754 9047
12758 9050
12762 9053
12766 9056
12770 9059
12774 9062
12778 9065
12782 9068
12786 9070
12790 9073
12794 9076
12798 9079
12802 9082
12806 9085
12810 9088
12814 9090
12818 9093
12822 9096
12826 9099
12830 9102
12834 9105
12838 9108
12842 9110
12846 9113
12850 9116
12854 9119
12858 9122
12862 9125
12866 9128
12870 9130
12874 9133
12878 9136
12882 9139
12886 9142
12890 9145
12894 9148
12898 9150
12902 9153
12906 9156
12910 9159
12914 9162
12918 9164
12922 9167
12926 9170
12930 9173
12934 9176
12938 9179
12942 9181
12946 9184
12950 9187
12954 9190
12958 9193
12962 9196
12966 9198
12970 9202
12974 9204
12978 9207
12982 9210
12986 9213
12990 9216
12994 9218
12998 9221
13002 9224
13006 9227
13010 9230
13014 9233
13018 9236
13022 9238
13026 9241
13030 9244
13034 9247
13038 9250
13042 9253
13046 9255
13050 9258
13054 9261
13058 9264
13062 9267
13066 9270
13070 9273
13074 9276
13078 9278
13082 9281
13086 9284
13090 9287
13094 9290
13098 9293
13102 9295
13106 9298
13110 9301
13114 9304
13118 9307
13122 9310
13126 9313
13130 9316
13134 9318
13138 9321
13142 9324
13146 9327
13150 9330
13154 9333
13158 9336
13162 9338
13166 9341
13170 9344
13174 9347
13178 9350
13182 9353
13186 9356
13190 9359
13194 9362
13198 9364
13202 9367
13206 9370
13210 9373
13214 9376
13218 9379
13222 9382
13226 9384
13230 9387
13234 9390
13238 9393
13242 9396
13246 9399
13250 9402
13254 9404
13258 9407
13262 9410
13266 9413
13270 9416
13274 9419
13278 9422
13282 9425
13286 9428
13290 9430
13294 9433
13298 9436
13302 9439
13306 9442
13310 9445
13314 9448
13318 9450
13322 9453
13326 9456
13330 9459
13334 9462
13338 9465
13342 9468
13346 9471
13350 9473
13354 9476
13358 9479
13362 9482
13366 9485
13370 9488
13374 9490
13378 9493
13382 9496
13386 9499
13390 9502
13394 9505
13398 9508
13402 9510
13406 9513
13410 9516
13414 9519
13418 9522
13422 9524
13426 9527
13430 9530
13434 9533
13438 9536
13442 9539
13446 9541
13450 9544
13454 9547
13458 9550
13462 9553
13466 9556
13470 9558
13474 9561
13478 9564
13482 9567
13486 9570
13490 9572
13494 9575
13498 9578
13502 9581
13506 9584
13510 9587
13514 9590
13518 9592
13522 9595
13526 9598
13530 9601
13534 9604
13538 9607
13542 9609
13546 9612
13550 9615
13554 9618
13558 9621
13562 9624
13566 9626
13570 9629
13574 9632
13578 9635
13582 9638
13586 9641
13590 9644
13594 9646
13598 9649
13602 9652
13606 9655
13610 9658
13614 9661
13618 9664
13622 9666
13626 9669
13630 9672
13634 9675
13638 9678
13642 9681
13646 9684
13650 9686
13654 9689
13658 9692
13662 9695
13666 9698
13670 9701
13674 9704
13678 9707
13682 9709
13686 9712
13690 9715
13694 9718
13698 9721
13702 9724
13706 9727
13710 9730
13714 9732
13718 9735
13722 9738
13726 9741
13730 9744
13734 9747
13738 9750
13742 9753
13746 9756
13750 9758
13754 9761
13758 9764
13762 9767
13766 9770
13770 9773
13774 9776
13778 9779
13782 9782
13786 9784
13790 9787
13794 9790
13798 9793
13802 9796
13806 9799
13810 9802
13814 9805
13818 9808
13822 9810
13826 9813
13830 9816
13834 9819
13838 9822
13842 9825
13846 9828
13850 9830
13854 9833
13858 9836
13862 9839
13866 9842
13870 9845
13874 9848
13878 9850
13882 9853
13886 9856
13890 9859
13894 9862
13898 9865
13902 9868
13906 9870
13910 9873
13914 9876
13918 9879
13922 9882
13926 9885
13930 9888
13934 9890
13938 9893
13942 9896
13946 9899
13950 9902
13954 9904
13958 9907
13962 9910
13966 9913
13970 9916
13974 9919
13978 9922
13982 9924
13986 9927
13990 9930
13994 9933
13998 9936
14002 9938
14006 9941
14010 9944
14014 9947
14018 9950
14022 9952
14026 9955
14030 9958
14034 9961
14038 9964
14042 9967
14046 9970
14050 9972
14054 9975
14058 9978
14062 9981
14066 9984
14070 9987
14074 9990
14078 9992
14082 9995
14086 9998
14090 10001
14094 10004
14098 10006
14102 10009
14106 10012
14110 10015
14114 10018
14118 10021
14122 10024
14126 10026
14130 10029
14134 10032
14138 10035
14142 10038
14146 10041
14150 10044
14154 10046
14158 10049
14162 10052
14166 10055
14170 10058
14174 10061
14178 10064
14182 10066
14186 10069
14190 10072
14194 10075
14198 10078
14202 10081
14206 10084
14210 10087
14214 10089
14218 10092
14222 10095
14226 10098
14230 10101
14234 10104
14238 10107
14242 10110
14246 10112
14250 10115
14254 10118
14258 10121
14262 10124
14266 10127
14270 10130
14274 10133
14278 10136
14282 10138
14286 10141
14290 10144
14294 10147
14298 10150
14302 10153
14306 10156
14310 10159
14314 10162
14318 10164
14322 10167
14326 10170
14330 10173
14334 10176
14338 10179
14342 10182
14346 10184
14350 10187
14354 10190
14358 10193
14362 10196
14366 10199
14370 10202
14374 10205
14378 10208
14382 10210
14386 10213
14390 10216
14394 10219
14398 10222
14402 10225
14406 10228
14410 10230
14414 10233
14418 10236
14422 10239
14426 10242
14430 10245
14434 10247
14438 10250
14442 10253
14446 10256
14450 10259
14454 10262
14458 10264
14462 10267
14466 10270
14470 10273
14474 10276
14478 10279
14482 10282
14486 10284
14490 10287
14494 10290
14498 10293
14502 10296
14506 10298
14510 10301
14514 10304
14518 10307
14522 10310
14526 10313
14530 10316
14534 10318
14538 10321
14542 10324
14546 10327
14550 10330
14554 10332
14558 10335
14562 10338
14566 10341
14570 10344
14574 10347
14578 10350
14582 10352
14586 10355
14590 10358
14594 10361
14598 10364
14602 10367
14606 10370
14610 10372
14614 10375
14618 10378
14622 10381
14626 10384
14630 10387
14634 10390
14638 10392
14642 10395
14646 10398
14650 10401
14654 10404
14658 10406
14662 10409
14666 10412
14670 10415
14674 10418
14678 10421
14682 10424
14686 10426
14690 10429
14694 10432
14698 10435
14702 10438
14706 10441
14710 10444
14714 10447
14718 10450
14722 10452
14726 10455
14730 10458
14734 10461
14738 10464
14742 10467
14746 10470
14750 10472
14754 10475
14758 10478
14762 10481
14766 10484
14770 10487
14774 10490
14778 10492
14782 10495
14786 10498
14790 10501
14794 10504
14798 10507
14802 10510
14806 10513
14810 10516
14814 10518
14818 10521
14822 10524
14826 10527
14830 10530
14834 10533
14838 10536
14842 10538
14846 10541
14850 10544
14854 10547
14858 10550
14862 10553
14866 10556
14870 10558
14874 10561
14878 10564
14882 10567
14886 10570
14890 10573
14894 10576
14898 10578
14902 10581
14906 10584
14910 10587
14914 10590
14918 10593
14922 10596
14926 10598
14930 10601
14934 10604
14938 10607
14942 10610
14946 10613
14950 10616
14954 10618
14958 10621
14962 10624
14966 10627
14970 10630
14974 10633
14978 10636
14982 10638
14986 10641
14990 10644
14994 10647
14998 10650
15002 10652
15006 10655
15010 10658
15014 10661
15018 10664
15022 10667
15026 10670
15030 10672
15034 10675
15038 10678
15042 10681
15046 10684
15050 10687
15054 10690
15058 10692
15062 10695
15066 10698
15070 10701
15074 10704
15078 10707
15082 10710
15086 10712
15090 10715
15094 10718
15098 10721
15102 10724
15106 10727
15110 10730
15114 10732
15118 10735
15122 10738
15126 10741
15130 10744
15134 10747
15138 10750
15142 10752
15146 10755
15150 10758
15154 10761
15158 10764
15162 10767
15166 10770
15170 10772
15174 10775
15178 10778
15182 10781
15186 10784
15190 10787
15194 10790
15198 10792
15202 10795
15206 10798
15210 10801
15214 10804
15218 10807
15222 10810
15226 10813
15230 10815
15234 10818
15238 10821
15242 10824
15246 10827
15250 10830
15254 10833
15258 10836
15262 10838
15266 10841
15270 10844
15274 10847
15278 10850
15282 10853
15286 10856
15290 10859
15294 10861
15298 10864
15302 10867
15306 10870
15310 10873
15314 10876
15318 10879
15322 10882
15326 10884
15330 10887
15334 10890
15338 10893
15342 10896
15346 10899
15350 10902
15354 10904
15358 10907
15362 10910
15366 10913
15370 10916
15374 10919
15378 10922
15382 10924
15386 10927
15390 10930
15394 10933
15398 10936
15402 10939
15406 10942
15410 10944
15414 10947
15418 10950
15422 10953
15426 10956
15430 10958
15434 10961
15438 10964
15442 10967
15446 10970
15450 10973
15454 10976
15458 10978
15462 10981
15466 10984
15470 10987
15474 10990
15478 10992
15482 10995
15486 10998
15490 11001
15494 11004
15498 11006
15502 11009
15506 11012
15510 11015
15514 11018
15518 11021
15522 11024
15526 11026
15530 11029
15534 11032
15538 11035
15542 11038
15546 11041
15550 11044
15554 11046
15558 11049
15562 11052
15566 11055
15570 11058
15574 11061
15578 11063
15582 11066
15586 11069
15590 11072
15594 11075
15598 11078
15602 11080
15606 11083
15610 11086
15614 11089
15618 11092
15622 11095
15626 11098
15630 11100
15634 11103
15638 11106
15642 11109
15646 11112
15650 11115
15654 11118
15658 11121
15662 11124
15666 11126
15670 11129
15674 11132
15678 11135
15682 11138
15686 11141
15690 11144
15694 11146
15698 11149
15702 11152
15706 11155
15710 11158
15714 11161
15718 11164
15722 11167
15726 11170
15730 11172
15734 11175
15738 11178
15742 11181
15746 11184
15750 11187
15754 11190
15758 11193
15762 11196
15766 11198
15770 11201
15774 11204
15778 11207
15782 11210
15786 11213
15790 11216
15794 11219
15798 11221
15802 11224
15806 11227
15810 11230
15814 11233
15818 11236
15822 11239
15826 11242
15830 11244
15834 11247
15838 11250
15842 11253
15846 11256
15850 11259
15854 11262
15858 11264
15862 11267
15866 11270
15870 11273
15874 11276
15878 11279
15882 11282
15886 11284
15890 11287
15894 11290
15898 11293
15902 11296
15906 11299
15910 11302
15914 11304
15918 11307
15922 11310
15926 11313
15930 11316
15934 11318
15938 11321
15942 11324
15946 11327
15950 11330
15954 11333
15958 11336
15962 11338
15966 11341
15970 11344
15974 11347
15978 11350
15982 11352
15986 11355
15990 11358
15994 11361
15998 11364
16002 11367
16006 11369
16010 11372
16014 11375
16018 11378
16022 11381
16026 11384
16030 11386
16034 11389
16038 11392
16042 11395
16046 11398
16050 11401
16054 11404
16058 11406
16062 11409
16066 11412
16070 11415
16074 11418
16078 11420
16082 11423
16086 11426
16090 11429
16094 11432
16098 11435
16102 11438
16106 11440
16110 11443
16114 11446
16118 11449
16122 11452
16126 11455
16130 11458
16134 11460
16138 11463
16142 11466
16146 11469
16150 11472
16154 11475
16158 11478
16162 11480
16166 11483
16170 11486
16174 11489
16178 11492
16182 11495
16186 11498
16190 11500
16194 11503
16198 11506
16202 11509
16206 11512
16210 11515
16214 11518
16218 11520
16222 11523
16226 11526
16230 11529
16234 11532
16238 11535
16242 11538
16246 11541
16250 11544
16254 11546
16258 11549
16262 11552
16266 11555
16270 11558
16274 11561
16278 11564
16282 11567
16286 11570
16290 11572
16294 11575
16298 11578
16302 11581
16306 11584
16310 11587
16314 11590
16318 11593
16322 11596
16326 11598
16330 11601
16334 11604
16338 11607
16342 11610
16346 11613
16350 11616
16354 11619
16358 11622
16362 11624
16366 11627
16370 11630
16374 11633
16378 11636
16382 11639
16386 11642
16390 11644
16394 11647
16398 11650
16402 11653
16406 11656
16410 11659
16414 11662
16418 11664
16422 11667
16426 11670
16430 11673
16434 11676
16438 11678
16442 11681
16446 11684
16450 11687
16454 11690
16458 11693
16462 11696
16466 11698
16470 11701
16474 11704
16478 11707
16482 11710
16486 11713
16490 11715
16494 11718
16498 11721
16502 11724
16506 11727
16510 11730
16514 11732
16518 11735
16522 11738
16526 11741
16530 11744
16534 11746
16538 11749
16542 11752
16546 11755
16550 11758
16554 11761
16558 11764
16562 11766
16566 11769
16570 11772
16574 11775
16578 11778
16582 11780
16586 11783
16590 11786
16594 11789
16598 11792
16602 11795
16606 11798
16610 11800
16614 11803
16618 11806
16622 11809
16626 11812
16630 11815
16634 11818
16638 11820
16642 11823
16646 11826
16650 11829
16654 11832
16658 11835
16662 11837
16666 11840
16670 11843
16674 11846
16678 11849
16682 11852
16686 11854
16690 11857
16694 11860
16698 11863
16702 11866
16706 11869
16710 11872
16714 11874
16718 11878
16722 11880
16726 11883
16730 11886
16734 11889
16738 11892
16742 11895
16746 11898
16750 11900
16754 11903
16758 11906
16762 11909
16766 11912
16770 11915
16774 11918
16778 11920
16782 11924
16786 11926
16790 11929
16794 11932
16798 11935
16802 11938
16806 11941
16810 11944
16814 11946
16818 11949
16822 11952
16826 11955
16830 11958
16834 11961
16838 11964
16842 11967
16846 11970
16850 11972
16854 11975
16858 11978
16862 11981
16866 11984
16870 11987
16874 11990
16878 11992
16882 11995
16886 11998
16890 12001
16894 12004
16898 12007
16902 12010
16906 12013
16910 12016
16914 12018
16918 12021
16922 12024
16926 12027
16930 12030
16934 12032
16938 12036
16942 12038
16946 12041
16950 12044
16954 12047
16958 12050
16962 12053
16966 12055
16970 12058
16974 12061
16978 12064
16982 12067
16986 12070
16990 12072
16994 12075
16998 12078
17002 12081
17006 12084
17010 12087
17014 12090
17018 12092
17022 12095
17026 12098
17030 12101
17034 12104
17038 12106
17042 12109
17046 12112
17050 12115
17054 12118
17058 12121
17062 12124
17066 12126
17070 12129
17074 12132
17078 12135
17082 12138
17086 12141
17090 12144
17094 12146
17098 12149
17102 12152
17106 12155
17110 12158
17114 12161
17118 12164
17122 12166
17126 12169
17130 12172
17134 12175
17138 12178
17142 12180
17146 12183
17150 12186
17154 12189
17158 12192
17162 12195
17166 12198
17170 12201
17174 12203
17178 12206
17182 12209
17186 12212
17190 12215
17194 12218
17198 12221
17202 12224
17206 12226
17210 12229
17214 12232
17218 12235
17222 12238
17226 12241
17230 12244
17234 12246
17238 12249
17242 12252
17246 12255
17250 12258
17254 12261
17258 12264
17262 12266
17266 12269
17270 12272
17274 12275
17278 12278
17282 12281
17286 12284
17290 12286
17294 12290
17298 12292
17302 12295
17306 12298
17310 12301
17314 12304
17318 12307
17322 12310
17326 12312
17330 12315
17334 12318
17338 12321
17342 12324
17346 12327
17350 12330
17354 12332
17358 12335
17362 12338
17366 12341
17370 12344
17374 12347
17378 12350
17382 12352
17386 12355
17390 12358
17394 12361
17398 12364
17402 12367
17406 12370
17410 12373
17414 12375
17418 12378
17422 12381
17426 12384
17430 12387
17434 12390
17438 12392
17442 12395
17446 12398
17450 12401
17454 12404
17458 12407
17462 12410
17466 12412
17470 12415
17474 12418
17478 12421
17482 12424
17486 12426
17490 12429
17494 12432
17498 12435
17502 12438
17506 12441
17510 12444
17514 12446
17518 12449
17522 12452
17526 12455
17530 12458
17534 12461
17538 12464
17542 12466
17546 12469
17550 12472
17554 12475
17558 12478
17562 12480
17566 12483
17570 12486
17574 12489
17578 12492
17582 12495
17586 12498
17590 12500
17594 12503
17598 12506
17602 12509
17606 12512
17610 12515
17614 12518
17618 12520
17622 12523
17626 12526
17630 12529
17634 12532
17638 12535
17642 12538
17646 12540
17650 12543
17654 12546
17658 12549
17662 12552
17666 12555
17670 12558
17674 12561
17678 12563
17682 12566
17686 12569
17690 12572
17694 12575
17698 12578
17702 12581
17706 12584
17710 12586
17714 12589
17718 12592
17722 12595
17726 12598
17730 12601
17734 12604
17738 12606
17742 12609
17746 12612
17750 12615
17754 12618
17758 12621
17762 12624
17766 12627
17770 12630
17774 12632
17778 12635
17782 12638
17786 12641
17790 12644
17794 12647
17798 12650
17802 12652
17806 12655
17810 12658
17814 12661
17818 12664
17822 12667
17826 12670
17830 12673
17834 12676
17838 12678
17842 12681
17846 12684
17850 12687
17854 12690
17858 12693
17862 12696
17866 12698
17870 12701
17874 12704
17878 12707
17882 12710
17886 12713
17890 12716
17894 12718
17898 12721
17902 12724
17906 12727
17910 12730
17914 12733
17918 12736
17922 12738
17926 12741
17930 12744
17934 12747
17938 12750
17942 12752
17946 12755
17950 12758
17954 12761
17958 12764
17962 12767
17966 12770
17970 12772
17974 12775
17978 12778
17982 12781
17986 12784
17990 12786
17994 12789
17998 12792
18002 12795
18006 12798
18010 12801
18014 12804
18018 12806
18022 12809
18026 12812
18030 12815
18034 12818
18038 12820
18042 12823
18046 12826
18050 12829
18054 12832
18058 12835
18062 12838
18066 12840
18070 12843
18074 12846
18078 12849
18082 12852
18086 12855
18090 12857
18094 12860
18098 12863
18102 12866
18106 12869
18110 12872
18114 12875
18118 12878
18122 12880
18126 12883
18130 12886
18134 12889
18138 12892
18142 12895
18146 12898
18150 12900
18154 12903
18158 12906
18162 12909
18166 12912
18170 12915
18174 12918
18178 12920
18182 12923
18186 12926
18190 12929
18194 12932
18198 12935
18202 12938
18206 12941
18210 12944
18214 12946
18218 12949
18222 12952
18226 12955
18230 12958
18234 12961
18238 12964
18242 12966
18246 12969
18250 12972
18254 12975
18258 12978
18262 12981
18266 12984
18270 12987
18274 12990
18278 12992
18282 12995
18286 12998
18290 13001
18294 13004
18298 13007
18302 13010
18306 13013
18310 13016
18314 13018
18318 13021
18322 13024
18326 13027
18330 13030
18334 13033
18338 13036
18342 13038
18346 13042
18350 13044
18354 13047
18358 13050
18362 13053
18366 13056
18370 13059
18374 13062
18378 13064
18382 13067
18386 13070
18390 13073
18394 13076
18398 13079
18402 13082
18406 13084
18410 13087
18414 13090
18418 13093
18422 13096
18426 13099
18430 13102
18434 13104
18438 13107
18442 13110
18446 13113
18450 13116
18454 13119
18458 13121
18462 13124
18466 13127
18470 13130
18474 13133
18478 13136
18482 13138
18486 13141
18490 13144
18494 13147
18498 13150
18502 13153
18506 13156
18510 13158
18514 13161
18518 13164
18522 13167
18526 13170
18530 13172
18534 13175
18538 13178
18542 13181
18546 13184
18550 13186
18554 13189
18558 13192
18562 13195
18566 13198
18570 13201
18574 13204
18578 13206
18582 13209
18586 13212
18590 13215
18594 13218
18598 13221
18602 13224
18606 13226
18610 13229
18614 13232
18618 13235
18622 13238
18626 13240
18630 13243
18634 13246
18638 13249
18642 13252
18646 13255
18650 13258
18654 13260
18658 13263
18662 13266
18666 13269
18670 13272
18674 13275
18678 13278
18682 13280
18686 13283
18690 13286
18694 13289
18698 13292
18702 13295
18706 13298
18710 13300
18714 13303
18718 13306
18722 13309
18726 13312
18730 13315
18734 13318
18738 13321
18742 13324
18746 13326
18750 13329
18754 13332
18758 13335
18762 13338
18766 13341
18770 13344
18774 13347
18778 13350
18782 13352
18786 13355
18790 13358
18794 13361
18798 13364
18802 13367
18806 13370
18810 13373
18814 13375
18818 13378
18822 13381
18826 13384
18830 13387
18834 13390
18838 13393
18842 13396
18846 13398
18850 13401
18854 13404
18858 13407
18862 13410
18866 13413
18870 13416
18874 13419
18878 13422
18882 13424
18886 13427
18890 13430
18894 13433
18898 13436
18902 13439
18906 13442
18910 13444
18914 13447
18918 13450
18922 13453
18926 13456
18930 13459
18934 13462
18938 13464
18942 13467
18946 13470
18950 13473
18954 13476
18958 13479
18962 13482
18966 13484
18970 13487
18974 13490
18978 13493
18982 13496
18986 13499
18990 13502
18994 13504
18998 13507
19002 13510
19006 13513
19010 13516
19014 13518
19018 13521
19022 13524
19026 13527
19030 13530
19034 13533
19038 13536
19042 13538
19046 13541
19050 13544
19054 13547
19058 13550
19062 13553
19066 13555
19070 13558
19074 13561
19078 13564
19082 13567
19086 13570
19090 13572
19094 13575
19098 13578
19102 13581
19106 13584
19110 13587
19114 13590
19118 13592
19122 13595
19126 13598
19130 13601
19134 13604
19138 13607
19142 13610
19146 13612
19150 13615
19154 13618
19158 13621
19162 13624
19166 13626
19170 13629
19174 13632
19178 13635
19182 13638
19186 13641
19190 13644
19194 13646
19198 13649
19202 13652
19206 13655
19210 13658
19214 13661
19218 13664
19222 13666
19226 13669
19230 13672
19234 13675
19238 13678
19242 13681
19246 13684
19250 13687
19254 13690
19258 13692
19262 13695
19266 13698
19270 13701
19274 13704
19278 13707
19282 13710
19286 13712
19290 13715
19294 13718
19298 13721
19302 13724
19306 13727
19310 13730
19314 13732
19318 13735
19322 13738
19326 13741
19330 13744
19334 13747
19338 13750
19342 13753
19346 13756
19350 13758
19354 13761
19358 13764
19362 13767
19366 13770
19370 13773
19374 13776
19378 13779
19382 13782
19386 13784
19390 13787
19394 13790
19398 13793
19402 13796
19406 13799
19410 13802
19414 13804
19418 13807
19422 13810
19426 13813
19430 13816
19434 13819
19438 13822
19442 13824
19446 13827
19450 13830
19454 13833
19458 13836
19462 13839
19466 13842
19470 13844
19474 13847
19478 13850
19482 13853
19486 13856
19490 13859
19494 13861
19498 13864
19502 13867
19506 13870
19510 13873
19514 13876
19518 13878
19522 13881
19526 13884
19530 13887
19534 13890
19538 13893
19542 13896
19546 13898
19550 13901
19554 13904
19558 13907
19562 13910
19566 13912
19570 13915
19574 13918
19578 13921
19582 13924
19586 13927
19590 13930
19594 13932
19598 13935
19602 13938
19606 13941
19610 13944
19614 13947
19618 13950
19622 13952
19626 13955
19630 13958
19634 13961
19638 13964
19642 13967
19646 13970
19650 13972
19654 13975
19658 13978
19662 13981
19666 13984
19670 13987
19674 13990
19678 13992
19682 13995
19686 13998
19690 14001
19694 14004
19698 14007
19702 14010
19706 14012
19710 14015
19714 14018
19718 14021
19722 14024
19726 14027
19730 14030
19734 14032
19738 14035
19742 14038
19746 14041
19750 14044
19754 14047
19758 14050
19762 14053
19766 14055
19770 14058
19774 14061
19778 14064
19782 14067
19786 14070
19790 14073
19794 14076
19798 14078
19802 14081
19806 14084
19810 14087
19814 14090
19818 14093
19822 14096
19826 14098
19830 14101
19834 14104
19838 14107
19842 14110
19846 14113
19850 14116
19854 14118
19858 14121
19862 14124
19866 14127
19870 14130
19874 14133
19878 14136
19882 14139
19886 14142
19890 14144
19894 14147
19898 14150
19902 14153
19906 14156
19910 14159
19914 14162
19918 14164
19922 14167
19926 14170
19930 14173
19934 14176
19938 14178
19942 14181
19946 14184
19950 14187
19954 14190
19958 14193
19962 14196
19966 14198
19970 14201
19974 14204
19978 14207
19982 14210
19986 14213
19990 14216
19994 14218
19998 14221
20002 14224
20006 14227
20010 14230
20014 14232
20018 14235
20022 14238
20026 14241
20030 14244
20034 14247
20038 14250
20042 14252
20046 14255
20050 14258
20054 14261
20058 14264
20062 14267
20066 14270
20070 14272
20074 14275
20078 14278
20082 14281
20086 14284
20090 14287
20094 14290
20098 14292
20102 14295
20106 14298
20110 14301
20114 14304
20118 14307
20122 14310
20126 14312
20130 14315
20134 14318
20138 14321
20142 14324
20146 14327
20150 14330
20154 14332
20158 14335
20162 14338
20166 14341
20170 14344
20174 14347
20178 14350
20182 14353
20186 14355
20190 14358
20194 14361
20198 14364
20202 14367
20206 14370
20210 14372
20214 14376
20218 14378
20222 14381
20226 14384
20230 14387
20234 14390
20238 14393
20242 14396
20246 14398
20250 14401
20254 14404
20258 14407
20262 14410
20266 14413
20270 14416
20274 14418
20278 14422
20282 14424
20286 14427
20290 14430
20294 14433
20298 14436
20302 14439
20306 14442
20310 14444
20314 14447
20318 14450
20322 14453
20326 14456
20330 14459
20334 14462
20338 14465
20342 14468
20346 14470
20350 14473
20354 14476
20358 14479
20362 14482
20366 14485
20370 14488
20374 14490
20378 14493
20382 14496
20386 14499
20390 14502
20394 14505
20398 14508
20402 14510
20406 14513
20410 14516
20414 14519
20418 14522
20422 14525
20426 14528
20430 14530
20434 14533
20438 14536
20442 14539
20446 14542
20450 14545
20454 14548
20458 14550
20462 14553
20466 14556
20470 14559
20474 14562
20478 14564
20482 14567
20486 14570
20490 14573
20494 14576
20498 14579
20502 14581
20506 14584
20510 14587
20514 14590
20518 14593
20522 14596
20526 14598
20530 14601
20534 14604
20538 14607
20542 14610
20546 14612
20550 14616
20554 14618
20558 14621
20562 14624
20566 14627
20570 14630
20574 14632
20578 14635
20582 14638
20586 14641
20590 14644
20594 14647
20598 14650
20602 14652
20606 14655
20610 14658
20614 14661
20618 14664
20622 14667
20626 14670
20630 14672
20634 14675
20638 14678
20642 14681
20646 14684
20650 14686
20654 14689
20658 14692
20662 14695
20666 14698
20670 14701
20674 14704
20678 14706
20682 14709
20686 14712
20690 14715
20694 14718
20698 14721
20702 14724
20706 14726
20710 14729
20714 14732
20718 14735
20722 14738
20726 14741
20730 14744
20734 14747
20738 14750
20742 14752
20746 14755
20750 14758
20754 14761
20758 14764
20762 14767
20766 14770
20770 14773
20774 14776
20778 14778
20782 14781
20786 14784
20790 14787
20794 14790
20798 14793
20802 14796
20806 14798
20810 14801
20814 14804
20818 14807
20822 14810
20826 14813
20830 14816
20834 14819
20838 14822
20842 14824
20846 14827
20850 14830
20854 14833
20858 14836
20862 14839
20866 14842
20870 14845
20874 14848
20878 14850
20882 14853
20886 14856
20890 14859
20894 14862
20898 14865
20902 14868
20906 14870
20910 14873
20914 14876
20918 14879
20922 14882
20926 14885
20930 14888
20934 14890
20938 14893
20942 14896
20946 14899
20950 14902
20954 14905
20958 14908
20962 14910
20966 14913
20970 14916
20974 14919
20978 14922
20982 14925
20986 14927
20990 14930
20994 14933
20998 14936
21002 14939
21006 14941
21010 14944
21014 14947
21018 14950
21022 14953
21026 14956
21030 14958
21034 14961
21038 14964
21042 14967
21046 14970
21050 14972
21054 14975
21058 14978
21062 14981
21066 14984
21070 14987
21074 14990
21078 14992
21082 14995
21086 14998
21090 15001
21094 15004
21098 15007
21102 15009
21106 15012
21110 15015
21114 15018
21118 15021
21122 15024
21126 15026
21130 15029
21134 15032
21138 15035
21142 15038
21146 15041
21150 15044
21154 15046
21158 15049
21162 15052
21166 15055
21170 15058
21174 15060
21178 15063
21182 15066
21186 15069
21190 15072
21194 15075
21198 15078
21202 15080
21206 15083
21210 15086
21214 15089
21218 15092
21222 15095
21226 15098
21230 15100
21234 15103
21238 15106
21242 15109
21246 15112
21250 15115
21254 15118
21258 15120
21262 15123
21266 15126
21270 15129
21274 15132
21278 15135
21282 15138
21286 15141
21290 15144
21294 15146
21298 15149
21302 15152
21306 15155
21310 15158
21314 15161
21318 15164
21322 15166
21326 15170
21330 15172
21334 15175
21338 15178
21342 15181
21346 15184
21350 15187
21354 15190
21358 15192
21362 15195
21366 15198
21370 15201
21374 15204
21378 15207
21382 15210
21386 15213
21390 15216
21394 15218
21398 15221
21402 15224
21406 15227
21410 15230
21414 15233
21418 15236
21422 15238
21426 15241
21430 15244
21434 15247
21438 15250
21442 15253
21446 15256
21450 15258
21454 15261
21458 15264
21462 15267
21466 15270
21470 15273
21474 15276
21478 15278
21482 15281
21486 15284
21490 15287
21494 15290
21498 15293
21502 15296
21506 15298
21510 15301
21514 15304
21518 15307
21522 15310
21526 15312
21530 15315
21534 15318
21538 15321
21542 15324
21546 15327
21550 15330
21554 15332
21558 15335
21562 15338
21566 15341
21570 15344
21574 15346
21578 15349
21582 15352
21586 15355
21590 15358
21594 15361
21598 15364
21602 15366
21606 15369
21610 15372
21614 15375
21618 15378
21622 15381
21626 15384
21630 15386
21634 15389
21638 15392
21642 15395
21646 15398
21650 15400
21654 15403
21658 15406
21662 15409
21666 15412
21670 15415
21674 15418
21678 15420
21682 15423
21686 15426
21690 15429
21694 15432
21698 15435
21702 15438
21706 15440
21710 15443
21714 15446
21718 15449
21722 15452
21726 15455
21730 15458
21734 15460
21738 15463
21742 15466
21746 15469
21750 15472
21754 15475
21758 15478
21762 15480
21766 15483
21770 15486
21774 15489
21778 15492
21782 15495
21786 15498
21790 15500
21794 15503
21798 15506
21802 15509
21806 15512
21810 15515
21814 15518
21818 15520
21822 15523
21826 15526
21830 15529
21834 15532
21838 15535
21842 15538
21846 15541
21850 15544
21854 15546
21858 15549
21862 15552
21866 15555
21870 15558
21874 15561
21878 15564
21882 15566
21886 15569
21890 15572
21894 15575
21898 15578
21902 15581
21906 15584
21910 15587
21914 15589
21918 15592
21922 15595
21926 15598
21930 15601
21934 15604
21938 15607
21942 15610
21946 15612
21950 15615
21954 15618
21958 15621
21962 15624
21966 15627
21970 15630
21974 15632
21978 15635
21982 15638
21986 15641
21990 15644
21994 15646
21998 15649
22002 15652
22006 15655
22010 15658
22014 15661
22018 15664
22022 15666
22026 15669
22030 15672
22034 15675
22038 15678
22042 15681
22046 15683
22050 15686
22054 15689
22058 15692
22062 15695
22066 15698
22070 15700
22074 15703
22078 15706
22082 15709
22086 15712
22090 15715
22094 15718
22098 15720
22102 15723
22106 15726
22110 15729
22114 15732
22118 15735
22122 15738
22126 15740
22130 15743
22134 15746
22138 15749
22142 15752
22146 15755
22150 15758
22154 15760
22158 15763
22162 15766
22166 15769
22170 15772
22174 15775
22178 15778
22182 15780
22186 15783
22190 15786
22194 15789
22198 15792
22202 15795
22206 15798
22210 15800
22214 15803
22218 15806
22222 15809
22226 15812
22230 15815
22234 15818
22238 15820
22242 15823
22246 15826
22250 15829
22254 15832
22258 15835
22262 15838
22266 15840
22270 15843
22274 15846
22278 15849
22282 15852
22286 15855
22290 15858
22294 15861
22298 15864
22302 15866
22306 15869
22310 15872
22314 15875
22318 15878
22322 15881
22326 15884
22330 15886
22334 15889
22338 15892
22342 15895
22346 15898
22350 15901
22354 15904
22358 15907
22362 15909
22366 15912
22370 15915
22374 15918
22378 15921
22382 15924
22386 15927
22390 15930
22394 15932
22398 15935
22402 15938
22406 15941
22410 15944
22414 15947
22418 15950
22422 15952
22426 15955
22430 15958
22434 15961
22438 15964
22442 15967
22446 15970
22450 15972
22454 15975
22458 15978
22462 15981
22466 15984
22470 15986
22474 15989
22478 15992
22482 15995
22486 15998
22490 16001
22494 16004
22498 16006
22502 16009
22506 16012
22510 16015
22514 16018
22518 16020
22522 16023
22526 16026
22530 16029
22534 16032
22538 16035
22542 16038
22546 16040
22550 16043
22554 16046
22558 16049
22562 16052
22566 16054
22570 16057
22574 16060
22578 16063
22582 16066
22586 16069
22590 16072
22594 16074
22598 16077
22602 16080
22606 16083
22610 16086
22614 16089
22618 16092
22622 16094
22626 16097
22630 16100
22634 16103
22638 16106
22642 16109
22646 16112
22650 16114
22654 16117
22658 16120
22662 16123
22666 16126
22670 16129
22674 16132
22678 16134
22682 16137
22686 16140
22690 16143
22694 16146
22698 16149
22702 16152
22706 16154
22710 16157
22714 16160
22718 16163
22722 16166
22726 16169
22730 16172
22734 16174
22738 16177
22742 16180
22746 16183
22750 16186
22754 16189
22758 16192
22762 16195
22766 16198
22770 16200
22774 16203
22778 16206
22782 16209
22786 16212
22790 16215
22794 16218
22798 16221
22802 16223
22806 16226
22810 16229
22814 16232
22818 16235
22822 16238
22826 16241
22830 16244
22834 16246
22838 16249
22842 16252
22846 16255
22850 16258
22854 16261
22858 16264
22862 16266
22866 16269
22870 16272
22874 16275
22878 16278
22882 16281
22886 16284
22890 16287
22894 16290
22898 16292
22902 16295
22906 16298
22910 16301
22914 16304
22918 16307
22922 16310
22926 16312
22930 16315
22934 16318
22938 16321
22942 16324
22946 16327
22950 16330
22954 16332
22958 16335
22962 16338
22966 16341
22970 16344
22974 16347
22978 16350
22982 16352
22986 16355
22990 16358
22994 16361
22998 16364
23002 16366
23006 16369
23010 16372
23014 16375
23018 16378
23022 16380
23026 16383
23030 16386
23034 16389
23038 16392
23042 16395
23046 16398
23050 16400
23054 16403
23058 16406
23062 16409
23066 16412
23070 16414
23074 16417
23078 16420
23082 16423
23086 16426
23090 16428
23094 16431
23098 16434
23102 16437
23106 16440
23110 16443
23114 16446
23118 16448
23122 16451
23126 16454
23130 16457
23134 16460
23138 16463
23142 16466
23146 16468
23150 16471
23154 16474
23158 16477
23162 16480
23166 16482
23170 16485
23174 16488
23178 16491
23182 16494
23186 16497
23190 16500
23194 16502
23198 16505
23202 16508
23206 16511
23210 16514
23214 16517
23218 16520
23222 16522
23226 16525
23230 16528
23234 16531
23238 16534
23242 16537
23246 16540
23250 16543
23254 16546
23258 16548
23262 16551
23266 16554
23270 16557
23274 16560
23278 16563
23282 16566
23286 16568
23290 16571
23294 16574
23298 16577
23302 16580
23306 16583
23310 16586
23314 16589
23318 16592
23322 16594
23326 16597
23330 16600
23334 16603
23338 16606
23342 16609
23346 16612
23350 16615
23354 16618
23358 16620
23362 16623
23366 16626
23370 16629
23374 16632
23378 16635
23382 16638
23386 16641
23390 16644
23394 16646
23398 16649
23402 16652
23406 16655
23410 16658
23414 16661
23418 16664
23422 16666
23426 16669
23430 16672
23434 16675
23438 16678
23442 16681
23446 16684
23450 16687
23454 16690
23458 16692
23462 16695
23466 16698
23470 16701
23474 16704
23478 16706
23482 16709
23486 16712
23490 16715
23494 16718
23498 16721
23502 16724
23506 16726
23510 16729
23514 16732
23518 16735
23522 16738
23526 16740
23530 16743
23534 16746
23538 16749
23542 16752
23546 16755
23550 16758
23554 16760
23558 16763
23562 16766
23566 16769
23570 16772
23574 16774
23578 16777
23582 16780
23586 16783
23590 16786
23594 16789
23598 16792
23602 16794
23606 16797
23610 16800
23614 16803
23618 16806
23622 16808
23626 16811
23630 16814
23634 16817
23638 16820
23642 16823
23646 16826
23650 16828
23654 16831
23658 16834
23662 16837
23666 16840
23670 16843
23674 16846
23678 16848
23682 16851
23686 16854
23690 16857
23694 16860
23698 16862
23702 16865
23706 16868
23710 16871
23714 16874
23718 16877
23722 16880
23726 16882
23730 16885
23734 16888
23738 16891
23742 16894
23746 16897
23750 16900
23754 16902
23758 16905
23762 16908
23766 16911
23770 16914
23774 16917
23778 16920
23782 16922
23786 16925
23790 16928
23794 16931
23798 16934
23802 16937
23806 16940
23810 16943
23814 16946
23818 16948
23822 16951
23826 16954
23830 16957
23834 16960
23838 16963
23842 16966
23846 16968
23850 16972
23854 16974
23858 16977
23862 16980
23866 16983
23870 16986
23874 16989
23878 16992
23882 16994
23886 16997
23890 17000
23894 17003
23898 17006
23902 17009
23906 17012
23910 17015
23914 17018
23918 17020
23922 17023
23926 17026
23930 17029
23934 17032
23938 17035
23942 17038
23946 17040
23950 17043
23954 17046
23958 17049
23962 17052
23966 17055
23970 17058
23974 17060
23978 17063
23982 17066
23986 17069
23990 17072
23994 17075
23998 17078
24002 17080
24006 17083
24010 17086
24014 17089
24018 17092
24022 17094
24026 17097
24030 17100
24034 17103
24038 17106
24042 17109
24046 17112
24050 17114
24054 17117
24058 17120
24062 17123
24066 17126
24070 17129
24074 17131
24078 17134
24082 17137
24086 17140
24090 17143
24094 17146
24098 17148
24102 17151
24106 17154
24110 17157
24114 17160
24118 17163
24122 17166
24126 17168
24130 17171
24134 17174
24138 17177
24142 17180
24146 17183
24150 17185
24154 17188
24158 17191
24162 17194
24166 17197
24170 17200
24174 17202
24178 17205
24182 17208
24186 17211
24190 17214
24194 17217
24198 17220
24202 17222
24206 17225
24210 17228
24214 17231
24218 17234
24222 17237
24226 17240
24230 17242
24234 17245
24238 17248
24242 17251
24246 17254
24250 17257
24254 17260
24258 17262
24262 17265
24266 17268
24270 17271
24274 17274
24278 17277
24282 17280
24286 17282
24290 17285
24294 17288
24298 17291
24302 17294
24306 17297
24310 17300
24314 17302
24318 17305
24322 17308
24326 17311
24330 17314
24334 17317
24338 17320
24342 17322
24346 17325
24350 17328
24354 17331
24358 17334
24362 17337
24366 17340
24370 17343
24374 17346
24378 17348
24382 17351
24386 17354
24390 17357
24394 17360
24398 17363
24402 17366
24406 17368
24410 17371
24414 17374
24418 17377
24422 17380
24426 17383
24430 17386
24434 17388
24438 17391
24442 17394
24446 17397
24450 17400
24454 17403
24458 17406
24462 17408
24466 17411
24470 17414
24474 17417
24478 17420
24482 17423
24486 17426
24490 17428
24494 17431
24498 17434
24502 17437
24506 17440
24510 17443
24514 17445
24518 17448
24522 17451
24526 17454
24530 17457
24534 17460
24538 17462
24542 17465
24546 17468
24550 17471
24554 17474
24558 17477
24562 17480
24566 17482
24570 17485
24574 17488
24578 17491
24582 17494
24586 17496
24590 17499
24594 17502
24598 17505
24602 17508
24606 17511
24610 17514
24614 17516
24618 17519
24622 17522
24626 17525
24630 17528
24634 17531
24638 17534
24642 17536
24646 17539
24650 17542
24654 17545
24658 17548
24662 17551
24666 17554
24670 17556
24674 17559
24678 17562
24682 17565
24686 17568
24690 17571
24694 17574
24698 17576
24702 17579
24706 17582
24710 17585
24714 17588
24718 17591
24722 17594
24726 17596
24730 17599
24734 17602
24738 17605
24742 17608
24746 17611
24750 17614
24754 17616
24758 17619
24762 17622
24766 17625
24770 17628
24774 17631
24778 17634
24782 17636
24786 17639
24790 17642
24794 17645
24798 17648
24802 17651
24806 17654
24810 17656
24814 17659
24818 17662
24822 17665
24826 17668
24830 17671
24834 17674
24838 17677
24842 17680
24846 17682
24850 17685
24854 17688
24858 17691
24862 17694
24866 17697
24870 17700
24874 17702
24878 17706
24882 17708
24886 17711
24890 17714
24894 17717
24898 17720
24902 17723
24906 17726
24910 17728
24914 17731
24918 17734
24922 17737
24926 17740
24930 17743
24934 17746
24938 17748
24942 17751
24946 17754
24950 17757
24954 17760
24958 17763
24962 17766
24966 17768
24970 17771
24974 17774
24978 17777
24982 17780
24986 17783
24990 17785
24994 17788
24998 17791
25002 17794
25006 17797
25010 17800
25014 17802
25018 17805
25022 17808
25026 17811
25030 17814
25034 17816
25038 17819
25042 17822
25046 17825
25050 17828
25054 17830
25058 17834
25062 17836
25066 17839
25070 17842
25074 17845
25078 17848
25082 17850
25086 17853
25090 17856
25094 17859
25098 17862
25102 17864
25106 17867
25110 17870
25114 17873
25118 17876
25122 17879
25126 17882
25130 17884
25134 17887
25138 17890
25142 17893
25146 17896
25150 17899
25154 17902
25158 17904
25162 17907
25166 17910
25170 17913
25174 17916
25178 17919
25182 17922
25186 17924
25190 17927
25194 17930
25198 17933
25202 17936
25206 17939
25210 17941
25214 17944
25218 17947
25222 17950
25226 17953
25230 17956
25234 17959
25238 17962
25242 17964
25246 17967
25250 17970
25254 17973
25258 17976
25262 17979
25266 17982
25270 17984
25274 17987
25278 17990
25282 17993
25286 17996
25290 17999
25294 18002
25298 18005
25302 18008
25306 18010
25310 18013
25314 18016
25318 18019
25322 18022
25326 18025
25330 18028
25334 18030
25338 18033
25342 18036
25346 18039
25350 18042
25354 18045
25358 18048
25362 18051
25366 18054
25370 18056
25374 18059
25378 18062
25382 18065
25386 18068
25390 18071
25394 18074
25398 18077
25402 18080
25406 18082
25410 18085
25414 18088
25418 18091
25422 18094
25426 18097
25430 18100
25434 18102
25438 18105
25442 18108
25446 18111
25450 18114
25454 18117
25458 18120
25462 18122
25466 18125
25470 18128
25474 18131
25478 18134
25482 18137
25486 18140
25490 18142
25494 18145
25498 18148
25502 18151
25506 18154
25510 18156
25514 18159
25518 18162
25522 18165
25526 18168
25530 18171
25534 18173
25538 18176
25542 18179
25546 18182
25550 18185
25554 18188
25558 18190
25562 18193
25566 18196
25570 18199
25574 18202
25578 18204
25582 18207
25586 18210
25590 18213
25594 18216
25598 18218
25602 18221
25606 18224
25610 18227
25614 18230
25618 18233
25622 18236
25626 18238
25630 18241
25634 18244
25638 18247
25642 18250
25646 18252
25650 18255
25654 18258
25658 18261
25662 18264
25666 18267
25670 18270
25674 18272
25678 18275
25682 18278
25686 18281
25690 18284
25694 18287
25698 18290
25702 18292
25706 18295
25710 18298
25714 18301
25718 18304
25722 18307
25726 18309
25730 18312
25734 18315
25738 18318
25742 18321
25746 18324
25750 18327
25754 18329
25758 18332
25762 18335
25766 18338
25770 18341
25774 18344
25778 18347
25782 18350
25786 18352
25790 18355
25794 18358
25798 18361
25802 18364
25806 18367
25810 18370
25814 18372
25818 18375
25822 18378
25826 18381
25830 18384
25834 18387
25838 18390
25842 18393
25846 18396
25850 18398
25854 18401
25858 18404
25862 18407
25866 18410
25870 18413
25874 18416
25878 18419
25882 18422
25886 18424
25890 18427
25894 18430
25898 18433
25902 18436
25906 18439
25910 18442
25914 18445
25918 18448
25922 18450
25926 18453
25930 18456
25934 18459
25938 18462
25942 18465
25946 18468
25950 18470
25954 18473
25958 18476
25962 18479
25966 18482
25970 18485
25974 18488
25978 18490
25982 18493
25986 18496
25990 18499
25994 18502
25998 18505
26002 18508
26006 18510
26010 18513
26014 18516
26018 18519
26022 18522
26026 18525
26030 18528
26034 18530
26038 18533
26042 18536
26046 18539
26050 18542
26054 18544
26058 18547
26062 18550
26066 18553
26070 18556
26074 18559
26078 18562
26082 18564
26086 18567
26090 18570
26094 18573
26098 18576
26102 18578
26106 18581
26110 18584
26114 18587
26118 18590
26122 18592
26126 18595
26130 18598
26134 18601
26138 18604
26142 18607
26146 18610
26150 18612
26154 18615
26158 18618
26162 18621
26166 18624
26170 18627
26174 18630
26178 18632
26182 18635
26186 18638
26190 18641
26194 18644
26198 18647
26202 18650
26206 18652
26210 18655
26214 18658
26218 18661
26222 18664
26226 18666
26230 18669
26234 18672
26238 18675
26242 18678
26246 18681
26250 18684
26254 18686
26258 18689
26262 18692
26266 18695
26270 18698
26274 18701
26278 18704
26282 18706
26286 18709
26290 18712
26294 18715
26298 18718
26302 18721
26306 18724
26310 18726
26314 18729
26318 18732
26322 18735
26326 18738
26330 18741
26334 18744
26338 18747
26342 18750
26346 18752
26350 18755
26354 18758
26358 18761
26362 18764
26366 18767
26370 18770
26374 18772
26378 18775
26382 18778
26386 18781
26390 18784
26394 18787
26398 18790
26402 18793
26406 18796
26410 18798
26414 18801
26418 18804
26422 18807
26426 18810
26430 18813
26434 18816
26438 18818
26442 18821
26446 18824
26450 18827
26454 18830
26458 18833
26462 18836
26466 18838
26470 18841
26474 18844
26478 18847
26482 18850
26486 18853
26490 18856
26494 18858
26498 18861
26502 18864
26506 18867
26510 18870
26514 18873
26518 18876
26522 18878
26526 18881
26530 18884
26534 18887
26538 18890
26542 18893
26546 18895
26550 18898
26554 18901
26558 18904
26562 18907
26566 18910
26570 18912
26574 18915
26578 18918
26582 18921
26586 18924
26590 18927
26594 18930
26598 18932
26602 18935
26606 18938
26610 18941
26614 18944
26618 18946
26622 18949
26626 18952
26630 18955
26634 18958
26638 18961
26642 18964
26646 18966
26650 18969
26654 18972
26658 18975
26662 18978
26666 18981
26670 18984
26674 18986
26678 18989
26682 18992
26686 18995
26690 18998
26694 19001
26698 19004
26702 19006
26706 19009
26710 19012
26714 19015
26718 19018
26722 19020
26726 19023
26730 19026
26734 19029
26738 19032
26742 19035
26746 19038
26750 19040
26754 19043
26758 19046
26762 19049
26766 19052
26770 19055
26774 19058
26778 19060
26782 19063
26786 19066
26790 19069
26794 19072
26798 19075
26802 19078
26806 19080
26810 19083
26814 19086
26818 19089
26822 19092
26826 19095
26830 19098
26834 19101
26838 19104
26842 19106
26846 19109
26850 19112
26854 19115
26858 19118
26862 19121
26866 19124
26870 19126
26874 19129
26878 19132
26882 19135
26886 19138
26890 19141
26894 19144
26898 19146
26902 19149
26906 19152
26910 19155
26914 19158
26918 19161
26922 19164
26926 19167
26930 19170
26934 19172
26938 19175
26942 19178
26946 19181
26950 19184
26954 19187
26958 19190
26962 19192
26966 19195
26970 19198
26974 19201
26978 19204
26982 19207
26986 19210
26990 19212
26994 19215
26998 19218
27002 19221
27006 19224
27010 19227
27014 19230
27018 19232
27022 19235
27026 19238
27030 19241
27034 19244
27038 19246
27042 19249
27046 19252
27050 19255
27054 19258
27058 19260
27062 19263
27066 19266
27070 19269
27074 19272
27078 19275
27082 19278
27086 19280
27090 19283
27094 19286
27098 19289
27102 19292
27106 19295
27110 19298
27114 19300
27118 19303
27122 19306
27126 19309
27130 19312
27134 19314
27138 19317
27142 19320
27146 19323
27150 19326
27154 19329
27158 19332
27162 19334
27166 19337
27170 19340
27174 19343
27178 19346
27182 19349
27186 19352
27190 19354
27194 19357
27198 19360
27202 19363
27206 19366
27210 19369
27214 19372
27218 19374
27222 19377
27226 19380
27230 19383
27234 19386
27238 19389
27242 19392
27246 19395
27250 19397
27254 19400
27258 19403
27262 19406
27266 19409
27270 19412
27274 19415
27278 19418
27282 19420
27286 19423
27290 19426
27294 19429
27298 19432
27302 19435
27306 19438
27310 19440
27314 19443
27318 19446
27322 19449
27326 19452
27330 19455
27334 19458
27338 19460
27342 19463
27346 19466
27350 19469
27354 19472
27358 19475
27362 19478
27366 19481
27370 19484
27374 19486
27378 19489
27382 19492
27386 19495
27390 19498
27394 19501
27398 19504
27402 19506
27406 19509
27410 19512
27414 19515
27418 19518
27422 19521
27426 19524
27430 19527
27434 19530
27438 19532
27442 19535
27446 19538
27450 19541
27454 19544
27458 19547
27462 19550
27466 19552
27470 19555
27474 19558
27478 19561
27482 19564
27486 19567
27490 19570
27494 19572
27498 19575
27502 19578
27506 19581
27510 19584
27514 19587
27518 19590
27522 19592
27526 19595
27530 19598
27534 19601
27538 19604
27542 19606
27546 19609
27550 19612
27554 19615
27558 19618
27562 19620
27566 19623
27570 19626
27574 19629
27578 19632
27582 19634
27586 19637
27590 19640
27594 19643
27598 19646
27602 19649
27606 19651
27610 19654
27614 19657
27618 19660
27622 19663
27626 19666
27630 19668
27634 19671
27638 19674
27642 19677
27646 19680
27650 19683
27654 19686
27658 19688
27662 19691
27666 19694
27670 19697
27674 19700
27678 19702
27682 19705
27686 19708
27690 19711
27694 19714
27698 19717
27702 19720
27706 19722
27710 19725
27714 19728
27718 19731
27722 19734
27726 19737
27730 19740
27734 19742
27738 19745
27742 19748
27746 19751
27750 19754
27754 19757
27758 19760
27762 19762
27766 19765
27770 19768
27774 19771
27778 19774
27782 19777
27786 19780
27790 19783
27794 19786
27798 19788
27802 19791
27806 19794
27810 19797
27814 19800
27818 19803
27822 19806
27826 19808
27830 19811
27834 19814
27838 19817
27842 19820
27846 19823
27850 19826
27854 19829
27858 19832
27862 19834
27866 19837
27870 19840
27874 19843
27878 19846
27882 19849
27886 19852
27890 19855
27894 19858
27898 19860
27902 19863
27906 19866
27910 19869
27914 19872
27918 19875
27922 19878
27926 19881
27930 19883
27934 19886
27938 19889
27942 19892
27946 19895
27950 19898
27954 19901
27958 19904
27962 19906
27966 19909
27970 19912
27974 19915
27978 19918
27982 19921
27986 19924
27990 19926
27994 19929
27998 19932
28002 19935
28006 19938
28010 19941
28014 19944
28018 19946
28022 19949
28026 19952
28030 19955
28034 19958
28038 19960
28042 19963
28046 19966
28050 19969
28054 19972
28058 19975
28062 19978
28066 19980
28070 19983
28074 19986
28078 19989
28082 19992
28086 19994
28090 19997
28094 20000
28098 20003
28102 20006
28106 20008
28110 20011
28114 20014
28118 20017
28122 20020
28126 20023
28130 20026
28134 20028
28138 20031
28142 20034
28146 20037
28150 20040
28154 20042
28158 20045
28162 20048
28166 20051
28170 20054
28174 20057
28178 20060
28182 20062
28186 20065
28190 20068
28194 20071
28198 20074
28202 20077
28206 20079
28210 20082
28214 20085
28218 20088
28222 20091
28226 20094
28230 20096
28234 20099
28238 20102
28242 20105
28246 20108
28250 20111
28254 20114
28258 20116
28262 20119
28266 20122
28270 20125
28274 20128
28278 20131
28282 20134
28286 20136
28290 20139
28294 20142
28298 20145
28302 20148
28306 20151
28310 20154
28314 20156
28318 20160
28322 20162
28326 20165
28330 20168
28334 20171
28338 20174
28342 20177
28346 20180
28350 20182
28354 20185
28358 20188
28362 20191
28366 20194
28370 20197
28374 20200
28378 20202
28382 20205
28386 20208
28390 20211
28394 20214
28398 20217
28402 20220
28406 20223
28410 20226
28414 20228
28418 20231
28422 20234
28426 20237
28430 20240
28434 20243
28438 20246
28442 20249
28446 20252
28450 20254
28454 20257
28458 20260
28462 20263
28466 20266
28470 20269
28474 20272
28478 20274
28482 20278
28486 20280
28490 20283
28494 20286
28498 20289
28502 20292
28506 20295
28510 20298
28514 20300
28518 20303
28522 20306
28526 20309
28530 20312
28534 20315
28538 20317
28542 20320
28546 20323
28550 20326
28554 20329
28558 20332
28562 20334
28566 20337
28570 20340
28574 20343
28578 20346
28582 20348
28586 20351
28590 20354
28594 20357
28598 20360
28602 20363
28606 20366
28610 20368
28614 20371
28618 20374
28622 20377
28626 20380
28630 20382
28634 20385
28638 20388
28642 20391
28646 20394
28650 20397
28654 20400
28658 20402
28662 20405
28666 20408
28670 20411
28674 20414
28678 20416
28682 20419
28686 20422
28690 20425
28694 20428
28698 20431
28702 20434
28706 20436
28710 20439
28714 20442
28718 20445
28722 20448
28726 20451
28730 20454
28734 20456
28738 20459
28742 20462
28746 20465
28750 20468
28754 20470
28758 20474
28762 20476
28766 20479
28770 20482
28774 20485
28778 20488
28782 20490
28786 20493
28790 20496
28794 20499
28798 20502
28802 20505
28806 20508
28810 20510
28814 20513
28818 20516
28822 20519
28826 20522
28830 20525
28834 20528
28838 20530
28842 20533
28846 20536
28850 20539
28854 20542
28858 20545
28862 20548
28866 20551
28870 20554
28874 20556
28878 20559
28882 20562
28886 20565
28890 20568
28894 20571
28898 20574
28902 20576
28906 20579
28910 20582
28914 20585
28918 20588
28922 20591
28926 20594
28930 20597
28934 20599
28938 20602
28942 20605
28946 20608
28950 20611
28954 20614
28958 20617
28962 20620
28966 20622
28970 20625
28974 20628
28978 20631
28982 20634
28986 20637
28990 20640
28994 20642
28998 20645
29002 20648
29006 20651
29010 20654
29014 20657
29018 20660
29022 20662
29026 20665
29030 20668
29034 20671
29038 20674
29042 20677
29046 20680
29050 20682
29054 20685
29058 20688
29062 20691
29066 20694
29070 20696
29074 20699
29078 20702
29082 20705
29086 20708
29090 20711
29094 20714
29098 20716
29102 20719
29106 20722
29110 20725
29114 20728
29118 20731
29122 20733
29126 20736
29130 20739
29134 20742
29138 20745
29142 20748
29146 20750
29150 20753
29154 20756
29158 20759
29162 20762
29166 20765
29170 20768
29174 20770
29178 20773
29182 20776
29186 20779
29190 20782
29194 20785
29198 20788
29202 20790
29206 20793
29210 20796
29214 20799
29218 20802
29222 20805
29226 20808
29230 20810
29234 20813
29238 20816
29242 20819
29246 20822
29250 20825
29254 20828
29258 20830
29262 20833
29266 20836
29270 20839
29274 20842
29278 20845
29282 20848
29286 20850
29290 20853
29294 20856
29298 20859
29302 20862
29306 20865
29310 20868
29314 20870
29318 20873
29322 20876
29326 20879
29330 20882
29334 20885
29338 20888
29342 20890
29346 20893
29350 20896
29354 20899
29358 20902
29362 20905
29366 20908
29370 20911
29374 20913
29378 20916
29382 20919
29386 20922
29390 20925
29394 20928
29398 20931
29402 20934
29406 20936
29410 20939
29414 20942
29418 20945
29422 20948
29426 20951
29430 20954
29434 20956
29438 20959
29442 20962
29446 20965
29450 20968
29454 20971
29458 20974
29462 20977
29466 20979
29470 20982
29474 20985
29478 20988
29482 20991
29486 20994
29490 20996
29494 20999
29498 21002
29502 21005
29506 21008
29510 21011
29514 21014
29518 21016
29522 21019
29526 21022
29530 21025
29534 21028
29538 21031
29542 21034
29546 21036
29550 21039
29554 21042
29558 21045
29562 21048
29566 21050
29570 21053
29574 21056
29578 21059
29582 21062
29586 21064
29590 21067
29594 21070
29598 21073
29602 21076
29606 21079
29610 21082
29614 21084
29618 21087
29622 21090
29626 21093
29630 21096
29634 21098
29638 21101
29642 21104
29646 21107
29650 21110
29654 21113
29658 21116
29662 21118
29666 21121
29670 21124
29674 21127
29678 21130
29682 21133
29686 21136
29690 21138
29694 21141
29698 21144
29702 21147
29706 21150
29710 21153
29714 21156
29718 21158
29722 21161
29726 21164
29730 21167
29734 21170
29738 21173
29742 21176
29746 21178
29750 21181
29754 21184
29758 21187
29762 21190
29766 21193
29770 21196
29774 21198
29778 21201
29782 21204
29786 21207
29790 21210
29794 21213
29798 21216
29802 21219
29806 21222
29810 21224
29814 21227
29818 21230
29822 21233
29826 21236
29830 21239
29834 21242
29838 21244
29842 21247
29846 21250
29850 21253
29854 21256
29858 21259
29862 21262
29866 21264
29870 21268
29874 21270
29878 21273
29882 21276
29886 21279
29890 21282
29894 21285
29898 21288
29902 21290
29906 21293
29910 21296
29914 21299
29918 21302
29922 21305
29926 21308
29930 21310
29934 21314
29938 21316
29942 21319
29946 21322
29950 21325
29954 21328
29958 21331
29962 21334
29966 21336
29970 21339
29974 21342
29978 21345
29982 21348
29986 21351
29990 21354
29994 21356
29998 21359
