10 0
14 0
18 0
22 0
26 0
30 1
34 1
38 2
42 3
46 4
50 4
54 5
58 6
62 8
66 9
70 10
74 11
78 12
82 14
86 15
90 17
94 18
98 20
102 21
106 23
110 24
114 26
118 28
122 29
126 31
130 33
134 34
138 36
142 38
146 40
150 42
154 43
158 45
162 47
166 49
170 51
174 52
178 54
182 56
186 58
190 60
194 62
198 64
202 66
206 68
210 69
214 71
218 73
222 75
226 77
230 79
234 81
238 83
242 85
246 87
250 89
254 91
258 92
262 94
266 96
270 98
274 100
278 102
282 104
286 106
290 108
294 110
298 112
302 114
306 116
310 118
314 120
318 122
322 124
326 126
330 128
334 130
338 132
342 134
346 136
350 138
354 139
358 141
362 143
366 145
370 147
374 149
378 151
382 153
386 155
390 157
394 159
398 161
402 163
406 165
410 166
414 168
418 170
422 172
426 174
430 176
434 178
438 180
442 182
446 184
450 186
454 188
458 190
462 192
466 194
470 195
474 197
478 199
482 201
486 203
490 205
494 207
498 209
502 211
506 213
510 215
514 217
518 219
522 220
526 222
530 224
534 226
538 228
542 230
546 232
550 234
554 236
558 238
562 240
566 242
570 244
574 246
578 248
582 250
586 252
590 254
594 256
598 258
602 260
606 261
610 263
614 265
618 267
622 269
626 271
630 273
634 275
638 277
642 279
646 281
650 283
654 285
658 287
662 289
666 291
670 293
674 295
678 297
682 299
686 300
690 302
694 304
698 306
702 308
706 310
710 312
714 314
718 316
722 318
726 320
730 322
734 324
738 326
742 328
746 330
750 332
754 334
758 336
762 338
766 340
770 342
774 344
778 346
782 348
786 350
790 352
794 354
798 356
802 358
806 360
810 362
814 364
818 366
822 368
826 370
830 372
834 374
838 376
842 377
846 379
850 382
854 383
858 385
862 387
866 389
870 391
874 393
878 395
882 397
886 399
890 401
894 403
898 405
902 407
906 409
910 411
914 413
918 415
922 417
926 419
930 421
934 423
938 425
942 427
946 429
950 431
954 433
958 435
962 437
966 439
970 441
974 443
978 445
982 447
986 449
990 451
994 453
998 455
1002 457
1006 459
1010 461
1014 463
1018 465
1022 467
1026 469
1030 471
1034 473
1038 475
1042 476
1046 478
1050 480
1054 482
1058 484
1062 486
1066 488
1070 490
1074 492
1078 494
1082 496
1086 498
1090 500
1094 502
1098 504
1102 506
1106 508
1110 510
1114 512
1118 514
1122 516
1126 518
1130 520
1134 522
1138 523
1142 525
1146 527
1150 529
1154 531
1158 533
1162 535
1166 537
1170 539
1174 541
1178 543
1182 545
1186 547
1190 548
1194 550
1198 552
1202 554
1206 556
1210 558
1214 560
1218 562
1222 564
1226 566
1230 568
1234 570
1238 572
1242 574
1246 576
1250 577
1254 579
1258 581
1262 583
1266 585
1270 587
1274 589
1278 591
1282 593
1286 595
1290 597
1294 599
1298 601
1302 603
1306 605
1310 607
1314 609
1318 610
1322 612
1326 614
1330 616
1334 618
1338 620
1342 622
1346 624
1350 626
1354 628
1358 630
1362 632
1366 634
1370 636
1374 638
1378 640
1382 642
1386 644
1390 646
1394 648
1398 650
1402 652
1406 654
1410 656
1414 658
1418 660
1422 662
1426 663
1430 665
1434 667
1438 669
1442 671
1446 673
1450 675
1454 677
1458 679
1462 681
1466 683
1470 685
1474 687
1478 689
1482 691
1486 693
1490 695
1494 697
1498 699
1502 701
1506 703
1510 705
1514 707
1518 709
1522 711
1526 713
1530 715
1534 717
1538 719
1542 721
1546 723
1550 725
1554 727
1558 729
1562 731
1566 733
1570 735
1574 737
1578 738
1582 741
1586 743
1590 744
1594 746
1598 748
1602 750
1606 752
1610 754
1614 756
1618 758
1622 760
1626 762
1630 764
1634 766
1638 768
1642 770
1646 772
1650 774
1654 776
1658 778
1662 780
1666 782
1670 784
1674 786
1678 788
1682 790
1686 792
1690 794
1694 796
1698 798
1702 800
1706 802
1710 804
1714 806
1718 808
1722 810
1726 812
1730 814
1734 816
1738 818
1742 820
1746 822
1750 824
1754 826
1758 828
1762 830
1766 832
1770 834
1774 836
1778 837
1782 839
1786 841
1790 843
1794 845
1798 847
1802 849
1806 851
1810 853
1814 855
1818 857
1822 859
1826 861
1830 863
1834 865
1838 867
1842 869
1846 871
1850 872
1854 874
1858 876
1862 878
1866 880
1870 882
1874 884
1878 886
1882 888
1886 890
1890 892
1894 894
1898 896
1902 898
1906 900
1910 901
1914 903
1918 905
1922 907
1926 909
1930 911
1934 913
1938 915
1942 917
1946 919
1950 921
1954 923
1958 924
1962 926
1966 928
1970 930
1974 932
1978 934
1982 936
1986 938
1990 940
1994 942
1998 944
2002 946
2006 948
2010 950
2014 952
2018 954
2022 956
2026 958
2030 960
2034 961
2038 963
2042 965
2046 967
2050 969
2054 971
2058 973
2062 975
2066 977
2070 979
2074 981
2078 983
2082 985
2086 987
2090 989
2094 991
2098 993
2102 995
2106 997
2110 999
2114 1001
2118 1003
2122 1004
2126 1006
2130 1008
2134 1010
2138 1012
2142 1014
2146 1016
2150 1018
2154 1020
2158 1022
2162 1024
2166 1026
2170 1028
2174 1030
2178 1032
2182 1034
2186 1036
2190 1038
2194 1040
2198 1042
2202 1044
2206 1046
2210 1048
2214 1050
2218 1052
2222 1054
2226 1056
2230 1058
2234 1060
2238 1062
2242 1064
2246 1066
2250 1068
2254 1070
2258 1072
2262 1074
2266 1075
2270 1077
2274 1079
2278 1081
2282 1083
2286 1085
2290 1087
2294 1089
2298 1091
2302 1093
2306 1095
2310 1097
2314 1099
2318 1101
2322 1103
2326 1105
2330 1107
2334 1109
2338 1111
2342 1113
2346 1115
2350 1117
2354 1119
2358 1121
2362 1123
2366 1125
2370 1127
2374 1129
2378 1131
2382 1133
2386 1135
2390 1137
2394 1139
2398 1141
2402 1143
2406 1145
2410 1147
2414 1148
2418 1150
2422 1152
2426 1154
2430 1156
2434 1158
2438 1160
2442 1162
2446 1164
2450 1166
2454 1168
2458 1170
2462 1172
2466 1174
2470 1176
2474 1178
2478 1180
2482 1182
2486 1184
2490 1186
2494 1188
2498 1190
2502 1192
2506 1194
2510 1196
2514 1198
2518 1200
2522 1202
2526 1204
2530 1206
2534 1208
2538 1210
2542 1211
2546 1213
2550 1215
2554 1217
2558 1219
2562 1221
2566 1223
2570 1225
2574 1227
2578 1229
2582 1231
2586 1233
2590 1235
2594 1237
2598 1238
2602 1240
2606 1242
2610 1244
2614 1246
2618 1248
2622 1250
2626 1252
2630 1254
2634 1256
2638 1258
2642 1260
2646 1262
2650 1264
2654 1266
2658 1268
2662 1269
2666 1271
2670 1273
2674 1275
2678 1277
2682 1279
2686 1281
2690 1283
2694 1285
2698 1287
2702 1289
2706 1291
2710 1293
2714 1295
2718 1296
2722 1298
2726 1300
2730 1302
2734 1304
2738 1306
2742 1308
2746 1310
2750 1312
2754 1314
2758 1316
2762 1318
2766 1320
2770 1322
2774 1324
2778 1326
2782 1328
2786 1330
2790 1332
2794 1334
2798 1336
2802 1338
2806 1340
2810 1341
2814 1343
2818 1345
2822 1347
2826 1349
2830 1351
2834 1353
2838 1355
2842 1357
2846 1359
2850 1361
2854 1363
2858 1365
2862 1367
2866 1369
2870 1371
2874 1373
2878 1375
2882 1377
2886 1379
2890 1381
2894 1383
2898 1385
2902 1387
2906 1388
2910 1390
2914 1392
2918 1394
2922 1396
2926 1398
2930 1400
2934 1402
2938 1404
2942 1406
2946 1408
2950 1410
2954 1412
2958 1414
2962 1416
2966 1418
2970 1420
2974 1422
2978 1424
2982 1426
2986 1428
2990 1430
2994 1432
2998 1434
3002 1436
3006 1438
3010 1440
3014 1442
3018 1444
3022 1446
3026 1448
3030 1450
3034 1452
3038 1454
3042 1455
3046 1457
3050 1459
3054 1461
3058 1463
3062 1465
3066 1467
3070 1469
3074 1471
3078 1473
3082 1475
3086 1477
3090 1479
3094 1481
3098 1483
3102 1485
3106 1487
3110 1489
3114 1491
3118 1493
3122 1495
3126 1497
3130 1499
3134 1501
3138 1503
3142 1505
3146 1507
3150 1509
3154 1511
3158 1513
3162 1515
3166 1516
3170 1518
3174 1520
3178 1522
3182 1524
3186 1526
3190 1528
3194 1530
3198 1532
3202 1534
3206 1536
3210 1538
3214 1540
3218 1542
3222 1544
3226 1546
3230 1548
3234 1550
3238 1552
3242 1554
3246 1556
3250 1558
3254 1560
3258 1562
3262 1564
3266 1566
3270 1568
3274 1570
3278 1572
3282 1574
3286 1576
3290 1577
3294 1579
3298 1581
3302 1583
3306 1585
3310 1587
3314 1589
3318 1591
3322 1593
3326 1595
3330 1597
3334 1599
3338 1601
3342 1603
3346 1605
3350 1606
3354 1608
3358 1610
3362 1612
3366 1614
3370 1616
3374 1618
3378 1620
3382 1622
3386 1624
3390 1626
3394 1628
3398 1630
3402 1632
3406 1633
3410 1635
3414 1637
3418 1639
3422 1641
3426 1643
3430 1645
3434 1647
3438 1649
3442 1651
3446 1653
3450 1655
3454 1657
3458 1659
3462 1660
3466 1662
3470 1664
3474 1666
3478 1668
3482 1670
3486 1672
3490 1674
3494 1676
3498 1678
3502 1680
3506 1682
3510 1684
3514 1686
3518 1688
3522 1690
3526 1692
3530 1694
3534 1696
3538 1698
3542 1700
3546 1702
3550 1704
3554 1706
3558 1708
3562 1710
3566 1711
3570 1713
3574 1715
3578 1717
3582 1719
3586 1721
3590 1723
3594 1725
3598 1727
3602 1729
3606 1731
3610 1733
3614 1735
3618 1737
3622 1739
3626 1741
3630 1743
3634 1745
3638 1747
3642 1748
3646 1750
3650 1752
3654 1754
3658 1756
3662 1758
3666 1760
3670 1762
3674 1764
3678 1766
3682 1768
3686 1770
3690 1772
3694 1774
3698 1776
3702 1778
3706 1780
3710 1782
3714 1784
3718 1786
3722 1788
3726 1790
3730 1792
3734 1794
3738 1796
3742 1798
3746 1800
3750 1801
3754 1803
3758 1805
3762 1807
3766 1809
3770 1811
3774 1813
3778 1815
3782 1817
3786 1819
3790 1821
3794 1823
3798 1825
3802 1827
3806 1829
3810 1831
3814 1833
3818 1835
3822 1837
3826 1839
3830 1841
3834 1843
3838 1845
3842 1847
3846 1849
3850 1851
3854 1853
3858 1855
3862 1857
3866 1859
3870 1861
3874 1863
3878 1865
3882 1866
3886 1868
3890 1870
3894 1872
3898 1874
3902 1876
3906 1878
3910 1880
3914 1882
3918 1884
3922 1886
3926 1888
3930 1890
3934 1892
3938 1894
3942 1896
3946 1898
3950 1900
3954 1902
3958 1904
3962 1906
3966 1908
3970 1910
3974 1912
3978 1914
3982 1916
3986 1918
3990 1920
3994 1922
3998 1924
4002 1926
4006 1928
4010 1930
4014 1932
4018 1934
4022 1936
4026 1937
4030 1939
4034 1941
4038 1943
4042 1945
4046 1947
4050 1949
4054 1951
4058 1953
4062 1955
4066 1957
4070 1959
4074 1961
4078 1963
4082 1965
4086 1967
4090 1968
4094 1970
4098 1972
4102 1974
4106 1976
4110 1978
4114 1980
4118 1982
4122 1984
4126 1986
4130 1988
4134 1990
4138 1992
4142 1994
4146 1996
4150 1998
4154 2000
4158 2002
4162 2004
4166 2006
4170 2007
4174 2009
4178 2011
4182 2013
4186 2015
4190 2017
4194 2019
4198 2021
4202 2023
4206 2025
4210 2027
4214 2029
4218 2031
4222 2033
4226 2035
4230 2036
4234 2038
4238 2040
4242 2042
4246 2044
4250 2046
4254 2048
4258 2050
4262 2052
4266 2054
4270 2056
4274 2058
4278 2060
4282 2062
4286 2064
4290 2066
4294 2068
4298 2070
4302 2072
4306 2074
4310 2076
4314 2078
4318 2080
4322 2082
4326 2084
4330 2085
4334 2087
4338 2089
4342 2091
4346 2093
4350 2095
4354 2097
4358 2099
4362 2101
4366 2103
4370 2105
4374 2107
4378 2109
4382 2111
4386 2113
4390 2115
4394 2117
4398 2119
4402 2121
4406 2123
4410 2124
4414 2126
4418 2128
4422 2130
4426 2132
4430 2134
4434 2136
4438 2138
4442 2140
4446 2142
4450 2144
4454 2146
4458 2148
4462 2150
4466 2152
4470 2154
4474 2156
4478 2158
4482 2160
4486 2162
4490 2164
4494 2166
4498 2168
4502 2170
4506 2172
4510 2174
4514 2176
4518 2178
4522 2180
4526 2182
4530 2184
4534 2185
4538 2187
4542 2189
4546 2191
4550 2193
4554 2195
4558 2197
4562 2199
4566 2201
4570 2203
4574 2205
4578 2207
4582 2209
4586 2211
4590 2213
4594 2215
4598 2217
4602 2219
4606 2221
4610 2223
4614 2225
4618 2227
4622 2229
4626 2231
4630 2233
4634 2235
4638 2237
4642 2239
4646 2241
4650 2243
4654 2245
4658 2247
4662 2249
4666 2251
4670 2253
4674 2255
4678 2257
4682 2259
4686 2261
4690 2263
4694 2265
4698 2267
4702 2268
4706 2271
4710 2272
4714 2274
4718 2276
4722 2278
4726 2280
4730 2282
4734 2284
4738 2286
4742 2288
4746 2290
4750 2292
4754 2294
4758 2296
4762 2298
4766 2300
4770 2302
4774 2304
4778 2306
4782 2308
4786 2310
4790 2312
4794 2314
4798 2316
4802 2318
4806 2319
4810 2321
4814 2323
4818 2325
4822 2327
4826 2329
4830 2331
4834 2333
4838 2335
4842 2337
4846 2339
4850 2341
4854 2342
4858 2344
4862 2346
4866 2348
4870 2350
4874 2352
4878 2354
4882 2356
4886 2358
4890 2360
4894 2362
4898 2364
4902 2366
4906 2368
4910 2370
4914 2371
4918 2373
4922 2375
4926 2377
4930 2379
4934 2381
4938 2383
4942 2385
4946 2387
4950 2389
4954 2391
4958 2393
4962 2395
4966 2397
4970 2398
4974 2400
4978 2402
4982 2404
4986 2406
4990 2408
4994 2410
4998 2412
5002 2414
5006 2416
5010 2418
5014 2420
5018 2422
5022 2424
5026 2426
5030 2428
5034 2430
5038 2432
5042 2434
5046 2436
5050 2438
5054 2439
5058 2441
5062 2443
5066 2445
5070 2447
5074 2449
5078 2451
5082 2453
5086 2455
5090 2457
5094 2459
5098 2461
5102 2463
5106 2465
5110 2467
5114 2469
5118 2470
5122 2472
5126 2474
5130 2476
5134 2478
5138 2480
5142 2482
5146 2484
5150 2486
5154 2488
5158 2490
5162 2492
5166 2494
5170 2496
5174 2498
5178 2500
5182 2502
5186 2504
5190 2506
5194 2508
5198 2510
5202 2512
5206 2514
5210 2516
5214 2518
5218 2520
5222 2522
5226 2524
5230 2526
5234 2528
5238 2530
5242 2532
5246 2534
5250 2536
5254 2537
5258 2539
5262 2541
5266 2543
5270 2545
5274 2547
5278 2549
5282 2551
5286 2553
5290 2555
5294 2557
5298 2559
5302 2561
5306 2563
5310 2565
5314 2567
5318 2569
5322 2571
5326 2573
5330 2575
5334 2577
5338 2579
5342 2581
5346 2583
5350 2585
5354 2587
5358 2589
5362 2591
5366 2593
5370 2595
5374 2597
5378 2599
5382 2601
5386 2603
5390 2605
5394 2607
5398 2609
5402 2611
5406 2613
5410 2615
5414 2617
5418 2619
5422 2621
5426 2623
5430 2625
5434 2627
5438 2628
5442 2631
5446 2632
5450 2634
5454 2636
5458 2638
5462 2640
5466 2642
5470 2644
5474 2646
5478 2648
5482 2650
5486 2652
5490 2654
5494 2656
5498 2658
5502 2660
5506 2662
5510 2664
5514 2666
5518 2668
5522 2670
5526 2672
5530 2674
5534 2676
5538 2678
5542 2679
5546 2681
5550 2683
5554 2685
5558 2687
5562 2689
5566 2691
5570 2693
5574 2695
5578 2697
5582 2699
5586 2701
5590 2703
5594 2704
5598 2706
5602 2708
5606 2710
5610 2712
5614 2714
5618 2716
5622 2718
5626 2720
5630 2722
5634 2724
5638 2726
5642 2728
5646 2730
5650 2732
5654 2734
5658 2736
5662 2737
5666 2739
5670 2741
5674 2743
5678 2745
5682 2747
5686 2749
5690 2751
5694 2753
5698 2755
5702 2757
5706 2759
5710 2761
5714 2762
5718 2764
5722 2766
5726 2768
5730 2770
5734 2772
5738 2774
5742 2776
5746 2778
5750 2780
5754 2782
5758 2784
5762 2786
5766 2788
5770 2790
5774 2792
5778 2794
5782 2796
5786 2798
5790 2800
5794 2802
5798 2804
5802 2806
5806 2807
5810 2809
5814 2811
5818 2813
5822 2815
5826 2817
5830 2819
5834 2821
5838 2823
5842 2825
5846 2827
5850 2829
5854 2831
5858 2833
5862 2835
5866 2837
5870 2839
5874 2841
5878 2843
5882 2845
5886 2847
5890 2849
5894 2850
5898 2852
5902 2854
5906 2856
5910 2858
5914 2860
5918 2862
5922 2864
5926 2866
5930 2868
5934 2870
5938 2872
5942 2874
5946 2876
5950 2878
5954 2880
5958 2882
5962 2884
5966 2886
5970 2888
5974 2890
5978 2892
5982 2894
5986 2896
5990 2898
5994 2900
5998 2902
6002 2904
6006 2906
6010 2908
6014 2910
6018 2912
6022 2914
6026 2916
6030 2918
6034 2920
6038 2922
6042 2924
6046 2926
6050 2928
6054 2930
6058 2932
6062 2934
6066 2936
6070 2938
6074 2940
6078 2942
6082 2944
6086 2946
6090 2948
6094 2950
6098 2952
6102 2954
6106 2956
6110 2958
6114 2960
6118 2962
6122 2964
6126 2965
6130 2967
6134 2969
6138 2971
6142 2973
6146 2975
6150 2977
6154 2979
6158 2981
6162 2983
6166 2985
6170 2987
6174 2989
6178 2991
6182 2993
6186 2995
6190 2997
6194 2999
6198 3001
6202 3003
6206 3005
6210 3007
6214 3009
6218 3011
6222 3013
6226 3015
6230 3016
6234 3018
6238 3020
6242 3022
6246 3024
6250 3026
6254 3028
6258 3030
6262 3032
6266 3034
6270 3036
6274 3038
6278 3040
6282 3042
6286 3044
6290 3046
6294 3047
6298 3049
6302 3051
6306 3053
6310 3055
6314 3057
6318 3059
6322 3061
6326 3063
6330 3065
6334 3067
6338 3068
6342 3070
6346 3072
6350 3074
6354 3076
6358 3078
6362 3080
6366 3082
6370 3084
6374 3086
6378 3088
6382 3090
6386 3092
6390 3093
6394 3095
6398 3097
6402 3099
6406 3101
6410 3103
6414 3105
6418 3107
6422 3109
6426 3111
6430 3113
6434 3115
6438 3116
6442 3118
6446 3120
6450 3122
6454 3124
6458 3126
6462 3128
6466 3130
6470 3132
6474 3134
6478 3136
6482 3138
6486 3140
6490 3142
6494 3144
6498 3146
6502 3148
6506 3150
6510 3152
6514 3154
6518 3156
6522 3158
6526 3160
6530 3162
6534 3163
6538 3165
6542 3167
6546 3169
6550 3171
6554 3173
6558 3175
6562 3177
6566 3179
6570 3181
6574 3183
6578 3185
6582 3187
6586 3189
6590 3191
6594 3193
6598 3195
6602 3197
6606 3199
6610 3201
6614 3203
6618 3205
6622 3207
6626 3209
6630 3210
6634 3212
6638 3214
6642 3216
6646 3218
6650 3220
6654 3222
6658 3224
6662 3226
6666 3228
6670 3230
6674 3232
6678 3234
6682 3236
6686 3238
6690 3240
6694 3242
6698 3244
6702 3246
6706 3248
6710 3250
6714 3252
6718 3254
6722 3256
6726 3258
6730 3260
6734 3262
6738 3264
6742 3266
6746 3268
6750 3270
6754 3272
6758 3274
6762 3276
6766 3278
6770 3280
6774 3282
6778 3284
6782 3286
6786 3288
6790 3290
6794 3292
6798 3294
6802 3296
6806 3298
6810 3300
6814 3302
6818 3304
6822 3306
6826 3308
6830 3310
6834 3312
6838 3313
6842 3315
6846 3317
6850 3319
6854 3321
6858 3323
6862 3325
6866 3327
6870 3329
6874 3331
6878 3333
6882 3335
6886 3337
6890 3339
6894 3341
6898 3343
6902 3345
6906 3347
6910 3349
6914 3351
6918 3353
6922 3355
6926 3357
6930 3359
6934 3361
6938 3362
6942 3364
6946 3366
6950 3368
6954 3370
6958 3372
6962 3374
6966 3376
6970 3378
6974 3380
6978 3382
6982 3384
6986 3386
6990 3388
6994 3390
6998 3392
7002 3394
7006 3396
7010 3398
7014 3400
7018 3401
7022 3403
7026 3405
7030 3407
7034 3409
7038 3411
7042 3413
7046 3415
7050 3417
7054 3419
7058 3421
7062 3423
7066 3424
7070 3426
7074 3428
7078 3430
7082 3432
7086 3434
7090 3436
7094 3438
7098 3440
7102 3442
7106 3444
7110 3446
7114 3448
7118 3450
7122 3452
7126 3454
7130 3456
7134 3457
7138 3459
7142 3461
7146 3463
7150 3465
7154 3467
7158 3469
7162 3471
7166 3473
7170 3475
7174 3477
7178 3479
7182 3481
7186 3483
7190 3485
7194 3487
7198 3489
7202 3491
7206 3493
7210 3494
7214 3496
7218 3498
7222 3500
7226 3502
7230 3504
7234 3506
7238 3508
7242 3510
7246 3512
7250 3514
7254 3516
7258 3518
7262 3520
7266 3522
7270 3524
7274 3526
7278 3528
7282 3530
7286 3532
7290 3534
7294 3536
7298 3538
7302 3540
7306 3542
7310 3544
7314 3546
7318 3548
7322 3549
7326 3551
7330 3553
7334 3555
7338 3557
7342 3559
7346 3561
7350 3563
7354 3565
7358 3567
7362 3569
7366 3571
7370 3573
7374 3575
7378 3577
7382 3579
7386 3581
7390 3583
7394 3585
7398 3587
7402 3589
7406 3591
7410 3593
7414 3595
7418 3597
7422 3599
7426 3601
7430 3603
7434 3605
7438 3607
7442 3609
7446 3611
7450 3613
7454 3615
7458 3616
7462 3618
7466 3620
7470 3622
7474 3624
7478 3626
7482 3628
7486 3630
7490 3632
7494 3634
7498 3636
7502 3638
7506 3640
7510 3642
7514 3644
7518 3646
7522 3648
7526 3650
7530 3652
7534 3654
7538 3656
7542 3658
7546 3660
7550 3662
7554 3664
7558 3666
7562 3668
7566 3670
7570 3672
7574 3674
7578 3676
7582 3678
7586 3680
7590 3682
7594 3684
7598 3686
7602 3688
7606 3690
7610 3692
7614 3693
7618 3695
7622 3697
7626 3699
7630 3701
7634 3703
7638 3705
7642 3707
7646 3709
7650 3711
7654 3713
7658 3715
7662 3717
7666 3719
7670 3721
7674 3723
7678 3725
7682 3727
7686 3729
7690 3731
7694 3733
7698 3735
7702 3736
7706 3738
7710 3740
7714 3742
7718 3744
7722 3746
7726 3748
7730 3750
7734 3752
7738 3754
7742 3756
7746 3758
7750 3760
7754 3762
7758 3764
7762 3766
7766 3767
7770 3769
7774 3771
7778 3773
7782 3775
7786 3777
7790 3779
7794 3781
7798 3783
7802 3785
7806 3787
7810 3789
7814 3790
7818 3792
7822 3794
7826 3796
7830 3798
7834 3800
7838 3802
7842 3804
7846 3806
7850 3808
7854 3810
7858 3812
7862 3814
7866 3816
7870 3818
7874 3820
7878 3822
7882 3824
7886 3826
7890 3827
7894 3829
7898 3831
7902 3833
7906 3835
7910 3837
7914 3839
7918 3841
7922 3843
7926 3845
7930 3847
7934 3849
7938 3851
7942 3853
7946 3855
7950 3857
7954 3859
7958 3861
7962 3862
7966 3864
7970 3866
7974 3868
7978 3870
7982 3872
7986 3874
7990 3876
7994 3878
7998 3880
8002 3882
8006 3884
8010 3886
8014 3888
8018 3890
8022 3892
8026 3894
8030 3896
8034 3898
8038 3900
8042 3902
8046 3904
8050 3906
8054 3908
8058 3910
8062 3912
8066 3914
8070 3915
8074 3917
8078 3919
8082 3921
8086 3923
8090 3925
8094 3927
8098 3929
8102 3931
8106 3933
8110 3935
8114 3937
8118 3939
8122 3941
8126 3943
8130 3945
8134 3947
8138 3949
8142 3951
8146 3953
8150 3955
8154 3957
8158 3959
8162 3960
8166 3962
8170 3964
8174 3966
8178 3968
8182 3970
8186 3972
8190 3974
8194 3976
8198 3978
8202 3980
8206 3982
8210 3984
8214 3986
8218 3988
8222 3990
8226 3992
8230 3994
8234 3996
8238 3998
8242 4000
8246 4002
8250 4004
8254 4006
8258 4008
8262 4010
8266 4012
8270 4014
8274 4016
8278 4018
8282 4020
8286 4022
8290 4024
8294 4026
8298 4028
8302 4030
8306 4032
8310 4034
8314 4035
8318 4037
8322 4039
8326 4041
8330 4043
8334 4045
8338 4047
8342 4049
8346 4051
8350 4053
8354 4055
8358 4057
8362 4059
8366 4061
8370 4063
8374 4065
8378 4067
8382 4069
8386 4071
8390 4073
8394 4075
8398 4077
8402 4079
8406 4081
8410 4083
8414 4085
8418 4087
8422 4088
8426 4090
8430 4092
8434 4094
8438 4096
8442 4098
8446 4100
8450 4102
8454 4104
8458 4106
8462 4108
8466 4110
8470 4112
8474 4114
8478 4116
8482 4118
8486 4120
8490 4122
8494 4124
8498 4126
8502 4128
8506 4129
8510 4131
8514 4133
8518 4135
8522 4137
8526 4139
8530 4141
8534 4143
8538 4145
8542 4147
8546 4149
8550 4151
8554 4153
8558 4155
8562 4156
8566 4158
8570 4160
8574 4162
8578 4164
8582 4166
8586 4168
8590 4170
8594 4172
8598 4174
8602 4176
8606 4178
8610 4180
8614 4182
8618 4184
8622 4186
8626 4188
8630 4190
8634 4192
8638 4194
8642 4195
8646 4197
8650 4199
8654 4201
8658 4203
8662 4205
8666 4207
8670 4209
8674 4211
8678 4213
8682 4215
8686 4217
8690 4219
8694 4221
8698 4223
8702 4225
8706 4227
8710 4229
8714 4231
8718 4233
8722 4235
8726 4236
8730 4238
8734 4240
8738 4242
8742 4244
8746 4246
8750 4248
8754 4250
8758 4252
8762 4254
8766 4256
8770 4258
8774 4260
8778 4262
8782 4264
8786 4266
8790 4268
8794 4270
8798 4272
8802 4274
8806 4276
8810 4278
8814 4280
8818 4282
8822 4284
8826 4285
8830 4287
8834 4289
8838 4291
8842 4293
8846 4295
8850 4297
8854 4299
8858 4301
8862 4303
8866 4305
8870 4307
8874 4309
8878 4311
8882 4313
8886 4315
8890 4317
8894 4319
8898 4321
8902 4323
8906 4325
8910 4327
8914 4329
8918 4331
8922 4333
8926 4335
8930 4336
8934 4338
8938 4340
8942 4342
8946 4344
8950 4346
8954 4348
8958 4350
8962 4352
8966 4354
8970 4356
8974 4358
8978 4360
8982 4362
8986 4364
8990 4366
8994 4368
8998 4370
9002 4372
9006 4374
9010 4376
9014 4378
9018 4380
9022 4382
9026 4384
9030 4386
9034 4388
9038 4390
9042 4392
9046 4394
9050 4396
9054 4398
9058 4400
9062 4402
9066 4404
9070 4406
9074 4408
9078 4410
9082 4412
9086 4413
9090 4416
9094 4418
9098 4419
9102 4421
9106 4423
9110 4425
9114 4427
9118 4429
9122 4431
9126 4433
9130 4435
9134 4437
9138 4439
9142 4441
9146 4443
9150 4445
9154 4447
9158 4449
9162 4451
9166 4453
9170 4455
9174 4457
9178 4459
9182 4461
9186 4463
9190 4464
9194 4466
9198 4468
9202 4470
9206 4472
9210 4474
9214 4476
9218 4478
9222 4480
9226 4482
9230 4484
9234 4486
9238 4488
9242 4490
9246 4492
9250 4494
9254 4496
9258 4498
9262 4500
9266 4502
9270 4503
9274 4505
9278 4507
9282 4509
9286 4511
9290 4513
9294 4515
9298 4517
9302 4519
9306 4521
9310 4523
9314 4525
9318 4527
9322 4528
9326 4530
9330 4532
9334 4534
9338 4536
9342 4538
9346 4540
9350 4542
9354 4544
9358 4546
9362 4548
9366 4550
9370 4552
9374 4554
9378 4556
9382 4558
9386 4560
9390 4561
9394 4563
9398 4565
9402 4567
9406 4569
9410 4571
9414 4573
9418 4575
9422 4577
9426 4579
9430 4581
9434 4583
9438 4585
9442 4587
9446 4589
9450 4591
9454 4593
9458 4595
9462 4597
9466 4598
9470 4600
9474 4602
9478 4604
9482 4606
9486 4608
9490 4610
9494 4612
9498 4614
9502 4616
9506 4618
9510 4620
9514 4622
9518 4624
9522 4626
9526 4628
9530 4630
9534 4632
9538 4634
9542 4636
9546 4637
9550 4640
9554 4642
9558 4643
9562 4645
9566 4647
9570 4649
9574 4651
9578 4653
9582 4655
9586 4657
9590 4659
9594 4661
9598 4663
9602 4665
9606 4667
9610 4669
9614 4671
9618 4673
9622 4675
9626 4677
9630 4679
9634 4681
9638 4682
9642 4684
9646 4687
9650 4688
9654 4690
9658 4692
9662 4694
9666 4696
9670 4698
9674 4700
9678 4702
9682 4704
9686 4706
9690 4708
9694 4710
9698 4712
9702 4714
9706 4716
9710 4718
9714 4720
9718 4722
9722 4724
9726 4726
9730 4728
9734 4730
9738 4732
9742 4734
9746 4736
9750 4738
9754 4740
9758 4742
9762 4744
9766 4746
9770 4748
9774 4750
9778 4752
9782 4754
9786 4756
9790 4758
9794 4760
9798 4762
9802 4764
9806 4766
9810 4768
9814 4770
9818 4772
9822 4774
9826 4776
9830 4778
9834 4779
9838 4781
9842 4784
9846 4785
9850 4787
9854 4789
9858 4791
9862 4793
9866 4795
9870 4797
9874 4799
9878 4801
9882 4803
9886 4805
9890 4807
9894 4809
9898 4811
9902 4813
9906 4815
9910 4817
9914 4819
9918 4821
9922 4823
9926 4825
9930 4827
9934 4829
9938 4830
9942 4832
9946 4834
9950 4836
9954 4838
9958 4840
9962 4842
9966 4844
9970 4846
9974 4848
9978 4850
9982 4852
9986 4854
9990 4856
9994 4858
9998 4860
10002 4862
10006 4863
10010 4865
10014 4867
10018 4869
10022 4871
10026 4873
10030 4875
10034 4877
10038 4879
10042 4881
10046 4883
10050 4885
10054 4886
10058 4888
10062 4890
10066 4892
10070 4894
10074 4896
10078 4898
10082 4900
10086 4902
10090 4904
10094 4906
10098 4908
10102 4910
10106 4912
10110 4914
10114 4916
10118 4918
10122 4920
10126 4921
10130 4923
10134 4925
10138 4927
10142 4929
10146 4931
10150 4933
10154 4935
10158 4937
10162 4939
10166 4941
10170 4943
10174 4945
10178 4947
10182 4949
10186 4951
10190 4953
10194 4955
10198 4956
10202 4958
10206 4960
10210 4962
10214 4964
10218 4966
10222 4968
10226 4970
10230 4972
10234 4974
10238 4976
10242 4978
10246 4980
10250 4982
10254 4984
10258 4986
10262 4988
10266 4990
10270 4992
10274 4994
10278 4996
10282 4998
10286 5000
10290 5002
10294 5003
10298 5005
10302 5007
10306 5009
10310 5011
10314 5013
10318 5015
10322 5017
10326 5019
10330 5021
10334 5023
10338 5025
10342 5027
10346 5029
10350 5031
10354 5033
10358 5035
10362 5037
10366 5039
10370 5041
10374 5043
10378 5045
10382 5047
10386 5049
10390 5051
10394 5053
10398 5055
10402 5057
10406 5059
10410 5061
10414 5062
10418 5064
10422 5066
10426 5068
10430 5070
10434 5072
10438 5074
10442 5076
10446 5078
10450 5080
10454 5082
10458 5084
10462 5086
10466 5088
10470 5090
10474 5092
10478 5094
10482 5096
10486 5098
10490 5100
10494 5102
10498 5104
10502 5106
10506 5108
10510 5110
10514 5112
10518 5114
10522 5116
10526 5118
10530 5120
10534 5122
10538 5124
10542 5126
10546 5128
10550 5130
10554 5132
10558 5134
10562 5136
10566 5138
10570 5140
10574 5142
10578 5144
10582 5146
10586 5148
10590 5150
10594 5152
10598 5154
10602 5156
10606 5158
10610 5160
10614 5162
10618 5164
10622 5166
10626 5168
10630 5169
10634 5171
10638 5173
10642 5175
10646 5177
10650 5179
10654 5181
10658 5183
10662 5185
10666 5187
10670 5189
10674 5191
10678 5193
10682 5195
10686 5197
10690 5199
10694 5201
10698 5202
10702 5204
10706 5206
10710 5208
10714 5210
10718 5212
10722 5214
10726 5216
10730 5218
10734 5220
10738 5222
10742 5224
10746 5226
10750 5228
10754 5229
10758 5231
10762 5233
10766 5235
10770 5237
10774 5239
10778 5241
10782 5243
10786 5245
10790 5247
10794 5249
10798 5251
10802 5253
10806 5254
10810 5256
10814 5258
10818 5260
10822 5262
10826 5264
10830 5266
10834 5268
10838 5270
10842 5272
10846 5274
10850 5276
10854 5278
10858 5280
10862 5282
10866 5284
10870 5286
10874 5288
10878 5290
10882 5292
10886 5294
10890 5295
10894 5297
10898 5299
10902 5301
10906 5303
10910 5305
10914 5307
10918 5309
10922 5311
10926 5313
10930 5315
10934 5317
10938 5319
10942 5321
10946 5323
10950 5325
10954 5327
10958 5328
10962 5331
10966 5332
10970 5334
10974 5336
10978 5338
10982 5340
10986 5342
10990 5344
10994 5346
10998 5348
11002 5350
11006 5352
11010 5354
11014 5356
11018 5358
11022 5360
11026 5362
11030 5364
11034 5366
11038 5368
11042 5370
11046 5372
11050 5374
11054 5376
11058 5378
11062 5380
11066 5382
11070 5384
11074 5386
11078 5388
11082 5390
11086 5392
11090 5393
11094 5395
11098 5397
11102 5399
11106 5401
11110 5403
11114 5405
11118 5407
11122 5409
11126 5411
11130 5413
11134 5415
11138 5417
11142 5419
11146 5421
11150 5423
11154 5425
11158 5427
11162 5429
11166 5431
11170 5433
11174 5435
11178 5437
11182 5439
11186 5441
11190 5443
11194 5445
11198 5447
11202 5449
11206 5451
11210 5453
11214 5455
11218 5457
11222 5459
11226 5461
11230 5463
11234 5465
11238 5467
11242 5469
11246 5471
11250 5473
11254 5475
11258 5477
11262 5479
11266 5481
11270 5483
11274 5485
11278 5487
11282 5488
11286 5490
11290 5492
11294 5494
11298 5496
11302 5498
11306 5500
11310 5502
11314 5504
11318 5506
11322 5508
11326 5510
11330 5512
11334 5514
11338 5516
11342 5518
11346 5520
11350 5522
11354 5524
11358 5526
11362 5528
11366 5530
11370 5532
11374 5534
11378 5536
11382 5538
11386 5540
11390 5542
11394 5543
11398 5545
11402 5547
11406 5549
11410 5551
11414 5553
11418 5555
11422 5557
11426 5559
11430 5561
11434 5563
11438 5565
11442 5566
11446 5568
11450 5570
11454 5572
11458 5574
11462 5576
11466 5578
11470 5580
11474 5582
11478 5584
11482 5586
11486 5588
11490 5590
11494 5592
11498 5593
11502 5595
11506 5597
11510 5599
11514 5601
11518 5603
11522 5605
11526 5607
11530 5609
11534 5611
11538 5613
11542 5614
11546 5617
11550 5618
11554 5620
11558 5622
11562 5624
11566 5626
11570 5628
11574 5630
11578 5632
11582 5634
11586 5636
11590 5638
11594 5640
11598 5642
11602 5644
11606 5646
11610 5648
11614 5650
11618 5652
11622 5654
11626 5656
11630 5657
11634 5659
11638 5661
11642 5663
11646 5665
11650 5667
11654 5669
11658 5671
11662 5673
11666 5675
11670 5677
11674 5679
11678 5681
11682 5683
11686 5685
11690 5687
11694 5689
11698 5691
11702 5693
11706 5695
11710 5697
11714 5699
11718 5700
11722 5702
11726 5704
11730 5706
11734 5708
11738 5710
11742 5712
11746 5714
11750 5716
11754 5718
11758 5720
11762 5722
11766 5724
11770 5726
11774 5728
11778 5730
11782 5732
11786 5734
11790 5736
11794 5738
11798 5740
11802 5742
11806 5744
11810 5746
11814 5748
11818 5750
11822 5752
11826 5754
11830 5756
11834 5758
11838 5760
11842 5762
11846 5764
11850 5766
11854 5768
11858 5770
11862 5772
11866 5774
11870 5775
11874 5777
11878 5779
11882 5781
11886 5783
11890 5785
11894 5787
11898 5789
11902 5791
11906 5793
11910 5795
11914 5797
11918 5799
11922 5801
11926 5803
11930 5805
11934 5807
11938 5809
11942 5811
11946 5813
11950 5815
11954 5817
11958 5819
11962 5821
11966 5823
11970 5825
11974 5827
11978 5829
11982 5831
11986 5833
11990 5835
11994 5837
11998 5839
12002 5841
12006 5843
12010 5845
12014 5847
12018 5849
12022 5850
12026 5852
12030 5854
12034 5856
12038 5858
12042 5860
12046 5862
12050 5864
12054 5866
12058 5868
12062 5870
12066 5872
12070 5874
12074 5876
12078 5878
12082 5880
12086 5882
12090 5884
12094 5886
12098 5888
12102 5890
12106 5892
12110 5894
12114 5896
12118 5898
12122 5899
12126 5901
12130 5903
12134 5905
12138 5907
12142 5909
12146 5911
12150 5913
12154 5915
12158 5917
12162 5919
12166 5921
12170 5923
12174 5925
12178 5926
12182 5928
12186 5930
12190 5932
12194 5934
12198 5936
12202 5938
12206 5940
12210 5942
12214 5944
12218 5946
12222 5948
12226 5950
12230 5952
12234 5954
12238 5955
12242 5957
12246 5959
12250 5961
12254 5963
12258 5965
12262 5967
12266 5969
12270 5971
12274 5973
12278 5975
12282 5977
12286 5979
12290 5980
12294 5983
12298 5984
12302 5986
12306 5988
12310 5990
12314 5992
12318 5994
12322 5996
12326 5998
12330 6000
12334 6002
12338 6004
12342 6006
12346 6008
12350 6010
12354 6012
12358 6014
12362 6016
12366 6018
12370 6020
12374 6022
12378 6024
12382 6025
12386 6027
12390 6029
12394 6031
12398 6033
12402 6035
12406 6037
12410 6039
12414 6041
12418 6043
12422 6045
12426 6047
12430 6049
12434 6051
12438 6053
12442 6055
12446 6057
12450 6059
12454 6061
12458 6063
12462 6065
12466 6067
12470 6069
12474 6070
12478 6072
12482 6074
12486 6076
12490 6078
12494 6080
12498 6082
12502 6084
12506 6086
12510 6088
12514 6090
12518 6092
12522 6094
12526 6096
12530 6098
12534 6100
12538 6102
12542 6104
12546 6106
12550 6108
12554 6110
12558 6112
12562 6114
12566 6116
12570 6118
12574 6120
12578 6122
12582 6124
12586 6126
12590 6128
12594 6130
12598 6132
12602 6134
12606 6136
12610 6138
12614 6140
12618 6142
12622 6144
12626 6145
12630 6148
12634 6150
12638 6151
12642 6153
12646 6155
12650 6157
12654 6159
12658 6161
12662 6163
12666 6165
12670 6167
12674 6169
12678 6171
12682 6173
12686 6175
12690 6177
12694 6179
12698 6181
12702 6183
12706 6185
12710 6187
12714 6189
12718 6191
12722 6193
12726 6195
12730 6197
12734 6199
12738 6201
12742 6203
12746 6205
12750 6207
12754 6209
12758 6210
12762 6212
12766 6214
12770 6216
12774 6218
12778 6220
12782 6222
12786 6224
12790 6226
12794 6228
12798 6230
12802 6232
12806 6234
12810 6236
12814 6238
12818 6240
12822 6242
12826 6244
12830 6246
12834 6248
12838 6250
12842 6252
12846 6254
12850 6256
12854 6258
12858 6260
12862 6261
12866 6263
12870 6265
12874 6267
12878 6269
12882 6271
12886 6273
12890 6275
12894 6277
12898 6279
12902 6281
12906 6283
12910 6285
12914 6287
12918 6288
12922 6290
12926 6292
12930 6294
12934 6296
12938 6298
12942 6300
12946 6302
12950 6304
12954 6306
12958 6308
12962 6310
12966 6312
12970 6314
12974 6316
12978 6317
12982 6319
12986 6321
12990 6323
12994 6325
12998 6327
13002 6329
13006 6331
13010 6333
13014 6335
13018 6337
13022 6339
13026 6341
13030 6343
13034 6345
13038 6346
13042 6348
13046 6350
13050 6352
13054 6354
13058 6356
13062 6358
13066 6360
13070 6362
13074 6364
13078 6366
13082 6368
13086 6370
13090 6372
13094 6374
13098 6376
13102 6378
13106 6380
13110 6382
13114 6384
13118 6386
13122 6388
13126 6390
13130 6392
13134 6394
13138 6396
13142 6398
13146 6399
13150 6401
13154 6403
13158 6405
13162 6407
13166 6409
13170 6411
13174 6413
13178 6415
13182 6417
13186 6419
13190 6421
13194 6423
13198 6425
13202 6427
13206 6429
13210 6431
13214 6433
13218 6434
13222 6436
13226 6438
13230 6440
13234 6442
13238 6444
13242 6446
13246 6448
13250 6450
13254 6452
13258 6454
13262 6456
13266 6458
13270 6460
13274 6462
13278 6464
13282 6466
13286 6468
13290 6470
13294 6472
13298 6474
13302 6476
13306 6478
13310 6480
13314 6482
13318 6484
13322 6486
13326 6488
13330 6490
13334 6492
13338 6494
13342 6495
13346 6497
13350 6499
13354 6501
13358 6503
13362 6505
13366 6507
13370 6509
13374 6511
13378 6513
13382 6515
13386 6517
13390 6519
13394 6521
13398 6523
13402 6525
13406 6527
13410 6529
13414 6531
13418 6533
13422 6535
13426 6537
13430 6539
13434 6541
13438 6543
13442 6545
13446 6547
13450 6548
13454 6550
13458 6553
13462 6554
13466 6556
13470 6558
13474 6560
13478 6562
13482 6564
13486 6566
13490 6568
13494 6570
13498 6572
13502 6574
13506 6576
13510 6578
13514 6580
13518 6582
13522 6584
13526 6586
13530 6588
13534 6590
13538 6592
13542 6594
13546 6596
13550 6598
13554 6600
13558 6602
13562 6604
13566 6606
13570 6608
13574 6610
13578 6612
13582 6614
13586 6616
13590 6618
13594 6619
13598 6621
13602 6623
13606 6625
13610 6627
13614 6629
13618 6631
13622 6633
13626 6635
13630 6637
13634 6639
13638 6641
13642 6643
13646 6645
13650 6647
13654 6649
13658 6650
13662 6652
13666 6654
13670 6656
13674 6658
13678 6660
13682 6662
13686 6664
13690 6666
13694 6668
13698 6670
13702 6672
13706 6674
13710 6676
13714 6678
13718 6680
13722 6682
13726 6684
13730 6685
13734 6687
13738 6689
13742 6691
13746 6693
13750 6695
13754 6697
13758 6699
13762 6701
13766 6703
13770 6705
13774 6707
13778 6709
13782 6711
13786 6713
13790 6715
13794 6716
13798 6718
13802 6720
13806 6722
13810 6724
13814 6726
13818 6728
13822 6730
13826 6732
13830 6734
13834 6736
13838 6738
13842 6740
13846 6742
13850 6744
13854 6746
13858 6748
13862 6750
13866 6752
13870 6754
13874 6756
13878 6758
13882 6760
13886 6761
13890 6763
13894 6765
13898 6767
13902 6769
13906 6771
13910 6773
13914 6775
13918 6777
13922 6779
13926 6781
13930 6783
13934 6785
13938 6787
13942 6789
13946 6791
13950 6793
13954 6795
13958 6796
13962 6798
13966 6800
13970 6802
13974 6804
13978 6806
13982 6808
13986 6810
13990 6812
13994 6814
13998 6816
14002 6818
14006 6820
14010 6822
14014 6824
14018 6826
14022 6828
14026 6830
14030 6832
14034 6834
14038 6836
14042 6838
14046 6840
14050 6842
14054 6844
14058 6846
14062 6848
14066 6850
14070 6852
14074 6854
14078 6856
14082 6858
14086 6859
14090 6861
14094 6863
14098 6865
14102 6867
14106 6869
14110 6871
14114 6873
14118 6875
14122 6877
14126 6879
14130 6881
14134 6883
14138 6885
14142 6887
14146 6889
14150 6891
14154 6893
14158 6895
14162 6897
14166 6899
14170 6901
14174 6903
14178 6905
14182 6907
14186 6909
14190 6911
14194 6913
14198 6915
14202 6917
14206 6919
14210 6921
14214 6923
14218 6925
14222 6927
14226 6929
14230 6930
14234 6932
14238 6934
14242 6936
14246 6938
14250 6940
14254 6942
14258 6944
14262 6946
14266 6948
14270 6950
14274 6952
14278 6954
14282 6956
14286 6958
14290 6960
14294 6962
14298 6964
14302 6966
14306 6968
14310 6970
14314 6972
14318 6974
14322 6976
14326 6978
14330 6980
14334 6982
14338 6984
14342 6986
14346 6988
14350 6990
14354 6992
14358 6993
14362 6995
14366 6997
14370 6999
14374 7001
14378 7003
14382 7005
14386 7007
14390 7009
14394 7011
14398 7013
14402 7015
14406 7017
14410 7019
14414 7020
14418 7022
14422 7024
14426 7026
14430 7028
14434 7030
14438 7032
14442 7034
14446 7036
14450 7038
14454 7040
14458 7042
14462 7044
14466 7046
14470 7047
14474 7049
14478 7051
14482 7053
14486 7055
14490 7057
14494 7059
14498 7061
14502 7063
14506 7065
14510 7067
14514 7069
14518 7071
14522 7073
14526 7074
14530 7076
14534 7078
14538 7080
14542 7082
14546 7084
14550 7086
14554 7088
14558 7090
14562 7092
14566 7094
14570 7096
14574 7098
14578 7100
14582 7102
14586 7104
14590 7106
14594 7108
14598 7110
14602 7112
14606 7113
14610 7115
14614 7117
14618 7119
14622 7121
14626 7123
14630 7125
14634 7127
14638 7129
14642 7131
14646 7133
14650 7135
14654 7137
14658 7139
14662 7141
14666 7142
14670 7144
14674 7146
14678 7148
14682 7150
14686 7152
14690 7154
14694 7156
14698 7158
14702 7160
14706 7162
14710 7164
14714 7166
14718 7168
14722 7170
14726 7172
14730 7174
14734 7176
14738 7178
14742 7180
14746 7182
14750 7184
14754 7186
14758 7188
14762 7190
14766 7192
14770 7194
14774 7195
14778 7197
14782 7199
14786 7201
14790 7203
14794 7205
14798 7207
14802 7209
14806 7211
14810 7213
14814 7215
14818 7217
14822 7219
14826 7221
14830 7223
14834 7225
14838 7227
14842 7229
14846 7231
14850 7233
14854 7235
14858 7237
14862 7239
14866 7241
14870 7243
14874 7245
14878 7247
14882 7249
14886 7251
14890 7253
14894 7255
14898 7257
14902 7259
14906 7261
14910 7263
14914 7265
14918 7267
14922 7269
14926 7270
14930 7273
14934 7274
14938 7276
14942 7278
14946 7281
14950 7283
14954 7284
14958 7286
14962 7288
14966 7290
14970 7292
14974 7294
14978 7296
14982 7298
14986 7300
14990 7302
14994 7304
14998 7306
15002 7308
15006 7310
15010 7312
15014 7314
15018 7316
15022 7318
15026 7320
15030 7322
15034 7324
15038 7326
15042 7328
15046 7330
15050 7332
15054 7334
15058 7336
15062 7338
15066 7340
15070 7342
15074 7344
15078 7345
15082 7347
15086 7349
15090 7351
15094 7353
15098 7355
15102 7357
15106 7359
15110 7361
15114 7363
15118 7365
15122 7367
15126 7369
15130 7371
15134 7373
15138 7374
15142 7376
15146 7378
15150 7380
15154 7382
15158 7384
15162 7386
15166 7388
15170 7390
15174 7392
15178 7394
15182 7396
15186 7398
15190 7400
15194 7402
15198 7403
15202 7405
15206 7407
15210 7409
15214 7411
15218 7413
15222 7415
15226 7417
15230 7419
15234 7421
15238 7423
15242 7425
15246 7427
15250 7428
15254 7430
15258 7432
15262 7434
15266 7436
15270 7438
15274 7440
15278 7442
15282 7444
15286 7446
15290 7448
15294 7450
15298 7452
15302 7454
15306 7456
15310 7458
15314 7460
15318 7462
15322 7464
15326 7465
15330 7467
15334 7469
15338 7471
15342 7473
15346 7475
15350 7477
15354 7479
15358 7481
15362 7483
15366 7485
15370 7487
15374 7489
15378 7491
15382 7493
15386 7495
15390 7497
15394 7499
15398 7501
15402 7502
15406 7504
15410 7506
15414 7508
15418 7510
15422 7512
15426 7514
15430 7516
15434 7518
15438 7520
15442 7522
15446 7524
15450 7526
15454 7528
15458 7530
15462 7532
15466 7534
15470 7536
15474 7538
15478 7540
15482 7542
15486 7544
15490 7546
15494 7548
15498 7550
15502 7552
15506 7554
15510 7556
15514 7558
15518 7560
15522 7561
15526 7563
15530 7566
15534 7568
15538 7569
15542 7571
15546 7574
15550 7575
15554 7577
15558 7579
15562 7581
15566 7583
15570 7585
15574 7587
15578 7589
15582 7591
15586 7593
15590 7595
15594 7597
15598 7599
15602 7601
15606 7603
15610 7605
15614 7607
15618 7609
15622 7611
15626 7613
15630 7615
15634 7617
15638 7619
15642 7621
15646 7623
15650 7625
15654 7627
15658 7629
15662 7631
15666 7633
15670 7635
15674 7637
15678 7639
15682 7641
15686 7643
15690 7645
15694 7647
15698 7649
15702 7651
15706 7653
15710 7655
15714 7657
15718 7658
15722 7660
15726 7662
15730 7664
15734 7666
15738 7668
15742 7670
15746 7672
15750 7674
15754 7676
15758 7678
15762 7680
15766 7682
15770 7684
15774 7686
15778 7688
15782 7690
15786 7692
15790 7694
15794 7696
15798 7698
15802 7700
15806 7702
15810 7704
15814 7706
15818 7708
15822 7710
15826 7712
15830 7713
15834 7715
15838 7717
15842 7719
15846 7721
15850 7723
15854 7725
15858 7727
15862 7729
15866 7731
15870 7732
15874 7734
15878 7736
15882 7738
15886 7740
15890 7742
15894 7744
15898 7746
15902 7748
15906 7750
15910 7752
15914 7754
15918 7756
15922 7758
15926 7759
15930 7761
15934 7763
15938 7765
15942 7767
15946 7769
15950 7771
15954 7773
15958 7775
15962 7777
15966 7779
15970 7780
15974 7782
15978 7784
15982 7786
15986 7788
15990 7790
15994 7792
15998 7794
16002 7796
16006 7798
16010 7800
16014 7802
16018 7804
16022 7806
16026 7808
16030 7810
16034 7812
16038 7814
16042 7816
16046 7817
16050 7819
16054 7821
16058 7823
16062 7825
16066 7827
16070 7829
16074 7831
16078 7833
16082 7835
16086 7837
16090 7839
16094 7841
16098 7843
16102 7845
16106 7847
16110 7849
16114 7851
16118 7852
16122 7854
16126 7856
16130 7858
16134 7860
16138 7862
16142 7864
16146 7866
16150 7868
16154 7870
16158 7872
16162 7874
16166 7876
16170 7878
16174 7880
16178 7882
16182 7884
16186 7886
16190 7888
16194 7890
16198 7892
16202 7894
16206 7896
16210 7898
16214 7900
16218 7902
16222 7904
16226 7906
16230 7908
16234 7910
16238 7912
16242 7914
16246 7916
16250 7918
16254 7920
16258 7921
16262 7923
16266 7925
16270 7927
16274 7929
16278 7931
16282 7933
16286 7935
16290 7937
16294 7939
16298 7941
16302 7943
16306 7945
16310 7947
16314 7949
16318 7951
16322 7953
16326 7955
16330 7957
16334 7959
16338 7961
16342 7963
16346 7965
16350 7967
16354 7969
16358 7971
16362 7973
16366 7975
16370 7977
16374 7979
16378 7981
16382 7983
16386 7985
16390 7987
16394 7989
16398 7991
16402 7993
16406 7995
16410 7997
16414 7999
16418 8001
16422 8003
16426 8005
16430 8007
16434 8009
16438 8010
16442 8012
16446 8014
16450 8016
16454 8018
16458 8020
16462 8022
16466 8024
16470 8026
16474 8028
16478 8030
16482 8032
16486 8034
16490 8036
16494 8038
16498 8040
16502 8042
16506 8044
16510 8046
16514 8048
16518 8050
16522 8052
16526 8054
16530 8056
16534 8058
16538 8060
16542 8061
16546 8063
16550 8065
16554 8067
16558 8069
16562 8071
16566 8073
16570 8075
16574 8077
16578 8079
16582 8081
16586 8083
16590 8085
16594 8086
16598 8088
16602 8090
16606 8092
16610 8094
16614 8096
16618 8098
16622 8100
16626 8102
16630 8104
16634 8106
16638 8108
16642 8110
16646 8112
16650 8114
16654 8116
16658 8117
16662 8119
16666 8121
16670 8123
16674 8125
16678 8127
16682 8129
16686 8131
16690 8133
16694 8135
16698 8137
16702 8139
16706 8141
16710 8143
16714 8145
16718 8146
16722 8148
16726 8150
16730 8152
16734 8154
16738 8156
16742 8158
16746 8160
16750 8162
16754 8164
16758 8166
16762 8168
16766 8170
16770 8172
16774 8174
16778 8176
16782 8178
16786 8180
16790 8182
16794 8184
16798 8186
16802 8188
16806 8190
16810 8192
16814 8194
16818 8196
16822 8198
16826 8199
16830 8201
16834 8203
16838 8205
16842 8207
16846 8209
16850 8211
16854 8213
16858 8215
16862 8217
16866 8219
16870 8221
16874 8223
16878 8225
16882 8227
16886 8229
16890 8231
16894 8233
16898 8235
16902 8237
16906 8239
16910 8241
16914 8243
16918 8244
16922 8247
16926 8248
16930 8250
16934 8252
16938 8254
16942 8256
16946 8258
16950 8260
16954 8262
16958 8264
16962 8266
16966 8268
16970 8270
16974 8272
16978 8274
16982 8276
16986 8278
16990 8280
16994 8282
16998 8284
17002 8286
17006 8288
17010 8290
17014 8292
17018 8294
17022 8296
17026 8298
17030 8300
17034 8302
17038 8304
17042 8306
17046 8308
17050 8310
17054 8312
17058 8314
17062 8316
17066 8318
17070 8320
17074 8322
17078 8324
17082 8326
17086 8328
17090 8330
17094 8332
17098 8334
17102 8336
17106 8338
17110 8340
17114 8341
17118 8343
17122 8345
17126 8347
17130 8349
17134 8351
17138 8353
17142 8355
17146 8357
17150 8359
17154 8361
17158 8363
17162 8365
17166 8367
17170 8369
17174 8371
17178 8373
17182 8375
17186 8377
17190 8379
17194 8381
17198 8383
17202 8385
17206 8387
17210 8389
17214 8390
17218 8392
17222 8394
17226 8396
17230 8398
17234 8400
17238 8402
17242 8404
17246 8406
17250 8408
17254 8410
17258 8412
17262 8414
17266 8416
17270 8418
17274 8420
17278 8422
17282 8424
17286 8426
17290 8428
17294 8430
17298 8431
17302 8433
17306 8435
17310 8437
17314 8439
17318 8441
17322 8443
17326 8445
17330 8447
17334 8449
17338 8451
17342 8453
17346 8454
17350 8456
17354 8458
17358 8460
17362 8462
17366 8464
17370 8466
17374 8468
17378 8470
17382 8472
17386 8474
17390 8476
17394 8478
17398 8480
17402 8482
17406 8483
17410 8485
17414 8487
17418 8489
17422 8491
17426 8493
17430 8495
17434 8497
17438 8499
17442 8501
17446 8503
17450 8505
17454 8507
17458 8509
17462 8510
17466 8512
17470 8514
17474 8516
17478 8518
17482 8520
17486 8522
17490 8524
17494 8526
17498 8528
17502 8530
17506 8532
17510 8534
17514 8536
17518 8538
17522 8540
17526 8542
17530 8544
17534 8546
17538 8548
17542 8550
17546 8552
17550 8554
17554 8556
17558 8558
17562 8559
17566 8561
17570 8563
17574 8565
17578 8567
17582 8569
17586 8571
17590 8573
17594 8575
17598 8577
17602 8579
17606 8581
17610 8583
17614 8585
17618 8587
17622 8589
17626 8591
17630 8593
17634 8595
17638 8597
17642 8598
17646 8601
17650 8602
17654 8604
17658 8606
17662 8608
17666 8610
17670 8612
17674 8614
17678 8616
17682 8618
17686 8620
17690 8622
17694 8624
17698 8626
17702 8628
17706 8630
17710 8632
17714 8634
17718 8636
17722 8638
17726 8640
17730 8642
17734 8644
17738 8646
17742 8648
17746 8650
17750 8652
17754 8654
17758 8656
17762 8658
17766 8660
17770 8662
17774 8664
17778 8665
17782 8667
17786 8669
17790 8671
17794 8673
17798 8675
17802 8677
17806 8679
17810 8681
17814 8683
17818 8685
17822 8687
17826 8689
17830 8691
17834 8693
17838 8695
17842 8697
17846 8699
17850 8701
17854 8703
17858 8705
17862 8707
17866 8709
17870 8711
17874 8713
17878 8715
17882 8717
17886 8719
17890 8721
17894 8723
17898 8725
17902 8726
17906 8728
17910 8730
17914 8732
17918 8734
17922 8736
17926 8738
17930 8740
17934 8742
17938 8744
17942 8746
17946 8748
17950 8750
17954 8752
17958 8754
17962 8756
17966 8758
17970 8760
17974 8762
17978 8764
17982 8766
17986 8768
17990 8770
17994 8772
17998 8774
18002 8776
18006 8778
18010 8779
18014 8781
18018 8783
18022 8785
18026 8787
18030 8789
18034 8791
18038 8793
18042 8795
18046 8797
18050 8799
18054 8801
18058 8803
18062 8805
18066 8807
18070 8808
18074 8810
18078 8812
18082 8814
18086 8816
18090 8818
18094 8820
18098 8822
18102 8824
18106 8826
18110 8828
18114 8830
18118 8832
18122 8834
18126 8836
18130 8838
18134 8840
18138 8842
18142 8844
18146 8845
18150 8847
18154 8849
18158 8851
18162 8853
18166 8855
18170 8857
18174 8859
18178 8861
18182 8863
18186 8865
18190 8867
18194 8869
18198 8871
18202 8873
18206 8875
18210 8876
18214 8878
18218 8880
18222 8882
18226 8884
18230 8886
18234 8888
18238 8890
18242 8892
18246 8894
18250 8896
18254 8898
18258 8900
18262 8902
18266 8904
18270 8906
18274 8908
18278 8910
18282 8912
18286 8914
18290 8916
18294 8918
18298 8920
18302 8922
18306 8924
18310 8926
18314 8928
18318 8929
18322 8931
18326 8933
18330 8935
18334 8937
18338 8939
18342 8941
18346 8943
18350 8945
18354 8947
18358 8949
18362 8951
18366 8953
18370 8955
18374 8957
18378 8959
18382 8961
18386 8963
18390 8965
18394 8967
18398 8969
18402 8970
18406 8972
18410 8974
18414 8976
18418 8978
18422 8980
18426 8982
18430 8984
18434 8986
18438 8988
18442 8990
18446 8992
18450 8994
18454 8996
18458 8998
18462 9000
18466 9002
18470 9004
18474 9006
18478 9008
18482 9010
18486 9012
18490 9014
18494 9016
18498 9018
18502 9020
18506 9022
18510 9024
18514 9026
18518 9028
18522 9030
18526 9032
18530 9034
18534 9036
18538 9038
18542 9040
18546 9041
18550 9043
18554 9045
18558 9047
18562 9049
18566 9051
18570 9053
18574 9055
18578 9057
18582 9059
18586 9061
18590 9063
18594 9065
18598 9067
18602 9069
18606 9071
18610 9073
18614 9075
18618 9077
18622 9079
18626 9081
18630 9083
18634 9085
18638 9087
18642 9089
18646 9091
18650 9093
18654 9095
18658 9097
18662 9099
18666 9100
18670 9102
18674 9105
18678 9106
18682 9108
18686 9110
18690 9112
18694 9114
18698 9116
18702 9118
18706 9120
18710 9122
18714 9124
18718 9126
18722 9128
18726 9130
18730 9132
18734 9134
18738 9136
18742 9138
18746 9140
18750 9142
18754 9144
18758 9146
18762 9148
18766 9150
18770 9152
18774 9154
18778 9156
18782 9157
18786 9159
18790 9161
18794 9163
18798 9165
18802 9167
18806 9169
18810 9171
18814 9173
18818 9175
18822 9177
18826 9179
18830 9181
18834 9182
18838 9184
18842 9186
18846 9188
18850 9190
18854 9192
18858 9194
18862 9196
18866 9198
18870 9200
18874 9202
18878 9204
18882 9206
18886 9208
18890 9210
18894 9212
18898 9213
18902 9215
18906 9217
18910 9219
18914 9221
18918 9223
18922 9225
18926 9227
18930 9229
18934 9231
18938 9233
18942 9235
18946 9237
18950 9239
18954 9241
18958 9242
18962 9244
18966 9246
18970 9248
18974 9250
18978 9252
18982 9254
18986 9256
18990 9258
18994 9260
18998 9262
19002 9264
19006 9266
19010 9268
19014 9270
19018 9272
19022 9274
19026 9276
19030 9278
19034 9280
19038 9282
19042 9284
19046 9286
19050 9287
19054 9289
19058 9291
19062 9293
19066 9295
19070 9297
19074 9299
19078 9301
19082 9303
19086 9305
19090 9307
19094 9309
19098 9311
19102 9313
19106 9315
19110 9317
19114 9319
19118 9321
19122 9323
19126 9324
19130 9326
19134 9328
19138 9330
19142 9332
19146 9334
19150 9336
19154 9338
19158 9340
19162 9342
19166 9344
19170 9346
19174 9348
19178 9350
19182 9352
19186 9354
19190 9356
19194 9358
19198 9360
19202 9362
19206 9364
19210 9366
19214 9368
19218 9370
19222 9372
19226 9374
19230 9376
19234 9378
19238 9380
19242 9381
19246 9383
19250 9385
19254 9387
19258 9389
19262 9391
19266 9393
19270 9395
19274 9397
19278 9399
19282 9401
19286 9403
19290 9405
19294 9407
19298 9409
19302 9411
19306 9413
19310 9415
19314 9417
19318 9419
19322 9421
19326 9423
19330 9425
19334 9427
19338 9429
19342 9431
19346 9433
19350 9435
19354 9437
19358 9439
19362 9441
19366 9443
19370 9445
19374 9447
19378 9449
19382 9451
19386 9453
19390 9455
19394 9457
19398 9458
19402 9460
19406 9462
19410 9464
19414 9466
19418 9468
19422 9470
19426 9472
19430 9474
19434 9476
19438 9478
19442 9480
19446 9482
19450 9484
19454 9486
19458 9488
19462 9490
19466 9492
19470 9494
19474 9496
19478 9498
19482 9500
19486 9502
19490 9504
19494 9506
19498 9508
19502 9510
19506 9512
19510 9514
19514 9515
19518 9517
19522 9519
19526 9521
19530 9523
19534 9525
19538 9527
19542 9529
19546 9531
19550 9533
19554 9535
19558 9537
19562 9539
19566 9540
19570 9542
19574 9544
19578 9546
19582 9548
19586 9550
19590 9552
19594 9554
19598 9556
19602 9558
19606 9560
19610 9562
19614 9564
19618 9566
19622 9568
19626 9570
19630 9571
19634 9573
19638 9575
19642 9577
19646 9579
19650 9581
19654 9583
19658 9585
19662 9587
19666 9589
19670 9591
19674 9593
19678 9595
19682 9596
19686 9598
19690 9600
19694 9602
19698 9604
19702 9606
19706 9608
19710 9610
19714 9612
19718 9614
19722 9616
19726 9618
19730 9620
19734 9622
19738 9624
19742 9626
19746 9628
19750 9630
19754 9632
19758 9634
19762 9636
19766 9638
19770 9639
19774 9641
19778 9643
19782 9645
19786 9647
19790 9649
19794 9651
19798 9653
19802 9655
19806 9657
19810 9659
19814 9661
19818 9663
19822 9665
19826 9667
19830 9669
19834 9670
19838 9672
19842 9674
19846 9676
19850 9678
19854 9680
19858 9682
19862 9684
19866 9686
19870 9688
19874 9690
19878 9692
19882 9694
19886 9696
19890 9698
19894 9700
19898 9702
19902 9704
19906 9706
19910 9708
19914 9710
19918 9712
19922 9714
19926 9716
19930 9718
19934 9720
19938 9722
19942 9724
19946 9726
19950 9728
19954 9730
19958 9732
19962 9734
19966 9736
19970 9737
19974 9739
19978 9741
19982 9743
19986 9745
19990 9747
19994 9749
19998 9751
20002 9753
20006 9755
20010 9757
20014 9759
20018 9761
20022 9763
20026 9765
20030 9767
20034 9769
20038 9771
20042 9773
20046 9775
20050 9777
20054 9779
20058 9781
20062 9783
20066 9785
20070 9787
20074 9789
20078 9791
20082 9793
20086 9795
20090 9797
20094 9799
20098 9801
20102 9803
20106 9805
20110 9807
20114 9809
20118 9811
20122 9813
20126 9815
20130 9817
20134 9818
20138 9820
20142 9822
20146 9825
20150 9826
20154 9828
20158 9830
20162 9832
20166 9834
20170 9836
20174 9838
20178 9840
20182 9842
20186 9844
20190 9846
20194 9848
20198 9850
20202 9852
20206 9854
20210 9856
20214 9858
20218 9860
20222 9862
20226 9864
20230 9866
20234 9868
20238 9870
20242 9872
20246 9873
20250 9875
20254 9877
20258 9879
20262 9881
20266 9883
20270 9885
20274 9887
20278 9889
20282 9891
20286 9893
20290 9895
20294 9897
20298 9899
20302 9900
20306 9902
20310 9904
20314 9906
20318 9908
20322 9910
20326 9912
20330 9914
20334 9916
20338 9918
20342 9920
20346 9922
20350 9924
20354 9926
20358 9927
20362 9929
20366 9931
20370 9933
20374 9935
20378 9937
20382 9939
20386 9941
20390 9943
20394 9945
20398 9947
20402 9949
20406 9951
20410 9952
20414 9954
20418 9956
20422 9958
20426 9960
20430 9962
20434 9964
20438 9966
20442 9968
20446 9970
20450 9972
20454 9974
20458 9976
20462 9978
20466 9980
20470 9982
20474 9984
20478 9986
20482 9988
20486 9989
20490 9991
20494 9993
20498 9995
20502 9997
20506 9999
20510 10001
20514 10003
20518 10005
20522 10007
20526 10009
20530 10011
20534 10013
20538 10015
20542 10017
20546 10019
20550 10021
20554 10022
20558 10024
20562 10026
20566 10028
20570 10030
20574 10032
20578 10034
20582 10036
20586 10038
20590 10040
20594 10042
20598 10044
20602 10046
20606 10048
20610 10050
20614 10052
20618 10054
20622 10056
20626 10058
20630 10060
20634 10062
20638 10064
20642 10066
20646 10068
20650 10070
20654 10072
20658 10074
20662 10076
20666 10078
20670 10080
20674 10082
20678 10084
20682 10086
20686 10088
20690 10090
20694 10092
20698 10094
20702 10096
20706 10097
20710 10099
20714 10101
20718 10103
20722 10105
20726 10107
20730 10109
20734 10111
20738 10113
20742 10115
20746 10117
20750 10119
20754 10121
20758 10123
20762 10125
20766 10127
20770 10129
20774 10131
20778 10133
20782 10135
20786 10137
20790 10139
20794 10141
20798 10143
20802 10145
20806 10147
20810 10149
20814 10151
20818 10153
20822 10155
20826 10157
20830 10159
20834 10161
20838 10163
20842 10165
20846 10167
20850 10169
20854 10171
20858 10173
20862 10175
20866 10177
20870 10178
20874 10180
20878 10182
20882 10184
20886 10186
20890 10188
20894 10190
20898 10192
20902 10194
20906 10196
20910 10198
20914 10200
20918 10202
20922 10204
20926 10206
20930 10208
20934 10210
20938 10212
20942 10214
20946 10216
20950 10218
20954 10220
20958 10222
20962 10224
20966 10226
20970 10228
20974 10229
20978 10231
20982 10233
20986 10235
20990 10237
20994 10239
20998 10241
21002 10243
21006 10245
21010 10247
21014 10249
21018 10251
21022 10252
21026 10254
21030 10256
21034 10258
21038 10260
21042 10262
21046 10264
21050 10266
21054 10268
21058 10270
21062 10272
21066 10274
21070 10276
21074 10278
21078 10279
21082 10281
21086 10283
21090 10285
21094 10287
21098 10289
21102 10291
21106 10293
21110 10295
21114 10297
21118 10299
21122 10300
21126 10302
21130 10304
21134 10306
21138 10308
21142 10310
21146 10312
21150 10314
21154 10316
21158 10318
21162 10320
21166 10322
21170 10324
21174 10326
21178 10328
21182 10330
21186 10332
21190 10334
21194 10336
21198 10338
21202 10339
21206 10341
21210 10343
21214 10345
21218 10347
21222 10349
21226 10351
21230 10353
21234 10355
21238 10357
21242 10359
21246 10361
21250 10363
21254 10365
21258 10367
21262 10369
21266 10371
21270 10373
21274 10375
21278 10377
21282 10379
21286 10381
21290 10382
21294 10384
21298 10386
21302 10388
21306 10390
21310 10392
21314 10394
21318 10396
21322 10398
21326 10400
21330 10402
21334 10404
21338 10406
21342 10408
21346 10410
21350 10412
21354 10414
21358 10416
21362 10418
21366 10420
21370 10422
21374 10424
21378 10426
21382 10428
21386 10430
21390 10432
21394 10434
21398 10436
21402 10438
21406 10440
21410 10442
21414 10444
21418 10446
21422 10448
21426 10450
21430 10452
21434 10454
21438 10456
21442 10458
21446 10459
21450 10461
21454 10463
21458 10465
21462 10467
21466 10469
21470 10471
21474 10473
21478 10475
21482 10477
21486 10479
21490 10481
21494 10483
21498 10485
21502 10487
21506 10489
21510 10491
21514 10493
21518 10495
21522 10497
21526 10499
21530 10501
21534 10503
21538 10505
21542 10507
21546 10509
21550 10511
21554 10513
21558 10515
21562 10517
21566 10519
21570 10521
21574 10523
21578 10525
21582 10526
21586 10529
21590 10530
21594 10532
21598 10534
21602 10536
21606 10538
21610 10540
21614 10542
21618 10544
21622 10546
21626 10548
21630 10550
21634 10552
21638 10554
21642 10556
21646 10558
21650 10560
21654 10562
21658 10564
21662 10566
21666 10568
21670 10570
21674 10572
21678 10574
21682 10576
21686 10578
21690 10579
21694 10581
21698 10583
21702 10585
21706 10587
21710 10589
21714 10591
21718 10593
21722 10595
21726 10597
21730 10599
21734 10601
21738 10602
21742 10604
21746 10606
21750 10608
21754 10610
21758 10612
21762 10614
21766 10616
21770 10618
21774 10620
21778 10622
21782 10624
21786 10626
21790 10628
21794 10630
21798 10631
21802 10633
21806 10635
21810 10637
21814 10639
21818 10641
21822 10643
21826 10645
21830 10647
21834 10649
21838 10651
21842 10653
21846 10655
21850 10657
21854 10658
21858 10660
21862 10662
21866 10664
21870 10666
21874 10668
21878 10670
21882 10672
21886 10674
21890 10676
21894 10678
21898 10680
21902 10682
21906 10684
21910 10686
21914 10688
21918 10690
21922 10692
21926 10694
21930 10696
21934 10698
21938 10700
21942 10701
21946 10703
21950 10705
21954 10707
21958 10709
21962 10711
21966 10713
21970 10715
21974 10717
21978 10719
21982 10721
21986 10723
21990 10725
21994 10727
21998 10729
22002 10731
22006 10733
22010 10735
22014 10737
22018 10739
22022 10741
22026 10743
22030 10744
22034 10747
22038 10748
22042 10750
22046 10752
22050 10754
22054 10756
22058 10758
22062 10760
22066 10762
22070 10764
22074 10766
22078 10768
22082 10770
22086 10772
22090 10774
22094 10776
22098 10778
22102 10780
22106 10782
22110 10784
22114 10786
22118 10788
22122 10790
22126 10792
22130 10794
22134 10796
22138 10798
22142 10800
22146 10802
22150 10804
22154 10806
22158 10808
22162 10810
22166 10812
22170 10814
22174 10816
22178 10817
22182 10819
22186 10821
22190 10823
22194 10825
22198 10827
22202 10829
22206 10831
22210 10833
22214 10835
22218 10837
22222 10839
22226 10841
22230 10843
22234 10845
22238 10847
22242 10849
22246 10851
22250 10853
22254 10855
22258 10857
22262 10859
22266 10861
22270 10863
22274 10865
22278 10867
22282 10869
22286 10871
22290 10873
22294 10875
22298 10877
22302 10879
22306 10881
22310 10883
22314 10884
22318 10886
22322 10888
22326 10890
22330 10892
22334 10894
22338 10896
22342 10898
22346 10900
22350 10902
22354 10904
22358 10906
22362 10908
22366 10910
22370 10912
22374 10914
22378 10916
22382 10918
22386 10920
22390 10922
22394 10924
22398 10926
22402 10928
22406 10930
22410 10932
22414 10934
22418 10935
22422 10937
22426 10939
22430 10941
22434 10943
22438 10945
22442 10947
22446 10949
22450 10951
22454 10953
22458 10955
22462 10957
22466 10959
22470 10961
22474 10963
22478 10964
22482 10966
22486 10968
22490 10970
22494 10972
22498 10974
22502 10976
22506 10978
22510 10980
22514 10982
22518 10984
22522 10986
22526 10988
22530 10989
22534 10991
22538 10993
22542 10995
22546 10997
22550 10999
22554 11001
22558 11003
22562 11005
22566 11007
22570 11009
22574 11011
22578 11012
22582 11014
22586 11016
22590 11018
22594 11020
22598 11022
22602 11024
22606 11026
22610 11028
22614 11030
22618 11032
22622 11034
22626 11036
22630 11038
22634 11040
22638 11042
22642 11044
22646 11046
22650 11048
22654 11050
22658 11052
22662 11054
22666 11056
22670 11057
22674 11059
22678 11061
22682 11063
22686 11065
22690 11067
22694 11069
22698 11071
22702 11073
22706 11075
22710 11077
22714 11079
22718 11081
22722 11083
22726 11085
22730 11087
22734 11089
22738 11091
22742 11093
22746 11095
22750 11097
22754 11099
22758 11100
22762 11102
22766 11104
22770 11106
22774 11108
22778 11110
22782 11112
22786 11114
22790 11116
22794 11118
22798 11120
22802 11122
22806 11124
22810 11126
22814 11128
22818 11130
22822 11132
22826 11134
22830 11136
22834 11138
22838 11140
22842 11142
22846 11144
22850 11146
22854 11148
22858 11150
22862 11152
22866 11154
22870 11155
22874 11157
22878 11159
22882 11161
22886 11163
22890 11165
22894 11167
22898 11169
22902 11171
22906 11173
22910 11175
22914 11177
22918 11179
22922 11181
22926 11183
22930 11185
22934 11187
22938 11189
22942 11191
22946 11193
22950 11195
22954 11197
22958 11199
22962 11201
22966 11203
22970 11205
22974 11207
22978 11209
22982 11211
22986 11213
22990 11215
22994 11217
22998 11219
23002 11221
23006 11222
23010 11224
23014 11226
23018 11228
23022 11230
23026 11232
23030 11234
23034 11236
23038 11238
23042 11240
23046 11242
23050 11244
23054 11246
23058 11248
23062 11250
23066 11252
23070 11254
23074 11256
23078 11258
23082 11260
23086 11262
23090 11264
23094 11266
23098 11268
23102 11270
23106 11272
23110 11274
23114 11276
23118 11278
23122 11280
23126 11282
23130 11284
23134 11286
23138 11288
23142 11289
23146 11291
23150 11293
23154 11295
23158 11297
23162 11299
23166 11301
23170 11303
23174 11305
23178 11307
23182 11309
23186 11311
23190 11313
23194 11315
23198 11317
23202 11319
23206 11321
23210 11322
23214 11324
23218 11326
23222 11328
23226 11330
23230 11332
23234 11334
23238 11336
23242 11338
23246 11340
23250 11342
23254 11344
23258 11346
23262 11348
23266 11350
23270 11352
23274 11354
23278 11356
23282 11357
23286 11359
23290 11361
23294 11363
23298 11365
23302 11367
23306 11369
23310 11371
23314 11373
23318 11375
23322 11377
23326 11379
23330 11381
23334 11383
23338 11385
23342 11387
23346 11388
23350 11390
23354 11392
23358 11394
23362 11396
23366 11398
23370 11400
23374 11402
23378 11404
23382 11406
23386 11408
23390 11410
23394 11412
23398 11414
23402 11416
23406 11418
23410 11420
23414 11422
23418 11424
23422 11426
23426 11428
23430 11430
23434 11432
23438 11434
23442 11436
23446 11437
23450 11439
23454 11441
23458 11443
23462 11445
23466 11447
23470 11449
23474 11451
23478 11453
23482 11455
23486 11457
23490 11459
23494 11461
23498 11463
23502 11465
23506 11467
23510 11469
23514 11471
23518 11473
23522 11474
23526 11476
23530 11478
23534 11480
23538 11482
23542 11484
23546 11486
23550 11488
23554 11490
23558 11492
23562 11494
23566 11496
23570 11498
23574 11500
23578 11502
23582 11504
23586 11506
23590 11508
23594 11510
23598 11512
23602 11514
23606 11516
23610 11518
23614 11520
23618 11522
23622 11524
23626 11526
23630 11528
23634 11530
23638 11532
23642 11534
23646 11536
23650 11537
23654 11539
23658 11541
23662 11543
23666 11545
23670 11547
23674 11549
23678 11551
23682 11553
23686 11555
23690 11557
23694 11559
23698 11561
23702 11563
23706 11565
23710 11567
23714 11569
23718 11571
23722 11573
23726 11575
23730 11577
23734 11579
23738 11581
23742 11583
23746 11585
23750 11587
23754 11589
23758 11591
23762 11593
23766 11595
23770 11597
23774 11598
23778 11601
23782 11602
23786 11604
23790 11606
23794 11608
23798 11610
23802 11612
23806 11614
23810 11616
23814 11618
23818 11620
23822 11622
23826 11624
23830 11626
23834 11628
23838 11630
23842 11632
23846 11634
23850 11636
23854 11638
23858 11640
23862 11642
23866 11644
23870 11646
23874 11648
23878 11650
23882 11652
23886 11654
23890 11656
23894 11658
23898 11660
23902 11662
23906 11664
23910 11665
23914 11667
23918 11669
23922 11671
23926 11673
23930 11675
23934 11677
23938 11679
23942 11681
23946 11683
23950 11685
23954 11687
23958 11689
23962 11691
23966 11692
23970 11694
23974 11696
23978 11698
23982 11700
23986 11702
23990 11704
23994 11706
23998 11708
24002 11710
24006 11712
24010 11714
24014 11716
24018 11718
24022 11720
24026 11722
24030 11724
24034 11725
24038 11727
24042 11729
24046 11731
24050 11733
24054 11735
24058 11737
24062 11739
24066 11741
24070 11743
24074 11745
24078 11747
24082 11749
24086 11751
24090 11752
24094 11754
24098 11756
24102 11758
24106 11760
24110 11762
24114 11764
24118 11766
24122 11768
24126 11770
24130 11772
24134 11774
24138 11776
24142 11778
24146 11780
24150 11782
24154 11784
24158 11786
24162 11788
24166 11790
24170 11791
24174 11793
24178 11795
24182 11797
24186 11799
24190 11801
24194 11803
24198 11805
24202 11807
24206 11809
24210 11811
24214 11813
24218 11815
24222 11817
24226 11819
24230 11821
24234 11822
24238 11824
24242 11826
24246 11828
24250 11830
24254 11832
24258 11834
24262 11836
24266 11838
24270 11840
24274 11842
24278 11844
24282 11846
24286 11848
24290 11850
24294 11852
24298 11854
24302 11856
24306 11858
24310 11860
24314 11862
24318 11864
24322 11866
24326 11868
24330 11870
24334 11872
24338 11874
24342 11875
24346 11877
24350 11879
24354 11881
24358 11883
24362 11885
24366 11887
24370 11889
24374 11891
24378 11893
24382 11895
24386 11897
24390 11899
24394 11901
24398 11903
24402 11905
24406 11907
24410 11909
24414 11911
24418 11913
24422 11915
24426 11917
24430 11919
24434 11921
24438 11923
24442 11925
24446 11927
24450 11929
24454 11931
24458 11933
24462 11935
24466 11937
24470 11939
24474 11941
24478 11943
24482 11945
24486 11947
24490 11948
24494 11950
24498 11952
24502 11954
24506 11956
24510 11958
24514 11960
24518 11962
24522 11964
24526 11966
24530 11968
24534 11970
24538 11972
24542 11974
24546 11976
24550 11978
24554 11980
24558 11982
24562 11984
24566 11986
24570 11988
24574 11990
24578 11992
24582 11994
24586 11996
24590 11998
24594 12000
24598 12002
24602 12004
24606 12006
24610 12008
24614 12010
24618 12012
24622 12014
24626 12016
24630 12018
24634 12020
24638 12022
24642 12024
24646 12025
24650 12027
24654 12029
24658 12031
24662 12033
24666 12035
24670 12037
24674 12039
24678 12041
24682 12043
24686 12045
24690 12047
24694 12049
24698 12051
24702 12053
24706 12054
24710 12056
24714 12058
24718 12060
24722 12062
24726 12064
24730 12066
24734 12068
24738 12070
24742 12072
24746 12074
24750 12076
24754 12078
24758 12080
24762 12082
24766 12083
24770 12085
24774 12087
24778 12089
24782 12091
24786 12093
24790 12095
24794 12097
24798 12099
24802 12101
24806 12103
24810 12105
24814 12107
24818 12108
24822 12110
24826 12112
24830 12114
24834 12116
24838 12118
24842 12120
24846 12122
24850 12124
24854 12126
24858 12128
24862 12130
24866 12132
24870 12134
24874 12136
24878 12138
24882 12140
24886 12142
24890 12144
24894 12145
24898 12147
24902 12149
24906 12151
24910 12153
24914 12155
24918 12157
24922 12159
24926 12161
24930 12163
24934 12165
24938 12167
24942 12169
24946 12171
24950 12173
24954 12175
24958 12177
24962 12179
24966 12181
24970 12183
24974 12184
24978 12186
24982 12188
24986 12190
24990 12192
24994 12194
24998 12196
25002 12198
25006 12200
25010 12202
25014 12204
25018 12206
25022 12208
25026 12210
25030 12212
25034 12214
25038 12216
25042 12218
25046 12220
25050 12222
25054 12224
25058 12226
25062 12228
25066 12230
25070 12232
25074 12234
25078 12236
25082 12238
25086 12240
25090 12241
25094 12243
25098 12246
25102 12248
25106 12249
25110 12251
25114 12253
25118 12255
25122 12257
25126 12259
25130 12261
25134 12263
25138 12265
25142 12267
25146 12269
25150 12271
25154 12273
25158 12275
25162 12277
25166 12279
25170 12281
25174 12283
25178 12285
25182 12287
25186 12289
25190 12291
25194 12293
25198 12295
25202 12297
25206 12299
25210 12301
25214 12303
25218 12305
25222 12307
25226 12309
25230 12311
25234 12313
25238 12315
25242 12317
25246 12319
25250 12321
25254 12323
25258 12325
25262 12327
25266 12329
25270 12331
25274 12333
25278 12335
25282 12337
25286 12338
25290 12340
25294 12342
25298 12344
25302 12346
25306 12348
25310 12350
25314 12352
25318 12354
25322 12356
25326 12358
25330 12360
25334 12362
25338 12364
25342 12366
25346 12368
25350 12370
25354 12372
25358 12374
25362 12376
25366 12378
25370 12380
25374 12382
25378 12384
25382 12386
25386 12388
25390 12390
25394 12392
25398 12393
25402 12395
25406 12397
25410 12399
25414 12401
25418 12403
25422 12405
25426 12407
25430 12409
25434 12411
25438 12413
25442 12414
25446 12416
25450 12418
25454 12420
25458 12422
25462 12424
25466 12426
25470 12428
25474 12430
25478 12432
25482 12434
25486 12436
25490 12438
25494 12440
25498 12441
25502 12443
25506 12445
25510 12447
25514 12449
25518 12451
25522 12453
25526 12455
25530 12457
25534 12459
25538 12461
25542 12463
25546 12465
25550 12466
25554 12468
25558 12470
25562 12472
25566 12474
25570 12476
25574 12478
25578 12480
25582 12482
25586 12484
25590 12486
25594 12488
25598 12490
25602 12492
25606 12494
25610 12496
25614 12498
25618 12500
25622 12501
25626 12503
25630 12505
25634 12507
25638 12509
25642 12511
25646 12513
25650 12515
25654 12517
25658 12519
25662 12521
25666 12523
25670 12525
25674 12527
25678 12529
25682 12531
25686 12533
25690 12535
25694 12536
25698 12538
25702 12540
25706 12542
25710 12544
25714 12546
25718 12548
25722 12550
25726 12552
25730 12554
25734 12556
25738 12558
25742 12560
25746 12562
25750 12564
25754 12566
25758 12568
25762 12570
25766 12572
25770 12574
25774 12576
25778 12578
25782 12580
25786 12582
25790 12584
25794 12586
25798 12588
25802 12590
25806 12592
25810 12594
25814 12596
25818 12598
25822 12600
25826 12601
25830 12603
25834 12605
25838 12607
25842 12609
25846 12611
25850 12613
25854 12615
25858 12617
25862 12619
25866 12621
25870 12623
25874 12625
25878 12627
25882 12629
25886 12631
25890 12633
25894 12635
25898 12637
25902 12639
25906 12641
25910 12643
25914 12645
25918 12647
25922 12649
25926 12651
25930 12653
25934 12655
25938 12657
25942 12659
25946 12661
25950 12663
25954 12665
25958 12667
25962 12669
25966 12671
25970 12673
25974 12675
25978 12677
25982 12679
25986 12681
25990 12683
25994 12685
25998 12687
26002 12689
26006 12690
26010 12692
26014 12694
26018 12696
26022 12698
26026 12700
26030 12702
26034 12704
26038 12706
26042 12708
26046 12710
26050 12712
26054 12714
26058 12716
26062 12718
26066 12720
26070 12722
26074 12724
26078 12726
26082 12728
26086 12730
26090 12732
26094 12734
26098 12736
26102 12738
26106 12740
26110 12741
26114 12743
26118 12745
26122 12747
26126 12749
26130 12751
26134 12753
26138 12755
26142 12757
26146 12759
26150 12761
26154 12763
26158 12765
26162 12766
26166 12768
26170 12770
26174 12772
26178 12774
26182 12776
26186 12778
26190 12780
26194 12782
26198 12784
26202 12786
26206 12788
26210 12790
26214 12792
26218 12794
26222 12796
26226 12797
26230 12799
26234 12801
26238 12803
26242 12805
26246 12807
26250 12809
26254 12811
26258 12813
26262 12815
26266 12817
26270 12819
26274 12821
26278 12823
26282 12825
26286 12826
26290 12828
26294 12830
26298 12832
26302 12834
26306 12836
26310 12838
26314 12840
26318 12842
26322 12844
26326 12846
26330 12848
26334 12850
26338 12852
26342 12854
26346 12856
26350 12858
26354 12860
26358 12862
26362 12864
26366 12866
26370 12868
26374 12870
26378 12872
26382 12873
26386 12875
26390 12877
26394 12879
26398 12881
26402 12883
26406 12885
26410 12887
26414 12889
26418 12891
26422 12893
26426 12895
26430 12897
26434 12899
26438 12901
26442 12903
26446 12905
26450 12907
26454 12909
26458 12911
26462 12913
26466 12915
26470 12917
26474 12919
26478 12921
26482 12922
26486 12924
26490 12926
26494 12928
26498 12930
26502 12932
26506 12934
26510 12936
26514 12938
26518 12940
26522 12942
26526 12944
26530 12946
26534 12948
26538 12950
26542 12952
26546 12954
26550 12956
26554 12958
26558 12960
26562 12962
26566 12964
26570 12966
26574 12968
26578 12970
26582 12972
26586 12974
26590 12976
26594 12978
26598 12980
26602 12982
26606 12984
26610 12986
26614 12988
26618 12990
26622 12992
26626 12994
26630 12996
26634 12998
26638 13000
26642 13002
26646 13004
26650 13006
26654 13007
26658 13009
26662 13011
26666 13013
26670 13015
26674 13017
26678 13019
26682 13021
26686 13023
26690 13025
26694 13027
26698 13029
26702 13031
26706 13033
26710 13035
26714 13037
26718 13039
26722 13041
26726 13043
26730 13045
26734 13047
26738 13049
26742 13051
26746 13053
26750 13055
26754 13057
26758 13059
26762 13060
26766 13063
26770 13064
26774 13066
26778 13068
26782 13070
26786 13072
26790 13074
26794 13076
26798 13078
26802 13080
26806 13082
26810 13084
26814 13086
26818 13088
26822 13090
26826 13092
26830 13094
26834 13096
26838 13098
26842 13100
26846 13102
26850 13104
26854 13105
26858 13107
26862 13109
26866 13111
26870 13113
26874 13115
26878 13117
26882 13119
26886 13121
26890 13123
26894 13125
26898 13127
26902 13129
26906 13130
26910 13132
26914 13134
26918 13136
26922 13138
26926 13140
26930 13142
26934 13144
26938 13146
26942 13148
26946 13150
26950 13152
26954 13154
26958 13156
26962 13157
26966 13159
26970 13161
26974 13163
26978 13165
26982 13167
26986 13169
26990 13171
26994 13173
26998 13175
27002 13177
27006 13179
27010 13181
27014 13183
27018 13185
27022 13186
27026 13188
27030 13190
27034 13192
27038 13194
27042 13196
27046 13198
27050 13200
27054 13202
27058 13204
27062 13206
27066 13208
27070 13210
27074 13212
27078 13214
27082 13216
27086 13218
27090 13220
27094 13222
27098 13224
27102 13226
27106 13228
27110 13230
27114 13231
27118 13233
27122 13235
27126 13237
27130 13239
27134 13241
27138 13243
27142 13245
27146 13247
27150 13249
27154 13251
27158 13253
27162 13255
27166 13257
27170 13259
27174 13261
27178 13263
27182 13265
27186 13267
27190 13269
27194 13271
27198 13273
27202 13274
27206 13276
27210 13278
27214 13280
27218 13282
27222 13284
27226 13286
27230 13288
27234 13290
27238 13292
27242 13294
27246 13296
27250 13298
27254 13300
27258 13302
27262 13304
27266 13306
27270 13308
27274 13310
27278 13312
27282 13314
27286 13316
27290 13318
27294 13320
27298 13322
27302 13324
27306 13326
27310 13328
27314 13330
27318 13332
27322 13334
27326 13336
27330 13338
27334 13340
27338 13342
27342 13344
27346 13346
27350 13348
27354 13350
27358 13352
27362 13354
27366 13356
27370 13358
27374 13359
27378 13361
27382 13363
27386 13365
27390 13367
27394 13369
27398 13371
27402 13373
27406 13375
27410 13377
27414 13379
27418 13381
27422 13383
27426 13385
27430 13387
27434 13389
27438 13391
27442 13393
27446 13395
27450 13397
27454 13399
27458 13401
27462 13403
27466 13405
27470 13407
27474 13409
27478 13410
27482 13412
27486 13414
27490 13416
27494 13418
27498 13420
27502 13422
27506 13424
27510 13426
27514 13428
27518 13430
27522 13432
27526 13434
27530 13436
27534 13438
27538 13440
27542 13442
27546 13444
27550 13446
27554 13448
27558 13450
27562 13452
27566 13454
27570 13456
27574 13458
27578 13460
27582 13461
27586 13463
27590 13465
27594 13467
27598 13469
27602 13471
27606 13473
27610 13475
27614 13477
27618 13479
27622 13481
27626 13483
27630 13485
27634 13486
27638 13488
27642 13490
27646 13492
27650 13494
27654 13496
27658 13498
27662 13500
27666 13502
27670 13504
27674 13506
27678 13508
27682 13510
27686 13512
27690 13514
27694 13516
27698 13518
27702 13520
27706 13522
27710 13524
27714 13525
27718 13527
27722 13529
27726 13531
27730 13533
27734 13535
27738 13537
27742 13539
27746 13541
27750 13543
27754 13545
27758 13547
27762 13549
27766 13551
27770 13553
27774 13555
27778 13556
27782 13558
27786 13560
27790 13562
27794 13564
27798 13566
27802 13568
27806 13570
27810 13572
27814 13574
27818 13576
27822 13578
27826 13580
27830 13582
27834 13584
27838 13586
27842 13588
27846 13590
27850 13592
27854 13594
27858 13596
27862 13598
27866 13600
27870 13602
27874 13604
27878 13606
27882 13608
27886 13610
27890 13612
27894 13613
27898 13615
27902 13617
27906 13619
27910 13621
27914 13623
27918 13625
27922 13627
27926 13629
27930 13631
27934 13633
27938 13635
27942 13637
27946 13639
27950 13641
27954 13643
27958 13645
27962 13647
27966 13649
27970 13651
27974 13652
27978 13654
27982 13656
27986 13658
27990 13660
27994 13662
27998 13664
28002 13666
28006 13668
28010 13670
28014 13672
28018 13674
28022 13676
28026 13678
28030 13680
28034 13682
28038 13684
28042 13686
28046 13688
28050 13690
28054 13692
28058 13694
28062 13696
28066 13698
28070 13700
28074 13702
28078 13704
28082 13706
28086 13708
28090 13710
28094 13712
28098 13714
28102 13716
28106 13718
28110 13720
28114 13722
28118 13724
28122 13725
28126 13727
28130 13729
28134 13731
28138 13733
28142 13735
28146 13737
28150 13739
28154 13741
28158 13743
28162 13745
28166 13747
28170 13749
28174 13751
28178 13753
28182 13755
28186 13757
28190 13759
28194 13761
28198 13763
28202 13765
28206 13767
28210 13769
28214 13771
28218 13773
28222 13775
28226 13777
28230 13779
28234 13781
28238 13783
28242 13785
28246 13787
28250 13788
28254 13790
28258 13792
28262 13794
28266 13796
28270 13798
28274 13800
28278 13802
28282 13804
28286 13806
28290 13808
28294 13810
28298 13812
28302 13814
28306 13816
28310 13818
28314 13820
28318 13822
28322 13824
28326 13826
28330 13828
28334 13830
28338 13832
28342 13834
28346 13836
28350 13838
28354 13839
28358 13841
28362 13843
28366 13845
28370 13847
28374 13849
28378 13851
28382 13853
28386 13855
28390 13857
28394 13859
28398 13861
28402 13862
28406 13864
28410 13866
28414 13868
28418 13870
28422 13872
28426 13874
28430 13876
28434 13878
28438 13880
28442 13882
28446 13884
28450 13886
28454 13888
28458 13890
28462 13892
28466 13893
28470 13896
28474 13897
28478 13899
28482 13901
28486 13903
28490 13905
28494 13907
28498 13909
28502 13911
28506 13913
28510 13915
28514 13917
28518 13919
28522 13921
28526 13923
28530 13925
28534 13927
28538 13928
28542 13930
28546 13932
28550 13934
28554 13936
28558 13938
28562 13940
28566 13942
28570 13944
28574 13946
28578 13948
28582 13950
28586 13952
28590 13954
28594 13956
28598 13958
28602 13960
28606 13962
28610 13964
28614 13966
28618 13967
28622 13969
28626 13971
28630 13973
28634 13975
28638 13977
28642 13979
28646 13981
28650 13983
28654 13985
28658 13987
28662 13989
28666 13991
28670 13993
28674 13995
28678 13997
28682 13999
28686 14001
28690 14003
28694 14005
28698 14006
28702 14008
28706 14010
28710 14012
28714 14014
28718 14016
28722 14018
28726 14020
28730 14022
28734 14024
28738 14026
28742 14028
28746 14030
28750 14032
28754 14034
28758 14036
28762 14038
28766 14040
28770 14042
28774 14044
28778 14046
28782 14048
28786 14050
28790 14052
28794 14054
28798 14056
28802 14058
28806 14060
28810 14062
28814 14064
28818 14065
28822 14067
28826 14069
28830 14071
28834 14073
28838 14075
28842 14077
28846 14079
28850 14081
28854 14083
28858 14085
28862 14087
28866 14089
28870 14091
28874 14093
28878 14095
28882 14097
28886 14099
28890 14101
28894 14103
28898 14105
28902 14107
28906 14109
28910 14111
28914 14113
28918 14115
28922 14117
28926 14119
28930 14121
28934 14123
28938 14125
28942 14127
28946 14129
28950 14131
28954 14133
28958 14135
28962 14136
28966 14138
28970 14140
28974 14142
28978 14144
28982 14146
28986 14148
28990 14150
28994 14152
28998 14154
29002 14156
29006 14158
29010 14160
29014 14162
29018 14164
29022 14166
29026 14168
29030 14170
29034 14172
29038 14174
29042 14176
29046 14178
29050 14180
29054 14182
29058 14184
29062 14186
29066 14188
29070 14190
29074 14192
29078 14194
29082 14196
29086 14198
29090 14199
29094 14201
29098 14203
29102 14205
29106 14207
29110 14209
29114 14211
29118 14213
29122 14215
29126 14217
29130 14219
29134 14221
29138 14223
29142 14224
29146 14226
29150 14228
29154 14230
29158 14232
29162 14234
29166 14236
29170 14238
29174 14240
29178 14242
29182 14244
29186 14246
29190 14248
29194 14250
29198 14252
29202 14254
29206 14256
29210 14258
29214 14260
29218 14261
29222 14263
29226 14265
29230 14267
29234 14269
29238 14271
29242 14273
29246 14275
29250 14277
29254 14279
29258 14281
29262 14283
29266 14285
29270 14287
29274 14289
29278 14291
29282 14293
29286 14295
29290 14296
29294 14298
29298 14300
29302 14302
29306 14304
29310 14306
29314 14308
29318 14310
29322 14312
29326 14314
29330 14316
29334 14318
29338 14320
29342 14322
29346 14324
29350 14326
29354 14328
29358 14330
29362 14332
29366 14334
29370 14336
29374 14338
29378 14340
29382 14342
29386 14343
29390 14345
29394 14347
29398 14349
29402 14351
29406 14353
29410 14355
29414 14357
29418 14359
29422 14361
29426 14363
29430 14365
29434 14367
29438 14369
29442 14371
29446 14373
29450 14375
29454 14377
29458 14379
29462 14380
29466 14382
29470 14384
29474 14386
29478 14388
29482 14390
29486 14392
29490 14394
29494 14396
29498 14398
29502 14400
29506 14402
29510 14404
29514 14406
29518 14408
29522 14410
29526 14412
29530 14414
29534 14416
29538 14418
29542 14420
29546 14422
29550 14424
29554 14426
29558 14428
29562 14430
29566 14432
29570 14434
29574 14436
29578 14438
29582 14440
29586 14442
29590 14444
29594 14446
29598 14448
29602 14450
29606 14452
29610 14454
29614 14456
29618 14458
29622 14460
29626 14462
29630 14464
29634 14466
29638 14468
29642 14470
29646 14472
29650 14474
29654 14476
29658 14477
29662 14480
29666 14482
29670 14483
29674 14485
29678 14487
29682 14489
29686 14491
29690 14493
29694 14495
29698 14497
29702 14499
29706 14501
29710 14503
29714 14505
29718 14507
29722 14509
29726 14511
29730 14513
29734 14515
29738 14517
29742 14519
29746 14521
29750 14523
29754 14525
29758 14527
29762 14529
29766 14531
29770 14533
29774 14535
29778 14537
29782 14538
29786 14540
29790 14542
29794 14544
29798 14546
29802 14548
29806 14550
29810 14552
29814 14554
29818 14556
29822 14558
29826 14560
29830 14562
29834 14564
29838 14566
29842 14568
29846 14570
29850 14572
29854 14574
29858 14575
29862 14577
29866 14579
29870 14581
29874 14583
29878 14585
29882 14587
29886 14589
29890 14591
29894 14593
29898 14595
29902 14597
29906 14598
29910 14600
29914 14602
29918 14604
29922 14606
29926 14608
29930 14610
29934 14612
29938 14614
29942 14616
29946 14618
29950 14620
29954 14622
29958 14624
29962 14626
29966 14628
29970 14629
29974 14631
29978 14633
29982 14635
29986 14637
29990 14639
29994 14641
29998 14643
