10 0
14 0
18 0
22 0
26 0
30 25
34 22
38 20
42 18
46 16
50 14
54 13
58 11
62 10
66 9
70 8
74 32
78 29
82 26
86 48
90 44
94 64
98 83
102 99
106 89
110 105
114 120
118 158
122 167
126 175
130 208
134 212
138 241
142 241
146 267
150 291
154 311
158 305
162 325
166 342
170 358
174 372
178 385
182 396
186 432
190 438
194 444
198 450
202 455
206 484
210 486
214 487
218 513
222 512
226 536
230 532
234 554
238 548
242 569
246 562
250 580
254 572
258 590
262 606
266 595
270 611
274 625
278 612
282 626
286 638
290 649
294 634
298 646
302 656
306 666
310 649
314 659
318 668
322 651
326 661
330 670
334 678
338 660
342 669
346 677
350 684
354 666
358 674
362 682
366 663
370 672
374 680
378 662
382 671
386 678
390 661
394 669
398 677
402 660
406 669
410 652
414 662
418 645
422 656
426 665
430 649
434 659
438 643
442 653
446 638
450 649
454 634
458 646
462 631
466 618
470 631
474 618
478 631
482 618
486 606
490 620
494 608
498 622
502 610
506 599
510 614
514 603
518 617
522 606
526 595
530 610
534 599
538 589
542 605
546 595
550 585
554 577
558 594
562 585
566 576
570 593
574 584
578 576
582 568
586 586
590 577
594 570
598 588
602 579
606 571
610 564
614 557
618 577
622 569
626 562
630 581
634 573
638 565
642 559
646 578
650 570
654 563
658 557
662 576
666 568
670 561
674 580
678 572
682 565
686 558
690 577
694 570
698 563
702 581
706 573
710 566
714 584
718 576
722 568
726 586
730 578
734 570
738 588
742 579
746 571
750 589
754 580
758 597
762 587
766 578
770 595
774 586
778 602
782 592
786 583
790 599
794 589
798 605
802 595
806 610
810 599
814 614
818 603
822 592
826 608
830 597
834 613
838 601
842 616
846 604
850 619
854 607
858 596
862 612
866 625
870 613
874 601
878 616
882 605
886 619
890 607
894 621
898 609
902 623
906 611
910 625
914 612
918 626
922 613
926 602
930 617
934 605
938 619
942 607
946 622
950 609
954 623
958 611
962 600
966 615
970 603
974 618
978 606
982 595
986 611
990 600
994 615
998 603
1002 593
1006 608
1010 598
1014 613
1018 601
1022 591
1026 607
1030 596
1034 587
1038 603
1042 593
1046 583
1050 600
1054 590
1058 606
1062 595
1066 586
1070 577
1074 594
1078 585
1082 576
1086 594
1090 584
1094 576
1098 593
1102 584
1106 575
1110 593
1114 583
1118 575
1122 592
1126 583
1130 575
1134 592
1138 583
1142 600
1146 590
1150 581
1154 598
1158 588
1162 579
1166 596
1170 586
1174 603
1178 592
1182 583
1186 600
1190 590
1194 606
1198 595
1202 585
1206 602
1210 592
1214 607
1218 597
1222 612
1226 601
1230 591
1234 606
1238 596
1242 611
1246 600
1250 615
1254 603
1258 593
1262 609
1266 598
1270 613
1274 602
1278 591
1282 607
1286 596
1290 612
1294 600
1298 615
1302 604
1306 618
1310 606
1314 596
1318 611
1322 600
1326 615
1330 603
1334 618
1338 606
1342 620
1346 608
1350 623
1354 610
1358 624
1362 612
1366 600
1370 615
1374 604
1378 618
1382 606
1386 621
1390 609
1394 623
1398 610
1402 599
1406 614
1410 603
1414 618
1418 606
1422 620
1426 608
1430 622
1434 610
1438 599
1442 614
1446 602
1450 617
1454 605
1458 595
1462 610
1466 599
1470 614
1474 603
1478 592
1482 608
1486 597
1490 613
1494 601
1498 591
1502 607
1506 596
1510 611
1514 600
1518 590
1522 606
1526 595
1530 611
1534 600
1538 590
1542 606
1546 595
1550 611
1554 599
1558 589
1562 580
1566 597
1570 588
1574 604
1578 593
1582 584
1586 600
1590 590
1594 581
1598 598
1602 588
1606 579
1610 596
1614 587
1618 603
1622 593
1626 583
1630 575
1634 592
1638 583
1642 575
1646 592
1650 583
1654 575
1658 592
1662 583
1666 575
1670 592
1674 583
1678 574
1682 567
1686 585
1690 577
1694 594
1698 584
1702 576
1706 593
1710 584
1714 600
1718 590
1722 581
1726 573
1730 591
1734 582
1738 598
1742 589
1746 580
1750 597
1754 587
1758 603
1762 593
1766 583
1770 600
1774 590
1778 606
1782 595
1786 611
1790 600
1794 615
1798 603
1802 593
1806 608
1810 598
1814 613
1818 601
1822 616
1826 605
1830 619
1834 607
1838 596
1842 612
1846 600
1850 615
1854 604
1858 618
1862 606
1866 621
1870 609
1874 598
1878 613
1882 602
1886 616
1890 605
1894 619
1898 607
1902 621
1906 609
1910 623
1914 611
1918 625
1922 612
1926 601
1930 616
1934 604
1938 619
1942 607
1946 621
1950 609
1954 623
1958 611
1962 600
1966 615
1970 603
1974 618
1978 606
1982 620
1986 608
1990 622
1994 610
1998 599
2002 614
2006 603
2010 617
2014 605
2018 595
2022 610
2026 599
2030 614
2034 603
2038 592
2042 608
2046 622
2050 610
2054 599
2058 614
2062 603
2066 592
2070 608
2074 597
2078 587
2082 604
2086 593
2090 609
2094 598
2098 613
2102 602
2106 591
2110 607
2114 596
2118 587
2122 603
2126 593
2130 608
2134 597
2138 588
2142 604
2146 593
2150 584
2154 601
2158 590
2162 581
2166 598
2170 588
2174 604
2178 594
2182 585
2186 576
2190 593
2194 584
2198 601
2202 590
2206 581
2210 573
2214 591
2218 582
2222 598
2226 589
2230 580
2234 572
2238 589
2242 580
2246 572
2250 590
2254 581
2258 573
2262 591
2266 581
2270 598
2274 588
2278 579
2282 571
2286 589
2290 580
2294 597
2298 587
2302 579
2306 596
2310 586
2314 602
2318 592
2322 583
2326 600
2330 590
2334 581
2338 597
2342 588
2346 604
2350 593
2354 609
2358 598
2362 588
2366 604
2370 594
2374 609
2378 598
2382 589
2386 605
2390 594
2394 610
2398 599
2402 614
2406 602
2410 617
2414 605
2418 595
2422 610
2426 599
2430 614
2434 603
2438 617
2442 606
2446 620
2450 608
2454 597
2458 612
2462 601
2466 616
2470 604
2474 619
2478 607
2482 621
2486 609
2490 598
2494 613
2498 602
2502 617
2506 605
2510 619
2514 607
2518 622
2522 609
2526 598
2530 613
2534 602
2538 617
2542 605
2546 620
2550 608
2554 622
2558 610
2562 599
2566 614
2570 602
2574 617
2578 605
2582 595
2586 610
2590 599
2594 614
2598 603
2602 592
2606 608
2610 597
2614 612
2618 601
2622 616
2626 604
2630 619
2634 607
2638 596
2642 611
2646 600
2650 615
2654 604
2658 593
2662 609
2666 598
2670 613
2674 602
2678 591
2682 607
2686 597
2690 612
2694 601
2698 590
2702 606
2706 596
2710 611
2714 600
2718 590
2722 606
2726 595
2730 586
2734 602
2738 592
2742 583
2746 599
2750 589
2754 605
2758 595
2762 585
2766 577
2770 594
2774 584
2778 601
2782 591
2786 582
2790 598
2794 589
2798 580
2802 597
2806 587
2810 578
2814 595
2818 586
2822 602
2826 592
2830 583
2834 574
2838 592
2842 583
2846 599
2850 589
2854 580
2858 572
2862 590
2866 581
2870 598
2874 588
2878 579
2882 596
2886 586
2890 578
2894 595
2898 585
2902 577
2906 594
2910 585
2914 601
2918 591
2922 582
2926 599
2930 589
2934 605
2938 594
2942 585
2946 601
2950 591
2954 607
2958 596
2962 586
2966 603
2970 592
2974 608
2978 597
2982 588
2986 604
2990 593
2994 609
2998 598
3002 613
3006 602
3010 617
3014 605
3018 594
3022 610
3026 599
3030 614
3034 602
3038 617
3042 605
3046 620
3050 608
3054 597
3058 612
3062 626
3066 613
3070 602
3074 617
3078 605
3082 619
3086 607
3090 597
3094 612
3098 626
3102 613
3106 602
3110 616
3114 605
3118 619
3122 607
3126 596
3130 612
3134 601
3138 615
3142 604
3146 618
3150 607
3154 596
3158 611
3162 600
3166 615
3170 603
3174 618
3178 606
3182 596
3186 611
3190 600
3194 615
3198 603
3202 593
3206 609
3210 598
3214 613
3218 601
3222 616
3226 605
3230 594
3234 610
3238 599
3242 589
3246 605
3250 594
3254 610
3258 599
3262 614
3266 602
3270 592
3274 608
3278 597
3282 587
3286 603
3290 593
3294 609
3298 598
3302 588
3306 604
3310 594
3314 609
3318 598
3322 588
3326 605
3330 594
3334 610
3338 599
3342 589
3346 605
3350 594
3354 585
3358 601
3362 591
3366 582
3370 599
3374 589
3378 605
3382 594
3386 585
3390 601
3394 591
3398 582
3402 599
3406 589
3410 580
3414 597
3418 587
3422 603
3426 593
3430 584
3434 575
3438 593
3442 583
3446 600
3450 590
3454 581
3458 598
3462 588
3466 579
3470 596
3474 586
3478 578
3482 595
3486 585
3490 602
3494 592
3498 582
3502 599
3506 589
3510 580
3514 597
3518 587
3522 579
3526 596
3530 586
3534 602
3538 592
3542 583
3546 599
3550 589
3554 605
3558 595
3562 610
3566 599
3570 589
3574 605
3578 595
3582 610
3586 599
3590 614
3594 603
3598 592
3602 608
3606 597
3610 612
3614 601
3618 616
3622 604
3626 619
3630 607
3634 596
3638 612
3642 600
3646 615
3650 604
3654 618
3658 606
3662 621
3666 609
3670 598
3674 613
3678 602
3682 616
3686 605
3690 594
3694 610
3698 599
3702 614
3706 602
3710 617
3714 605
3718 620
3722 608
3726 597
3730 612
3734 601
3738 616
3742 604
3746 594
3750 609
3754 598
3758 613
3762 602
3766 592
3770 608
3774 622
3778 609
3782 598
3786 614
3790 602
3794 617
3798 605
3802 595
3806 610
3810 599
3814 614
3818 603
3822 592
3826 608
3830 597
3834 612
3838 601
3842 591
3846 607
3850 596
3854 611
3858 600
3862 590
3866 606
3870 595
3874 611
3878 600
3882 590
3886 606
3890 595
3894 610
3898 599
3902 589
3906 605
3910 595
3914 610
3918 599
3922 589
3926 605
3930 595
3934 610
3938 599
3942 589
3946 605
3950 595
3954 585
3958 602
3962 591
3966 582
3970 599
3974 589
3978 605
3982 594
3986 585
3990 576
3994 594
3998 584
4002 601
4006 591
4010 582
4014 598
4018 588
4022 605
4026 594
4030 585
4034 576
4038 593
4042 584
4046 601
4050 590
4054 581
4058 573
4062 591
4066 582
4070 598
4074 589
4078 580
4082 597
4086 587
4090 578
4094 595
4098 586
4102 602
4106 592
4110 583
4114 599
4118 589
4122 580
4126 597
4130 587
4134 604
4138 593
4142 584
4146 600
4150 590
4154 606
4158 596
4162 611
4166 600
4170 615
4174 603
4178 593
4182 609
4186 598
4190 613
4194 602
4198 591
4202 607
4206 596
4210 612
4214 600
4218 615
4222 604
4226 618
4230 606
4234 596
4238 611
4242 600
4246 615
4250 603
4254 618
4258 606
4262 620
4266 608
4270 597
4274 613
4278 601
4282 616
4286 605
4290 594
4294 610
4298 624
4302 611
4306 600
4310 615
4314 603
4318 618
4322 606
4326 595
4330 611
4334 600
4338 615
4342 603
4346 618
4350 606
4354 595
4358 611
4362 600
4366 615
4370 603
4374 618
4378 606
4382 595
4386 611
4390 600
4394 615
4398 603
4402 593
4406 608
4410 598
4414 613
4418 601
4422 591
4426 607
4430 596
4434 612
4438 600
4442 590
4446 606
4450 596
4454 611
4458 600
4462 590
4466 606
4470 595
4474 611
4478 599
4482 589
4486 605
4490 595
4494 610
4498 599
4502 589
4506 605
4510 595
4514 610
4518 599
4522 589
4526 605
4530 595
4534 610
4538 599
4542 589
4546 605
4550 595
4554 585
4558 602
4562 591
4566 582
4570 599
4574 589
4578 605
4582 594
4586 585
4590 576
4594 594
4598 584
4602 601
4606 591
4610 582
4614 598
4618 588
4622 605
4626 594
4630 585
4634 576
4638 593
4642 584
4646 601
4650 590
4654 581
4658 598
4662 588
4666 579
4670 596
4674 587
4678 578
4682 595
4686 586
4690 602
4694 592
4698 583
4702 599
4706 589
4710 580
4714 597
4718 587
4722 604
4726 593
4730 584
4734 600
4738 590
4742 606
4746 596
4750 611
4754 600
4758 590
4762 606
4766 595
4770 611
4774 599
4778 589
4782 605
4786 595
4790 610
4794 599
4798 614
4802 603
4806 592
4810 608
4814 597
4818 613
4822 601
4826 616
4830 604
4834 619
4838 607
4842 621
4846 609
4850 598
4854 613
4858 602
4862 617
4866 605
4870 619
4874 607
4878 597
4882 612
4886 601
4890 616
4894 604
4898 618
4902 607
4906 596
4910 611
4914 600
4918 615
4922 603
4926 593
4930 609
4934 623
4938 610
4942 599
4946 614
4950 603
4954 618
4958 606
4962 595
4966 611
4970 599
4974 614
4978 603
4982 593
4986 608
4990 597
4994 613
4998 601
5002 591
5006 607
5010 596
5014 612
5018 600
5022 590
5026 606
5030 596
5034 611
5038 600
5042 590
5046 606
5050 595
5054 611
5058 599
5062 589
5066 605
5070 595
5074 610
5078 599
5082 589
5086 605
5090 595
5094 610
5098 599
5102 589
5106 605
5110 595
5114 585
5118 602
5122 591
5126 582
5130 599
5134 589
5138 605
5142 594
5146 585
5150 601
5154 591
5158 607
5162 596
5166 587
5170 603
5174 593
5178 583
5182 600
5186 590
5190 581
5194 598
5198 588
5202 604
5206 594
5210 584
5214 601
5218 591
5222 581
5226 598
5230 588
5234 580
5238 597
5242 587
5246 578
5250 595
5254 586
5258 577
5262 594
5266 585
5270 601
5274 591
5278 582
5282 599
5286 589
5290 605
5294 594
5298 585
5302 601
5306 591
5310 582
5314 599
5318 589
5322 605
5326 594
5330 585
5334 601
5338 591
5342 607
5346 596
5350 612
5354 600
5358 590
5362 606
5366 596
5370 611
5374 600
5378 590
5382 606
5386 595
5390 611
5394 599
5398 614
5402 603
5406 593
5410 608
5414 597
5418 613
5422 601
5426 616
5430 604
5434 594
5438 610
5442 599
5446 614
5450 602
5454 617
5458 605
5462 620
5466 608
5470 622
5474 610
5478 599
5482 614
5486 602
5490 617
5494 605
5498 620
5502 608
5506 597
5510 612
5514 601
5518 616
5522 604
5526 619
5530 607
5534 621
5538 609
5542 598
5546 613
5550 602
5554 616
5558 605
5562 594
5566 610
5570 599
5574 614
5578 602
5582 592
5586 608
5590 597
5594 612
5598 601
5602 591
5606 607
5610 596
5614 611
5618 600
5622 615
5626 604
5630 593
5634 609
5638 598
5642 588
5646 604
5650 594
5654 609
5658 598
5662 613
5666 602
5670 592
5674 608
5678 597
5682 587
5686 603
5690 593
5694 609
5698 598
5702 588
5706 604
5710 594
5714 609
5718 598
5722 588
5726 604
5730 594
5734 609
5738 598
5742 589
5746 605
5750 594
5754 585
5758 601
5762 591
5766 582
5770 599
5774 589
5778 605
5782 594
5786 585
5790 576
5794 594
5798 584
5802 601
5806 591
5810 581
5814 598
5818 588
5822 580
5826 597
5830 587
5834 578
5838 595
5842 586
5846 577
5850 594
5854 585
5858 576
5862 594
5866 584
5870 601
5874 591
5878 581
5882 573
5886 591
5890 582
5894 599
5898 589
5902 580
5906 597
5910 587
5914 603
5918 593
5922 584
5926 600
5930 590
5934 606
5938 595
5942 586
5946 602
5950 592
5954 608
5958 597
5962 612
5966 601
5970 616
5974 604
5978 594
5982 609
5986 598
5990 613
5994 602
5998 617
6002 605
6006 619
6010 607
6014 597
6018 612
6022 601
6026 616
6030 604
6034 619
6038 607
6042 621
6046 609
6050 598
6054 613
6058 602
6062 616
6066 605
6070 619
6074 607
6078 621
6082 609
6086 598
6090 613
6094 602
6098 617
6102 605
6106 619
6110 607
6114 622
6118 609
6122 598
6126 614
6130 602
6134 617
6138 605
6142 595
6146 610
6150 599
6154 614
6158 603
6162 617
6166 606
6170 620
6174 608
6178 597
6182 612
6186 601
6190 591
6194 607
6198 596
6202 611
6206 600
6210 615
6214 604
6218 593
6222 609
6226 598
6230 613
6234 602
6238 591
6242 607
6246 596
6250 587
6254 603
6258 593
6262 608
6266 597
6270 588
6274 604
6278 593
6282 584
6286 601
6290 590
6294 606
6298 596
6302 586
6306 602
6310 592
6314 608
6318 597
6322 587
6326 578
6330 596
6334 586
6338 602
6342 592
6346 583
6350 599
6354 589
6358 605
6362 595
6366 585
6370 577
6374 594
6378 585
6382 601
6386 591
6390 582
6394 599
6398 589
6402 580
6406 597
6410 587
6414 578
6418 595
6422 586
6426 602
6430 592
6434 583
6438 599
6442 589
6446 580
6450 597
6454 587
6458 579
6462 596
6466 586
6470 577
6474 595
6478 585
6482 577
6486 594
6490 584
6494 601
6498 591
6502 582
6506 598
6510 589
6514 605
6518 594
6522 585
6526 601
6530 591
6534 607
6538 596
6542 611
6546 600
6550 615
6554 604
6558 593
6562 609
6566 598
6570 613
6574 602
6578 591
6582 607
6586 597
6590 612
6594 601
6598 615
6602 604
6606 618
6610 607
6614 596
6618 611
6622 600
6626 615
6630 603
6634 618
6638 606
6642 621
6646 608
6650 598
6654 613
6658 601
6662 616
6666 605
6670 619
6674 607
6678 621
6682 609
6686 598
6690 613
6694 602
6698 617
6702 605
6706 619
6710 607
6714 622
6718 609
6722 598
6726 614
6730 602
6734 617
6738 605
6742 595
6746 610
6750 599
6754 614
6758 603
6762 617
6766 606
6770 620
6774 608
6778 597
6782 612
6786 601
6790 591
6794 607
6798 596
6802 611
6806 600
6810 615
6814 604
6818 593
6822 609
6826 598
6830 613
6834 602
6838 591
6842 607
6846 596
6850 587
6854 603
6858 593
6862 608
6866 597
6870 588
6874 604
6878 593
6882 584
6886 601
6890 590
6894 606
6898 596
6902 586
6906 602
6910 592
6914 608
6918 597
6922 587
6926 603
6930 593
6934 584
6938 600
6942 590
6946 581
6950 598
6954 588
6958 604
6962 594
6966 584
6970 601
6974 591
6978 582
6982 598
6986 589
6990 580
6994 597
6998 587
7002 603
7006 593
7010 583
7014 575
7018 593
7022 583
7026 600
7030 590
7034 581
7038 598
7042 588
7046 579
7050 596
7054 586
7058 578
7062 595
7066 585
7070 602
7074 592
7078 582
7082 574
7086 592
7090 582
7094 599
7098 589
7102 605
7106 595
7110 585
7114 602
7118 591
7122 582
7126 599
7130 589
7134 605
7138 594
7142 610
7146 599
7150 614
7154 603
7158 592
7162 608
7166 597
7170 612
7174 601
7178 591
7182 607
7186 621
7190 609
7194 598
7198 613
7202 602
7206 617
7210 605
7214 619
7218 607
7222 622
7226 609
7230 598
7234 613
7238 602
7242 617
7246 605
7250 595
7254 610
7258 624
7262 612
7266 600
7270 615
7274 604
7278 618
7282 606
7286 596
7290 611
7294 600
7298 615
7302 603
7306 618
7310 606
7314 620
7318 608
7322 597
7326 613
7330 601
7334 616
7338 604
7342 594
7346 610
7350 599
7354 614
7358 602
7362 617
7366 605
7370 620
7374 608
7378 597
7382 612
7386 601
7390 591
7394 607
7398 596
7402 611
7406 600
7410 615
7414 603
7418 593
7422 609
7426 598
7430 613
7434 602
7438 591
7442 607
7446 596
7450 612
7454 601
7458 590
7462 606
7466 596
7470 586
7474 602
7478 592
7482 583
7486 599
7490 589
7494 605
7498 595
7502 585
7506 602
7510 592
7514 607
7518 597
7522 587
7526 603
7530 593
7534 583
7538 600
7542 590
7546 581
7550 598
7554 588
7558 604
7562 594
7566 584
7570 576
7574 593
7578 584
7582 600
7586 590
7590 581
7594 598
7598 588
7602 579
7606 596
7610 587
7614 578
7618 595
7622 586
7626 602
7630 592
7634 582
7638 574
7642 592
7646 582
7650 599
7654 589
7658 580
7662 597
7666 587
7670 579
7674 596
7678 586
7682 577
7686 595
7690 585
7694 577
7698 594
7702 584
7706 601
7710 591
7714 607
7718 596
7722 586
7726 603
7730 592
7734 608
7738 597
7742 587
7746 604
7750 593
7754 609
7758 598
7762 588
7766 604
7770 594
7774 609
7778 598
7782 613
7786 602
7790 617
7794 605
7798 595
7802 610
7806 599
7810 614
7814 603
7818 617
7822 605
7826 620
7830 608
7834 622
7838 610
7842 624
7846 611
7850 600
7854 615
7858 604
7862 618
7866 606
7870 621
7874 608
7878 623
7882 610
7886 599
7890 614
7894 628
7898 615
7902 603
7906 618
7910 606
7914 620
7918 608
7922 597
7926 613
7930 601
7934 616
7938 605
7942 619
7946 607
7950 621
7954 609
7958 598
7962 613
7966 602
7970 617
7974 605
7978 594
7982 610
7986 599
7990 614
7994 602
7998 592
8002 608
8006 597
8010 612
8014 601
8018 591
8022 607
8026 596
8030 611
8034 600
8038 590
8042 606
8046 595
8050 611
8054 600
8058 590
8062 606
8066 595
8070 610
8074 599
8078 589
8082 605
8086 595
8090 585
8094 602
8098 591
8102 582
8106 599
8110 589
8114 605
8118 595
8122 585
8126 601
8130 591
8134 607
8138 596
8142 587
8146 578
8150 595
8154 586
8158 602
8162 592
8166 582
8170 599
8174 589
8178 580
8182 597
8186 587
8190 579
8194 596
8198 586
8202 577
8206 595
8210 585
8214 577
8218 594
8222 584
8226 601
8230 591
8234 582
8238 573
8242 591
8246 582
8250 599
8254 589
8258 580
8262 597
8266 587
8270 578
8274 595
8278 586
8282 577
8286 594
8290 585
8294 601
8298 591
8302 582
8306 599
8310 589
8314 605
8318 594
8322 585
8326 601
8330 591
8334 607
8338 596
8342 587
8346 603
8350 593
8354 608
8358 597
8362 588
8366 604
8370 593
8374 609
8378 598
8382 613
8386 602
8390 617
8394 605
8398 594
8402 610
8406 599
8410 614
8414 602
8418 617
8422 605
8426 620
8430 608
8434 597
8438 612
8442 601
8446 616
8450 604
8454 619
8458 607
8462 621
8466 609
8470 623
8474 611
8478 599
8482 614
8486 603
8490 618
8494 606
8498 620
8502 608
8506 622
8510 610
8514 624
8518 611
8522 600
8526 615
8530 604
8534 618
8538 606
8542 621
8546 609
8550 623
8554 610
8558 599
8562 614
8566 603
8570 617
8574 606
8578 595
8582 610
8586 599
8590 614
8594 603
8598 593
8602 608
8606 597
8610 613
8614 601
8618 616
8622 604
8626 594
8630 610
8634 599
8638 589
8642 605
8646 619
8650 607
8654 596
8658 612
8662 601
8666 590
8670 606
8674 596
8678 586
8682 602
8686 592
8690 608
8694 597
8698 587
8702 603
8706 593
8710 609
8714 598
8718 588
8722 604
8726 594
8730 584
8734 601
8738 591
8742 582
8746 598
8750 588
8754 580
8758 597
8762 587
8766 578
8770 595
8774 586
8778 602
8782 592
8786 583
8790 574
8794 592
8798 583
8802 599
8806 589
8810 580
8814 597
8818 587
8822 579
8826 596
8830 586
8834 577
8838 595
8842 585
8846 577
8850 594
8854 584
8858 576
8862 593
8866 584
8870 575
8874 593
8878 584
8882 575
8886 593
8890 583
8894 575
8898 592
8902 583
8906 575
8910 592
8914 583
8918 600
8922 590
8926 581
8930 597
8934 588
8938 604
8942 593
8946 584
8950 601
8954 590
8958 606
8962 596
8966 586
8970 602
8974 592
8978 608
8982 597
8986 612
8990 601
8994 616
8998 604
9002 594
9006 609
9010 598
9014 613
9018 602
9022 617
9026 605
9030 620
9034 608
9038 597
9042 612
9046 601
9050 616
9054 604
9058 619
9062 607
9066 621
9070 609
9074 623
9078 611
9082 624
9086 612
9090 601
9094 616
9098 604
9102 619
9106 607
9110 621
9114 609
9118 623
9122 611
9126 599
9130 614
9134 628
9138 615
9142 604
9146 618
9150 606
9154 621
9158 608
9162 623
9166 610
9170 624
9174 612
9178 600
9182 615
9186 604
9190 618
9194 606
9198 621
9202 609
9206 598
9210 613
9214 602
9218 616
9222 605
9226 619
9230 607
9234 596
9238 612
9242 601
9246 615
9250 604
9254 593
9258 609
9262 598
9266 613
9270 602
9274 592
9278 607
9282 597
9286 612
9290 601
9294 591
9298 606
9302 596
9306 611
9310 600
9314 590
9318 581
9322 598
9326 588
9330 604
9334 594
9338 584
9342 601
9346 591
9350 581
9354 598
9358 588
9362 580
9366 597
9370 587
9374 603
9378 593
9382 583
9386 575
9390 592
9394 583
9398 575
9402 592
9406 583
9410 575
9414 592
9418 583
9422 575
9426 592
9430 583
9434 574
9438 592
9442 583
9446 574
9450 592
9454 583
9458 574
9462 592
9466 583
9470 574
9474 592
9478 583
9482 574
9486 592
9490 583
9494 574
9498 592
9502 583
9506 574
9510 592
9514 583
9518 599
9522 589
9526 580
9530 597
9534 587
9538 604
9542 593
9546 584
9550 600
9554 590
9558 606
9562 596
9566 611
9570 600
9574 615
9578 603
9582 593
9586 609
9590 598
9594 613
9598 601
9602 616
9606 605
9610 619
9614 607
9618 596
9622 612
9626 625
9630 613
9634 602
9638 616
9642 605
9646 619
9650 607
9654 621
9658 609
9662 623
9666 611
9670 600
9674 615
9678 603
9682 618
9686 606
9690 620
9694 608
9698 622
9702 610
9706 624
9710 612
9714 625
9718 613
9722 601
9726 616
9730 605
9734 619
9738 607
9742 596
9746 612
9750 600
9754 615
9758 604
9762 618
9766 606
9770 621
9774 609
9778 598
9782 613
9786 602
9790 616
9794 605
9798 594
9802 610
9806 599
9810 614
9814 602
9818 617
9822 605
9826 620
9830 608
9834 597
9838 612
9842 601
9846 616
9850 604
9854 594
9858 609
9862 598
9866 613
9870 602
9874 592
9878 608
9882 597
9886 587
9890 603
9894 593
9898 584
9902 600
9906 590
9910 606
9914 595
9918 586
9922 602
9926 592
9930 583
9934 599
9938 589
9942 580
9946 597
9950 587
9954 604
9958 593
9962 584
9966 575
9970 593
9974 584
9978 600
9982 590
9986 581
9990 598
9994 588
9998 579
10002 596
10006 587
10010 578
10014 595
10018 585
10022 577
10026 594
10030 585
10034 576
10038 593
10042 584
10046 576
10050 593
10054 584
10058 575
10062 593
10066 583
10070 575
10074 592
10078 583
10082 575
10086 592
10090 583
10094 600
10098 590
10102 581
10106 597
10110 588
10114 579
10118 596
10122 586
10126 578
10130 595
10134 585
10138 602
10142 591
10146 582
10150 599
10154 589
10158 605
10162 595
10166 610
10170 599
10174 614
10178 603
10182 592
10186 608
10190 597
10194 612
10198 601
10202 591
10206 607
10210 621
10214 609
10218 598
10222 613
10226 602
10230 617
10234 605
10238 619
10242 607
10246 622
10250 609
10254 598
10258 613
10262 627
10266 614
10270 603
10274 617
10278 606
10282 620
10286 608
10290 597
10294 612
10298 626
10302 613
10306 602
10310 617
10314 605
10318 620
10322 608
10326 622
10330 609
10334 623
10338 611
10342 600
10346 615
10350 603
10354 618
10358 606
10362 595
10366 611
10370 600
10374 615
10378 603
10382 618
10386 606
10390 620
10394 608
10398 597
10402 613
10406 601
10410 616
10414 604
10418 619
10422 607
10426 596
10430 612
10434 600
10438 590
10442 606
10446 596
10450 611
10454 600
10458 615
10462 603
10466 593
10470 609
10474 598
10478 588
10482 604
10486 594
10490 609
10494 598
10498 613
10502 602
10506 592
10510 607
10514 597
10518 587
10522 603
10526 593
10530 608
10534 598
10538 588
10542 604
10546 594
10550 584
10554 601
10558 591
10562 581
10566 598
10570 588
10574 579
10578 596
10582 587
10586 578
10590 595
10594 586
10598 577
10602 594
10606 585
10610 576
10614 594
10618 584
10622 601
10626 591
10630 581
10634 573
10638 591
10642 582
10646 574
10650 591
10654 582
10658 574
10662 591
10666 582
10670 574
10674 591
10678 582
10682 574
10686 592
10690 582
10694 599
10698 589
10702 580
10706 597
10710 587
10714 579
10718 596
10722 586
10726 577
10730 595
10734 585
10738 602
10742 591
10746 582
10750 599
10754 589
10758 605
10762 594
10766 585
10770 601
10774 616
10778 605
10782 594
10786 610
10790 599
10794 614
10798 602
10802 592
10806 608
10810 622
10814 610
10818 599
10822 614
10826 602
10830 617
10834 605
10838 620
10842 608
10846 622
10850 610
10854 599
10858 614
10862 627
10866 615
10870 603
10874 618
10878 606
10882 620
10886 608
10890 597
10894 612
10898 626
10902 614
10906 602
10910 617
10914 605
10918 620
10922 608
10926 597
10930 612
10934 626
10938 613
10942 602
10946 617
10950 605
10954 619
10958 607
10962 597
10966 612
10970 601
10974 615
10978 604
10982 618
10986 607
10990 621
10994 609
10998 598
11002 613
11006 602
11010 616
11014 605
11018 594
11022 610
11026 599
11030 614
11034 602
11038 592
11042 608
11046 597
11050 612
11054 601
11058 591
11062 607
11066 596
11070 611
11074 600
11078 590
11082 606
11086 595
11090 611
11094 600
11098 590
11102 606
11106 595
11110 610
11114 599
11118 589
11122 605
11126 595
11130 585
11134 602
11138 591
11142 582
11146 599
11150 589
11154 605
11158 595
11162 585
11166 601
11170 591
11174 607
11178 596
11182 587
11186 578
11190 595
11194 586
11198 602
11202 592
11206 582
11210 574
11214 592
11218 582
11222 599
11226 589
11230 580
11234 572
11238 590
11242 581
11246 573
11250 590
11254 581
11258 573
11262 591
11266 582
11270 573
11274 591
11278 582
11282 574
11286 591
11290 582
11294 599
11298 589
11302 580
11306 597
11310 587
11314 603
11318 593
11322 584
11326 600
11330 590
11334 581
11338 598
11342 588
11346 604
11350 594
11354 584
11358 601
11362 591
11366 607
11370 596
11374 611
11378 600
11382 590
11386 606
11390 595
11394 611
11398 600
11402 590
11406 606
11410 595
11414 610
11418 599
11422 614
11426 603
11430 618
11434 606
11438 595
11442 611
11446 599
11450 614
11454 603
11458 618
11462 606
11466 620
11470 608
11474 622
11478 610
11482 624
11486 611
11490 600
11494 615
11498 604
11502 618
11506 606
11510 621
11514 609
11518 623
11522 610
11526 599
11530 614
11534 603
11538 617
11542 606
11546 620
11550 608
11554 622
11558 610
11562 599
11566 614
11570 602
11574 617
11578 605
11582 620
11586 608
11590 597
11594 612
11598 601
11602 616
11606 604
11610 619
11614 607
11618 596
11622 611
11626 600
11630 615
11634 604
11638 593
11642 609
11646 598
11650 613
11654 602
11658 616
11662 605
11666 594
11670 610
11674 599
11678 589
11682 605
11686 594
11690 610
11694 599
11698 589
11702 605
11706 594
11710 610
11714 599
11718 589
11722 605
11726 594
11730 585
11734 601
11738 591
11742 582
11746 599
11750 589
11754 605
11758 594
11762 585
11766 601
11770 591
11774 582
11778 599
11782 589
11786 580
11790 597
11794 587
11798 603
11802 593
11806 584
11810 575
11814 593
11818 583
11822 600
11826 590
11830 581
11834 573
11838 590
11842 581
11846 598
11850 588
11854 579
11858 571
11862 589
11866 580
11870 572
11874 590
11878 581
11882 573
11886 590
11890 581
11894 598
11898 588
11902 579
11906 596
11910 587
11914 578
11918 595
11922 586
11926 602
11930 592
11934 582
11938 599
11942 589
11946 580
11950 597
11954 587
11958 604
11962 593
11966 584
11970 600
11974 615
11978 604
11982 593
11986 609
11990 598
11994 613
11998 602
12002 592
12006 607
12010 597
12014 612
12018 601
12022 616
12026 604
12030 618
12034 607
12038 596
12042 611
12046 600
12050 615
12054 603
12058 618
12062 606
12066 621
12070 608
12074 623
12078 610
12082 624
12086 612
12090 600
12094 615
12098 629
12102 616
12106 604
12110 619
12114 607
12118 621
12122 609
12126 598
12130 613
12134 602
12138 617
12142 605
12146 619
12150 607
12154 622
12158 609
12162 598
12166 613
12170 602
12174 617
12178 605
12182 595
12186 610
12190 599
12194 614
12198 603
12202 617
12206 605
12210 620
12214 608
12218 597
12222 612
12226 601
12230 616
12234 604
12238 594
12242 609
12246 598
12250 613
12254 602
12258 592
12262 608
12266 597
12270 612
12274 601
12278 591
12282 607
12286 596
12290 611
12294 600
12298 590
12302 606
12306 595
12310 611
12314 600
12318 590
12322 606
12326 595
12330 585
12334 602
12338 592
12342 582
12346 599
12350 589
12354 605
12358 595
12362 585
12366 577
12370 594
12374 584
12378 601
12382 591
12386 582
12390 598
12394 589
12398 580
12402 597
12406 587
12410 578
12414 595
12418 586
12422 602
12426 592
12430 583
12434 574
12438 592
12442 583
12446 599
12450 589
12454 580
12458 597
12462 587
12466 579
12470 596
12474 586
12478 577
12482 595
12486 585
12490 577
12494 594
12498 584
12502 576
12506 593
12510 584
12514 600
12518 590
12522 581
12526 598
12530 588
12534 604
12538 594
12542 584
12546 601
12550 591
12554 607
12558 596
12562 586
12566 603
12570 592
12574 608
12578 597
12582 587
12586 604
12590 593
12594 609
12598 598
12602 613
12606 602
12610 616
12614 605
12618 594
12622 610
12626 599
12630 614
12634 602
12638 592
12642 608
12646 597
12650 612
12654 601
12658 616
12662 604
12666 619
12670 607
12674 621
12678 609
12682 598
12686 613
12690 602
12694 617
12698 605
12702 619
12706 607
12710 622
12714 609
12718 598
12722 613
12726 602
12730 617
12734 605
12738 620
12742 608
12746 622
12750 609
12754 598
12758 614
12762 602
12766 617
12770 605
12774 620
12778 608
12782 597
12786 612
12790 601
12794 616
12798 604
12802 594
12806 609
12810 623
12814 611
12818 600
12822 615
12826 603
12830 618
12834 606
12838 595
12842 611
12846 600
12850 615
12854 603
12858 593
12862 608
12866 598
12870 613
12874 601
12878 591
12882 607
12886 596
12890 612
12894 600
12898 590
12902 606
12906 596
12910 611
12914 600
12918 590
12922 606
12926 595
12930 586
12934 602
12938 592
12942 582
12946 599
12950 589
12954 605
12958 595
12962 585
12966 577
12970 594
12974 584
12978 601
12982 591
12986 582
12990 598
12994 589
12998 580
13002 597
13006 587
13010 578
13014 595
13018 586
13022 602
13026 592
13030 583
13034 574
13038 592
13042 583
13046 599
13050 589
13054 580
13058 572
13062 590
13066 581
13070 598
13074 588
13078 579
13082 571
13086 589
13090 580
13094 597
13098 587
13102 578
13106 596
13110 586
13114 602
13118 592
13122 583
13126 599
13130 589
13134 580
13138 597
13142 588
13146 604
13150 593
13154 609
13158 598
13162 588
13166 604
13170 594
13174 609
13178 598
13182 589
13186 605
13190 594
13194 610
13198 599
13202 614
13206 602
13210 617
13214 605
13218 595
13222 610
13226 599
13230 614
13234 603
13238 592
13242 608
13246 597
13250 612
13254 601
13258 616
13262 604
13266 619
13270 607
13274 621
13278 609
13282 623
13286 611
13290 600
13294 615
13298 603
13302 618
13306 606
13310 620
13314 608
13318 622
13322 610
13326 599
13330 614
13334 603
13338 617
13342 605
13346 620
13350 608
13354 597
13358 612
13362 601
13366 616
13370 604
13374 619
13378 607
13382 596
13386 611
13390 600
13394 615
13398 604
13402 593
13406 609
13410 598
13414 613
13418 602
13422 616
13426 605
13430 619
13434 607
13438 596
13442 612
13446 601
13450 615
13454 604
13458 593
13462 609
13466 598
13470 613
13474 602
13478 592
13482 607
13486 597
13490 612
13494 601
13498 591
13502 606
13506 596
13510 611
13514 600
13518 590
13522 606
13526 595
13530 586
13534 602
13538 592
13542 583
13546 599
13550 589
13554 580
13558 597
13562 587
13566 579
13570 596
13574 586
13578 602
13582 592
13586 583
13590 600
13594 590
13598 581
13602 597
13606 588
13610 579
13614 596
13618 586
13622 603
13626 592
13630 583
13634 575
13638 592
13642 583
13646 575
13650 592
13654 583
13658 574
13662 592
13666 583
13670 599
13674 589
13678 580
13682 597
13686 588
13690 579
13694 596
13698 586
13702 578
13706 595
13710 585
13714 602
13718 591
13722 582
13726 599
13730 589
13734 605
13738 594
13742 585
13746 601
13750 591
13754 607
13758 596
13762 612
13766 600
13770 615
13774 604
13778 593
13782 609
13786 598
13790 613
13794 602
13798 592
13802 607
13806 597
13810 612
13814 601
13818 616
13822 604
13826 618
13830 607
13834 596
13838 611
13842 600
13846 615
13850 603
13854 618
13858 606
13862 621
13866 608
13870 598
13874 613
13878 601
13882 616
13886 605
13890 619
13894 607
13898 621
13902 609
13906 598
13910 613
13914 602
13918 617
13922 605
13926 594
13930 610
13934 599
13938 614
13942 603
13946 617
13950 605
13954 595
13958 610
13962 599
13966 614
13970 603
13974 617
13978 606
13982 595
13986 610
13990 599
13994 614
13998 603
14002 593
14006 608
14010 597
14014 613
14018 601
14022 591
14026 607
14030 596
14034 612
14038 600
14042 590
14046 606
14050 596
14054 611
14058 600
14062 590
14066 606
14070 595
14074 611
14078 599
14082 589
14086 605
14090 595
14094 585
14098 602
14102 592
14106 582
14110 599
14114 589
14118 605
14122 595
14126 585
14130 601
14134 591
14138 607
14142 596
14146 587
14150 603
14154 593
14158 583
14162 600
14166 590
14170 581
14174 598
14178 588
14182 604
14186 594
14190 584
14194 601
14198 591
14202 581
14206 598
14210 588
14214 580
14218 597
14222 587
14226 603
14230 593
14234 583
14238 600
14242 590
14246 581
14250 598
14254 588
14258 579
14262 596
14266 586
14270 603
14274 592
14278 583
14282 600
14286 590
14290 581
14294 598
14298 588
14302 604
14306 594
14310 584
14314 601
14318 591
14322 581
14326 598
14330 588
14334 604
14338 594
14342 610
14346 599
14350 614
14354 602
14358 592
14362 608
14366 597
14370 612
14374 601
14378 591
14382 607
14386 596
14390 611
14394 600
14398 590
14402 606
14406 595
14410 611
14414 600
14418 615
14422 603
14426 618
14430 606
14434 595
14438 611
14442 600
14446 615
14450 603
14454 618
14458 606
14462 620
14466 608
14470 597
14474 613
14478 601
14482 616
14486 604
14490 594
14494 609
14498 623
14502 611
14506 600
14510 615
14514 603
14518 618
14522 606
14526 595
14530 611
14534 600
14538 615
14542 603
14546 593
14550 608
14554 598
14558 613
14562 601
14566 591
14570 607
14574 596
14578 612
14582 600
14586 615
14590 604
14594 593
14598 609
14602 598
14606 613
14610 602
14614 617
14618 605
14622 594
14626 610
14630 599
14634 614
14638 602
14642 592
14646 608
14650 597
14654 612
14658 601
14662 591
14666 607
14670 596
14674 611
14678 600
14682 590
14686 606
14690 595
14694 586
14698 602
14702 592
14706 608
14710 597
14714 587
14718 603
14722 593
14726 584
14730 600
14734 590
14738 606
14742 595
14746 586
14750 602
14754 592
14758 583
14762 599
14766 589
14770 580
14774 597
14778 588
14782 604
14786 593
14790 584
14794 600
14798 590
14802 581
14806 598
14810 588
14814 579
14818 596
14822 587
14826 603
14830 593
14834 583
14838 600
14842 590
14846 581
14850 598
14854 588
14858 579
14862 596
14866 586
14870 603
14874 592
14878 583
14882 600
14886 590
14890 581
14894 598
14898 588
14902 604
14906 594
14910 584
14914 601
14918 591
14922 581
14926 598
14930 588
14934 604
14938 594
14942 585
14946 601
14950 591
14954 607
14958 596
14962 611
14966 600
14970 590
14974 606
14978 595
14982 611
14986 600
14990 615
14994 603
14998 593
