10 0
14 0
18 0
22 0
26 0
30 0
34 0
38 0
42 0
46 0
50 0
54 0
58 0
62 0
66 0
70 0
74 0
78 0
82 25
86 22
90 20
94 43
98 63
102 57
106 76
110 94
114 109
118 123
122 136
126 172
130 180
134 187
138 218
142 221
146 249
150 274
154 272
158 294
162 315
166 308
170 328
174 345
178 360
182 374
186 387
190 398
194 408
198 442
202 448
206 453
210 458
214 462
218 491
222 492
226 492
230 518
234 516
238 540
242 536
246 532
250 554
254 548
258 568
262 562
266 580
270 572
274 590
278 581
282 598
286 613
290 602
294 616
298 630
302 617
306 630
310 642
314 628
318 640
322 651
326 636
330 647
334 657
338 642
342 652
346 662
350 671
354 679
358 661
362 670
366 678
370 685
374 691
378 672
382 680
386 687
390 693
394 699
398 679
402 686
406 692
410 698
414 703
418 708
422 712
426 691
430 697
434 702
438 707
442 711
446 715
450 718
454 721
458 724
462 702
466 706
470 711
474 715
478 718
482 721
486 724
490 727
494 729
498 706
502 710
506 714
510 718
514 721
518 724
522 726
526 729
530 731
534 708
538 712
542 716
546 719
550 722
554 725
558 727
562 729
566 731
570 733
574 735
578 711
582 715
586 719
590 722
594 724
598 727
602 729
606 731
610 733
614 710
618 714
622 717
626 721
630 723
634 726
638 728
642 730
646 732
650 734
654 736
658 712
662 741
666 717
670 720
674 723
678 726
682 728
686 730
690 732
694 734
698 735
702 737
706 738
710 739
714 740
718 741
722 742
726 718
730 721
734 724
738 726
742 729
746 731
750 733
754 734
758 736
762 737
766 738
770 740
774 741
778 741
782 742
786 743
790 744
794 744
798 745
802 720
806 748
810 723
814 751
818 726
822 728
826 730
830 732
834 734
838 735
842 737
846 738
850 739
854 740
858 741
862 742
866 743
870 743
874 744
878 745
882 745
886 746
890 746
894 746
898 747
902 747
906 747
910 747
914 748
918 748
922 748
926 748
930 748
934 748
938 748
942 749
946 749
950 749
954 749
958 749
962 749
966 749
970 749
974 749
978 749
982 749
986 749
990 749
994 749
998 749
1002 749
1006 749
1010 749
1014 724
1018 752
1022 727
1026 754
1030 728
1034 731
1038 732
1042 734
1046 736
1050 737
1054 738
1058 739
1062 740
1066 741
1070 742
1074 743
1078 744
1082 744
1086 745
1090 745
1094 746
1098 746
1102 746
1106 722
1110 749
1114 724
1118 727
1122 729
1126 731
1130 733
1134 735
1138 736
1142 738
1146 739
1150 740
1154 741
1158 742
1162 742
1166 743
1170 744
1174 744
1178 745
1182 720
1186 723
1190 726
1194 728
1198 730
1202 732
1206 734
1210 736
1214 737
1218 738
1222 739
1226 740
1230 741
1234 742
1238 743
1242 743
1246 744
1250 745
1254 745
1258 721
1262 748
1266 724
1270 751
1274 726
1278 728
1282 730
1286 732
1290 734
1294 736
1298 737
1302 738
1306 739
1310 740
1314 741
1318 742
1322 743
1326 744
1330 744
1334 745
1338 745
1342 746
1346 746
1350 746
1354 747
1358 747
1362 747
1366 747
1370 748
1374 748
1378 748
1382 748
1386 748
1390 748
1394 749
1398 749
1402 749
1406 749
1410 749
1414 749
1418 749
1422 749
1426 749
1430 749
1434 749
1438 724
1442 752
1446 726
1450 754
1454 728
1458 755
1462 730
1466 732
1470 734
1474 735
1478 737
1482 738
1486 739
1490 740
1494 741
1498 742
1502 743
1506 743
1510 744
1514 745
1518 745
1522 745
1526 746
1530 746
1534 747
1538 747
1542 747
1546 747
1550 748
1554 748
1558 748
1562 748
1566 748
1570 723
1574 726
1578 728
1582 730
1586 732
1590 734
1594 736
1598 737
1602 738
1606 739
1610 740
1614 741
1618 742
1622 743
1626 744
1630 744
1634 745
1638 745
1642 746
1646 746
1650 746
1654 722
1658 749
1662 724
1666 727
1670 729
1674 731
1678 733
1682 735
1686 736
1690 738
1694 739
1698 740
1702 741
1706 742
1710 742
1714 743
1718 744
1722 744
1726 745
1730 745
1734 746
1738 721
1742 724
1746 727
1750 754
1754 728
1758 730
1762 732
1766 734
1770 736
1774 737
1778 738
1782 739
1786 740
1790 741
1794 742
1798 743
1802 744
1806 744
1810 745
1814 745
1818 746
1822 746
1826 746
1830 747
1834 747
1838 747
1842 747
1846 748
1850 748
1854 723
1858 751
1862 726
1866 753
1870 728
1874 730
1878 732
1882 734
1886 735
1890 737
1894 738
1898 739
1902 740
1906 741
1910 742
1914 743
1918 743
1922 744
1926 744
1930 745
1934 745
1938 746
1942 746
1946 747
1950 747
1954 747
1958 747
1962 748
1966 748
1970 748
1974 748
1978 748
1982 748
1986 723
1990 726
1994 728
1998 731
2002 732
2006 734
2010 736
2014 737
2018 738
2022 739
2026 740
2030 741
2034 742
2038 743
2042 744
2046 744
2050 745
2054 745
2058 746
2062 721
2066 724
2070 726
2074 729
2078 731
2082 733
2086 734
2090 736
2094 737
2098 738
2102 740
2106 741
2110 741
2114 742
2118 743
2122 744
2126 744
2130 720
2134 748
2138 723
2142 751
2146 725
2150 728
2154 730
2158 732
2162 734
2166 735
2170 737
2174 738
2178 739
2182 740
2186 741
2190 742
2194 743
2198 743
2202 744
2206 745
2210 745
2214 745
2218 746
2222 746
2226 747
2230 722
2234 750
2238 725
2242 752
2246 727
2250 729
2254 731
2258 733
2262 735
2266 736
2270 737
2274 739
2278 740
2282 741
2286 742
2290 742
2294 743
2298 744
2302 744
2306 745
2310 745
2314 746
2318 746
2322 746
2326 747
2330 747
2334 747
2338 747
2342 748
2346 748
2350 748
2354 748
2358 748
2362 748
2366 749
2370 749
2374 749
2378 749
2382 749
2386 724
2390 751
2394 751
2398 751
2402 726
2406 728
2410 730
2414 732
2418 734
2422 736
2426 737
2430 738
2434 739
2438 740
2442 741
2446 742
2450 743
2454 744
2458 744
2462 745
2466 745
2470 746
2474 746
2478 746
2482 747
2486 747
2490 747
2494 722
2498 750
2502 725
2506 728
2510 730
2514 732
2518 733
2522 735
2526 737
2530 738
2534 739
2538 740
2542 741
2546 742
2550 743
2554 718
2558 721
2562 724
2566 727
2570 729
2574 731
2578 733
2582 735
2586 736
2590 737
2594 739
2598 740
2602 741
2606 717
2610 745
2614 720
2618 723
2622 726
2626 728
2630 730
2634 732
2638 734
2642 736
2646 737
2650 738
2654 739
2658 740
2662 741
2666 742
2670 743
2674 743
2678 744
2682 745
2686 745
2690 746
2694 746
2698 721
2702 749
2706 724
2710 727
2714 729
2718 731
2722 733
2726 735
2730 736
2734 737
2738 739
2742 740
2746 741
2750 742
2754 742
2758 743
2762 744
2766 744
2770 745
2774 745
2778 746
2782 746
2786 746
2790 747
2794 747
2798 747
2802 747
2806 748
2810 748
2814 748
2818 748
2822 748
2826 748
2830 749
2834 749
2838 749
2842 749
2846 749
2850 749
2854 749
2858 749
2862 749
2866 749
2870 749
2874 749
2878 749
2882 749
2886 749
2890 749
2894 724
2898 752
2902 727
2906 754
2910 728
2914 756
2918 730
2922 732
2926 734
2930 735
2934 737
2938 738
2942 739
2946 740
2950 741
2954 742
2958 743
2962 743
2966 744
2970 745
2974 745
2978 745
2982 746
2986 746
2990 747
2994 747
2998 747
3002 722
3006 750
3010 725
3014 727
3018 730
3022 732
3026 733
3030 735
3034 736
3038 738
3042 739
3046 740
3050 741
3054 742
3058 743
3062 718
3066 721
3070 724
3074 727
3078 729
3082 731
3086 733
3090 735
3094 736
3098 737
3102 739
3106 740
3110 741
3114 742
3118 742
3122 718
3126 721
3130 724
3134 727
3138 729
3142 731
3146 733
3150 734
3154 736
3158 737
3162 739
3166 740
3170 741
3174 742
3178 742
3182 743
3186 744
3190 719
3194 722
3198 725
3202 727
3206 730
3210 732
3214 733
3218 735
3222 736
3226 738
3230 739
3234 740
3238 741
3242 742
3246 743
3250 743
3254 744
3258 744
3262 745
3266 745
3270 746
3274 746
3278 747
3282 747
3286 747
3290 722
3294 725
3298 727
3302 755
3306 729
3310 756
3314 731
3318 732
3322 734
3326 736
3330 737
3334 738
3338 739
3342 740
3346 741
3350 742
3354 743
3358 744
3362 744
3366 745
3370 745
3374 746
3378 746
3382 746
3386 747
3390 747
3394 747
3398 747
3402 748
3406 748
3410 748
3414 748
3418 748
3422 748
3426 749
3430 749
3434 749
3438 749
3442 749
3446 749
3450 749
3454 724
3458 752
3462 726
3466 754
3470 728
3474 730
3478 732
3482 734
3486 736
3490 737
3494 738
3498 739
3502 740
3506 741
3510 742
3514 743
3518 744
3522 744
3526 745
3530 745
3534 746
3538 746
3542 746
3546 722
3550 749
3554 724
3558 727
3562 729
3566 731
3570 733
3574 735
3578 736
3582 738
3586 739
3590 740
3594 741
3598 742
3602 742
3606 743
3610 744
3614 744
3618 745
3622 745
3626 746
3630 721
3634 749
3638 724
3642 727
3646 729
3650 731
3654 733
3658 734
3662 736
3666 737
3670 739
3674 740
3678 741
3682 741
3686 742
3690 743
3694 744
3698 744
3702 745
3706 720
3710 723
3714 726
3718 728
3722 730
3726 732
3730 734
3734 736
3738 737
3742 738
3746 739
3750 740
3754 741
3758 742
3762 743
3766 743
3770 744
3774 745
3778 745
3782 746
3786 746
3790 746
3794 747
3798 747
3802 747
3806 747
3810 748
3814 723
3818 750
3822 725
3826 753
3830 727
3834 755
3838 729
3842 731
3846 733
3850 735
3854 736
3858 737
3862 739
3866 740
3870 741
3874 742
3878 742
3882 743
3886 744
3890 744
3894 745
3898 745
3902 746
3906 746
3910 746
3914 747
3918 747
3922 747
3926 747
3930 748
3934 748
3938 723
3942 751
3946 726
3950 753
3954 728
3958 730
3962 732
3966 734
3970 735
3974 737
3978 738
3982 739
3986 740
3990 741
3994 742
3998 743
4002 743
4006 744
4010 744
4014 745
4018 745
4022 721
4026 749
4030 724
4034 726
4038 729
4042 731
4046 733
4050 734
4054 736
4058 737
4062 738
4066 740
4070 741
4074 741
4078 742
4082 743
4086 744
4090 744
4094 745
4098 745
4102 746
4106 746
4110 746
4114 747
4118 747
4122 722
4126 750
4130 725
4134 727
4138 730
4142 732
4146 733
4150 735
4154 736
4158 738
4162 739
4166 740
4170 741
4174 742
4178 743
4182 743
4186 744
4190 744
4194 745
4198 745
4202 746
4206 746
4210 747
4214 747
4218 747
4222 747
4226 748
4230 723
4234 750
4238 725
4242 753
4246 727
4250 755
4254 729
4258 731
4262 733
4266 735
4270 736
4274 737
4278 739
4282 740
4286 741
4290 742
4294 742
4298 743
4302 744
4306 744
4310 745
4314 745
4318 746
4322 746
4326 746
4330 747
4334 747
4338 747
4342 747
4346 748
4350 748
4354 748
4358 748
4362 748
4366 748
4370 724
4374 751
4378 726
4382 728
4386 730
4390 732
4394 734
4398 736
4402 737
4406 738
4410 739
4414 740
4418 741
4422 742
4426 743
4430 744
4434 744
4438 745
4442 745
4446 746
4450 746
4454 721
4458 724
4462 727
4466 729
4470 731
4474 733
4478 735
4482 736
4486 737
4490 739
4494 740
4498 741
4502 742
4506 742
4510 743
4514 744
4518 744
4522 720
4526 723
4530 725
4534 728
4538 730
4542 732
4546 734
4550 735
4554 737
4558 738
4562 739
4566 740
4570 741
4574 742
4578 743
4582 743
4586 744
4590 720
4594 748
4598 723
4602 725
4606 728
4610 730
4614 732
4618 734
4622 735
4626 737
4630 738
4634 739
4638 740
4642 741
4646 742
4650 743
4654 743
4658 744
4662 745
4666 745
4670 745
4674 746
4678 746
4682 722
4686 749
4690 724
4694 752
4698 727
4702 729
4706 731
4710 733
4714 735
4718 736
4722 737
4726 739
4730 740
4734 741
4738 742
4742 742
4746 743
4750 744
4754 744
4758 745
4762 745
4766 746
4770 746
4774 746
4778 747
4782 747
4786 747
4790 747
4794 748
4798 748
4802 748
4806 748
4810 748
4814 748
4818 749
4822 749
4826 749
4830 749
4834 749
4838 749
4842 749
4846 749
4850 749
4854 749
4858 749
4862 749
4866 749
4870 749
4874 749
4878 724
4882 727
4886 729
4890 731
4894 733
4898 735
4902 736
4906 737
4910 739
4914 740
4918 741
4922 742
4926 742
4930 743
4934 744
4938 744
4942 745
4946 720
4950 748
4954 723
4958 726
4962 728
4966 730
4970 732
4974 734
4978 736
4982 737
4986 738
4990 739
4994 740
4998 741
5002 742
5006 718
5010 721
5014 724
5018 726
5022 729
5026 731
5030 733
5034 734
5038 736
5042 737
5046 738
5050 740
5054 741
5058 741
5062 742
5066 718
5070 721
5074 724
5078 727
5082 729
5086 731
5090 733
5094 734
5098 736
5102 737
5106 739
5110 740
5114 741
5118 741
5122 742
5126 743
5130 744
5134 719
5138 722
5142 725
5146 727
5150 730
5154 732
5158 733
5162 735
5166 736
5170 738
5174 739
5178 740
5182 741
5186 742
5190 743
5194 743
5198 744
5202 744
5206 745
5210 720
5214 748
5218 723
5222 751
5226 726
5230 753
5234 728
5238 730
5242 732
5246 734
5250 735
5254 737
5258 738
5262 739
5266 740
5270 741
5274 742
5278 743
5282 743
5286 744
5290 745
5294 745
5298 745
5302 746
5306 746
5310 747
5314 747
5318 747
5322 747
5326 748
5330 748
5334 748
5338 748
5342 748
5346 748
5350 748
5354 749
5358 749
5362 749
5366 749
5370 749
5374 749
5378 749
5382 749
5386 749
5390 724
5394 752
5398 726
5402 729
5406 731
5410 733
5414 734
5418 736
5422 737
5426 738
5430 740
5434 741
5438 741
5442 742
5446 743
5450 744
5454 744
5458 745
5462 745
5466 721
5470 749
5474 724
5478 751
5482 726
5486 728
5490 731
5494 732
5498 734
5502 736
5506 737
5510 738
5514 739
5518 740
5522 741
5526 742
5530 743
5534 744
5538 744
5542 745
5546 745
5550 721
5554 723
5558 726
5562 728
5566 731
5570 732
5574 734
5578 736
5582 737
5586 738
5590 739
5594 740
5598 741
5602 742
5606 743
5610 744
5614 744
5618 720
5622 723
5626 725
5630 728
5634 730
5638 732
5642 734
5646 735
5650 737
5654 738
5658 739
5662 740
5666 741
5670 742
5674 743
5678 743
5682 744
5686 720
5690 748
5694 723
5698 725
5702 728
5706 730
5710 732
5714 734
5718 735
5722 737
5726 738
5730 739
5734 740
5738 741
5742 742
5746 743
5750 743
5754 744
5758 745
5762 745
5766 745
5770 746
5774 746
5778 747
5782 747
5786 722
5790 750
5794 725
5798 752
5802 727
5806 754
5810 729
5814 731
5818 733
5822 734
5826 736
5830 737
5834 738
5838 740
5842 741
5846 741
5850 742
5854 743
5858 744
5862 744
5866 745
5870 745
5874 746
5878 746
5882 746
5886 747
5890 747
5894 722
5898 750
5902 725
5906 727
5910 730
5914 732
5918 733
5922 735
5926 736
5930 738
5934 739
5938 740
5942 741
5946 742
5950 743
5954 743
5958 744
5962 719
5966 747
5970 723
5974 725
5978 728
5982 730
5986 732
5990 734
5994 735
5998 737
6002 738
6006 739
6010 740
6014 741
6018 742
6022 743
6026 743
6030 744
6034 745
6038 745
6042 745
6046 721
6050 749
6054 724
6058 751
6062 726
6066 729
6070 731
6074 733
6078 734
6082 736
6086 737
6090 738
6094 739
6098 740
6102 741
6106 742
6110 743
6114 744
6118 744
6122 745
6126 745
6130 746
6134 746
6138 721
6142 749
6146 724
6150 752
6154 727
6158 729
6162 731
6166 733
6170 734
6174 736
6178 737
6182 739
6186 740
6190 741
6194 741
6198 742
6202 743
6206 744
6210 744
6214 745
6218 745
6222 746
6226 746
6230 746
6234 747
6238 747
6242 747
6246 722
6250 750
6254 725
6258 753
6262 727
6266 729
6270 731
6274 733
6278 735
6282 736
6286 738
6290 739
6294 740
6298 741
6302 742
6306 743
6310 743
6314 744
6318 744
6322 745
6326 745
6330 746
6334 746
6338 746
6342 747
6346 722
6350 750
6354 725
6358 727
6362 729
6366 731
6370 733
6374 735
6378 736
6382 738
6386 739
6390 740
6394 741
6398 742
6402 743
6406 743
6410 744
6414 719
6418 722
6422 725
6426 728
6430 730
6434 732
6438 734
6442 735
6446 737
6450 738
6454 739
6458 740
6462 741
6466 717
6470 720
6474 723
6478 726
6482 728
6486 730
6490 732
6494 734
6498 735
6502 737
6506 738
6510 739
6514 740
6518 741
6522 742
6526 743
6530 743
6534 719
6538 722
6542 725
6546 727
6550 730
6554 732
6558 733
6562 735
6566 736
6570 738
6574 739
6578 740
6582 741
6586 742
6590 743
6594 743
6598 744
6602 719
6606 747
6610 723
6614 750
6618 725
6622 728
6626 730
6630 732
6634 734
6638 735
6642 737
6646 738
6650 739
6654 740
6658 741
6662 742
6666 743
6670 743
6674 744
6678 745
6682 745
6686 745
6690 746
6694 746
6698 747
6702 747
6706 747
6710 747
6714 748
6718 748
6722 748
6726 748
6730 748
6734 723
6738 751
6742 726
6746 753
6750 728
6754 730
6758 732
6762 734
6766 735
6770 737
6774 738
6778 739
6782 740
6786 741
6790 742
6794 743
6798 743
6802 744
6806 745
6810 745
6814 745
6818 746
6822 746
6826 747
6830 747
6834 747
6838 747
6842 748
6846 748
6850 748
6854 723
6858 726
6862 728
6866 730
6870 732
6874 734
6878 735
6882 737
6886 738
6890 739
6894 740
6898 741
6902 742
6906 743
6910 718
6914 722
6918 724
6922 727
6926 729
6930 731
6934 733
6938 735
6942 736
6946 737
6950 739
6954 715
6958 718
6962 721
6966 724
6970 727
6974 729
6978 731
6982 733
6986 735
6990 736
6994 737
6998 714
7002 717
7006 720
7010 723
7014 726
7018 728
7022 730
7026 732
7030 734
7034 736
7038 737
7042 738
7046 739
7050 715
7054 744
7058 719
7062 722
7066 725
7070 728
7074 730
7078 732
7082 733
7086 735
7090 737
7094 738
7098 739
7102 740
7106 741
7110 717
7114 745
7118 721
7122 723
7126 726
7130 728
7134 731
7138 732
7142 734
7146 736
7150 737
7154 738
7158 739
7162 740
7166 741
7170 742
7174 743
7178 744
7182 744
7186 745
7190 745
7194 746
7198 746
7202 746
7206 747
7210 747
7214 747
7218 722
7222 725
7226 728
7230 755
7234 729
7238 756
7242 731
7246 732
7250 734
7254 736
7258 737
7262 738
7266 739
7270 740
7274 741
7278 742
7282 743
7286 744
7290 744
7294 745
7298 745
7302 746
7306 746
7310 746
7314 747
7318 747
7322 747
7326 747
7330 748
7334 748
7338 748
7342 748
7346 748
7350 748
7354 749
7358 724
7362 751
7366 726
7370 728
7374 730
7378 732
7382 734
7386 736
7390 737
7394 738
7398 739
7402 740
7406 741
7410 742
7414 743
7418 744
7422 744
7426 745
7430 745
7434 721
7438 748
7442 724
7446 726
7450 729
7454 731
7458 732
7462 734
7466 736
7470 737
7474 738
7478 739
7482 740
7486 741
7490 742
7494 743
7498 744
7502 719
7506 722
7510 725
7514 727
7518 730
7522 732
7526 733
7530 735
7534 736
7538 738
7542 739
7546 740
7550 741
7554 717
7558 745
7562 721
7566 723
7570 726
7574 728
7578 730
7582 732
7586 734
7590 736
7594 737
7598 738
7602 739
7606 740
7610 741
7614 717
7618 720
7622 723
7626 726
7630 728
7634 730
7638 732
7642 734
7646 736
7650 737
7654 738
7658 739
7662 740
7666 741
7670 742
7674 743
7678 744
7682 719
7686 747
7690 722
7694 725
7698 728
7702 730
7706 732
7710 733
7714 735
7718 737
7722 738
7726 739
7730 740
7734 741
7738 742
7742 743
7746 743
7750 744
7754 744
7758 745
7762 745
7766 721
7770 749
7774 724
7778 726
7782 729
7786 731
7790 733
7794 734
7798 736
7802 737
7806 738
7810 740
7814 741
7818 741
7822 742
7826 743
7830 744
7834 744
7838 745
7842 720
7846 748
7850 723
7854 751
7858 726
7862 728
7866 730
7870 732
7874 734
7878 735
7882 737
7886 738
7890 739
7894 740
7898 741
7902 742
7906 743
7910 718
7914 747
7918 722
7922 725
7926 727
7930 729
7934 731
7938 733
7942 735
7946 736
7950 738
7954 739
7958 740
7962 741
7966 742
7970 717
7974 721
7978 724
7982 726
7986 728
7990 731
7994 732
7998 734
8002 736
8006 737
8010 738
8014 739
8018 740
8022 741
8026 742
8030 743
8034 744
8038 719
8042 722
8046 725
8050 727
8054 730
8058 732
8062 733
8066 735
8070 736
8074 738
8078 739
8082 740
8086 741
8090 742
8094 743
8098 718
8102 721
8106 724
8110 727
8114 729
8118 731
8122 733
8126 735
8130 736
8134 737
8138 739
8142 740
8146 741
8150 742
8154 742
8158 743
8162 744
8166 744
8170 745
8174 720
8178 723
8182 726
8186 728
8190 730
8194 732
8198 734
8202 736
8206 737
8210 738
8214 739
8218 740
8222 741
8226 742
8230 743
8234 743
8238 744
8242 720
8246 748
8250 723
8254 750
8258 725
8262 728
8266 730
8270 732
8274 734
8278 735
8282 737
8286 738
8290 739
8294 740
8298 741
8302 742
8306 743
8310 743
8314 744
8318 720
8322 723
8326 725
8330 728
8334 730
8338 732
8342 734
8346 735
8350 737
8354 738
8358 739
8362 715
8366 719
8370 722
8374 724
8378 727
8382 729
8386 731
8390 733
8394 735
8398 736
8402 738
8406 739
8410 740
8414 716
8418 719
8422 722
8426 725
8430 727
8434 730
8438 732
8442 733
8446 735
8450 736
8454 738
8458 739
8462 740
8466 716
8470 744
8474 720
8478 723
8482 725
8486 728
8490 730
8494 732
8498 734
8502 735
8506 737
8510 738
8514 739
8518 740
8522 741
8526 742
8530 743
8534 718
8538 721
8542 724
8546 727
8550 729
8554 731
8558 733
8562 735
8566 736
8570 737
8574 739
8578 740
8582 741
8586 742
8590 742
8594 743
8598 744
8602 719
8606 747
8610 723
8614 750
8618 725
8622 728
8626 730
8630 732
8634 734
8638 735
8642 737
8646 738
8650 739
8654 740
8658 741
8662 742
8666 743
8670 743
8674 744
8678 744
8682 745
8686 745
8690 746
8694 721
8698 749
8702 724
8706 752
8710 726
8714 729
8718 731
8722 733
8726 734
8730 736
8734 737
8738 738
8742 740
8746 741
8750 741
8754 742
8758 743
8762 744
8766 744
8770 745
8774 745
8778 721
8782 724
8786 726
8790 728
8794 731
8798 732
8802 734
8806 736
8810 737
8814 738
8818 739
8822 740
8826 741
8830 742
8834 743
8838 719
8842 722
8846 724
8850 727
8854 729
8858 731
8862 733
8866 735
8870 736
8874 713
8878 741
8882 717
8886 720
8890 723
8894 726
8898 728
8902 730
8906 732
8910 734
8914 736
8918 712
8922 716
8926 719
8930 722
8934 725
8938 727
8942 730
8946 732
8950 733
8954 710
8958 739
8962 715
8966 718
8970 722
8974 724
8978 727
8982 729
8986 731
8990 733
8994 735
8998 736
9002 737
9006 714
9010 717
9014 720
9018 723
9022 726
9026 728
9030 730
9034 732
9038 734
9042 736
9046 737
9050 738
9054 739
9058 715
9062 719
9066 722
9070 725
9074 727
9078 729
9082 731
9086 733
9090 735
9094 736
9098 738
9102 739
9106 740
9110 741
9114 742
9118 717
9122 746
9126 721
9130 749
9134 724
9138 727
9142 729
9146 731
9150 733
9154 734
9158 736
9162 737
9166 739
9170 740
9174 741
9178 741
9182 742
9186 743
9190 744
9194 744
9198 745
9202 745
9206 746
9210 746
9214 746
9218 722
9222 749
9226 724
9230 752
9234 727
9238 729
9242 731
9246 733
9250 735
9254 736
9258 737
9262 739
9266 740
9270 741
9274 742
9278 742
9282 743
9286 744
9290 744
9294 745
9298 745
9302 746
9306 746
9310 721
9314 724
9318 727
9322 729
9326 731
9330 733
9334 735
9338 736
9342 737
9346 739
9350 740
9354 741
9358 742
9362 717
9366 721
9370 723
9374 726
9378 728
9382 731
9386 732
9390 734
9394 736
9398 712
9402 741
9406 717
9410 720
9414 723
9418 726
9422 728
9426 730
9430 732
9434 734
9438 735
9442 737
9446 738
9450 714
9454 718
9458 721
9462 724
9466 726
9470 729
9474 731
9478 733
9482 734
9486 736
9490 737
9494 738
9498 715
9502 718
9506 721
9510 724
9514 727
9518 729
9522 731
9526 733
9530 734
9534 736
9538 737
9542 739
9546 715
9550 743
9554 719
9558 722
9562 725
9566 727
9570 729
9574 731
9578 733
9582 735
9586 736
9590 738
9594 739
9598 740
9602 741
9606 717
9610 720
9614 723
9618 726
9622 728
9626 730
9630 732
9634 734
9638 735
9642 737
9646 738
9650 739
9654 740
9658 741
9662 742
9666 718
9670 746
9674 721
9678 724
9682 727
9686 729
9690 731
9694 733
9698 735
9702 736
9706 737
9710 739
9714 740
9718 741
9722 742
9726 742
9730 743
9734 744
9738 744
9742 745
9746 745
9750 746
9754 746
9758 721
9762 724
9766 727
9770 729
9774 731
9778 733
9782 735
9786 736
9790 737
9794 739
9798 740
9802 741
9806 742
9810 742
9814 743
9818 719
9822 747
9826 722
9830 725
9834 727
9838 730
9842 732
9846 733
9850 735
9854 736
9858 738
9862 739
9866 740
9870 716
9874 719
9878 722
9882 725
9886 727
9890 730
9894 732
9898 733
9902 735
9906 736
9910 738
9914 739
9918 740
9922 741
9926 742
9930 718
9934 721
9938 724
9942 726
9946 729
9950 731
9954 733
9958 734
9962 736
9966 737
9970 738
9974 739
9978 740
9982 716
9986 745
9990 720
9994 723
9998 726
10002 728
10006 730
10010 732
10014 734
10018 735
10022 737
10026 738
10030 739
10034 715
10038 719
10042 722
10046 725
10050 727
10054 729
10058 731
10062 733
10066 735
10070 736
10074 738
10078 739
10082 740
10086 741
10090 742
10094 717
10098 721
10102 724
10106 726
10110 728
10114 731
10118 732
10122 734
10126 736
10130 737
10134 738
10138 739
10142 740
10146 741
10150 742
10154 718
10158 746
10162 721
10166 724
10170 727
10174 729
10178 731
10182 733
10186 735
10190 736
10194 737
10198 739
10202 740
10206 741
10210 742
10214 742
10218 743
10222 719
10226 722
10230 725
10234 727
10238 729
10242 731
10246 733
10250 735
10254 736
10258 738
10262 739
10266 740
10270 741
10274 742
10278 742
10282 718
10286 721
10290 724
10294 727
10298 729
10302 731
10306 733
10310 735
10314 736
10318 737
10322 739
10326 740
10330 741
10334 717
10338 720
10342 723
10346 725
10350 728
10354 730
10358 732
10362 734
10366 735
10370 737
10374 738
10378 739
10382 740
10386 716
10390 719
10394 722
10398 725
10402 728
10406 730
10410 732
10414 734
10418 735
10422 737
10426 738
10430 739
10434 740
10438 716
10442 744
10446 720
10450 723
10454 726
10458 728
10462 730
10466 732
10470 734
10474 735
10478 737
10482 738
10486 739
10490 740
10494 741
10498 717
10502 745
10506 721
10510 724
10514 726
10518 728
10522 731
10526 732
10530 734
10534 736
10538 737
10542 738
10546 739
10550 740
10554 741
10558 742
10562 743
10566 744
10570 744
10574 720
10578 748
10582 723
10586 726
10590 728
10594 730
10598 732
10602 734
10606 735
10610 737
10614 738
10618 739
10622 740
10626 741
10630 742
10634 743
10638 743
10642 744
10646 745
10650 745
10654 721
10658 723
10662 726
10666 728
10670 730
10674 732
10678 734
10682 736
10686 737
10690 738
10694 739
10698 740
10702 741
10706 742
10710 743
10714 744
10718 719
10722 747
10726 722
10730 750
10734 725
10738 727
10742 730
10746 732
10750 733
10754 735
10758 737
10762 738
10766 739
10770 740
10774 741
10778 717
10782 745
10786 721
10790 723
10794 726
10798 728
10802 730
10806 732
10810 734
10814 736
10818 737
10822 713
10826 742
10830 718
10834 721
10838 724
10842 726
10846 729
10850 731
10854 733
10858 709
10862 738
10866 714
10870 718
10874 721
10878 724
10882 726
10886 729
10890 731
10894 733
10898 734
10902 711
10906 715
10910 718
10914 721
10918 724
10922 727
10926 729
10930 731
10934 733
10938 710
10942 714
10946 717
10950 720
10954 723
10958 726
10962 728
10966 730
10970 732
10974 734
10978 736
10982 712
10986 716
10990 719
10994 722
10998 725
11002 727
11006 730
11010 732
11014 733
11018 735
11022 736
11026 738
11030 739
11034 715
11038 743
11042 719
11046 722
11050 725
11054 727
11058 730
11062 732
11066 733
11070 735
11074 736
11078 738
11082 739
11086 740
11090 741
11094 742
11098 743
11102 743
11106 744
11110 719
11114 722
11118 725
11122 728
11126 730
11130 732
11134 734
11138 735
11142 737
11146 738
11150 739
11154 740
11158 741
11162 742
11166 743
11170 743
11174 744
11178 744
11182 745
11186 745
11190 746
11194 746
11198 747
11202 722
11206 725
11210 727
11214 729
11218 731
11222 733
11226 735
11230 736
11234 738
11238 739
11242 740
11246 741
11250 742
11254 742
11258 743
11262 744
11266 744
11270 720
11274 723
11278 726
11282 728
11286 730
11290 732
11294 734
11298 735
11302 737
11306 738
11310 739
11314 715
11318 744
11322 719
11326 722
11330 725
11334 727
11338 730
11342 732
11346 733
11350 735
11354 736
11358 738
11362 739
11366 715
11370 718
11374 722
11378 724
11382 727
11386 729
11390 731
11394 733
11398 735
11402 736
11406 712
11410 716
11414 720
11418 723
11422 725
11426 728
11430 730
11434 732
11438 734
11442 735
11446 712
11450 740
11454 716
11458 745
11462 720
11466 723
11470 726
11474 728
11478 730
11482 732
11486 734
11490 735
11494 737
11498 713
11502 717
11506 720
11510 723
11514 726
11518 728
11522 730
11526 732
11530 734
11534 735
11538 737
11542 738
11546 739
11550 715
11554 719
11558 722
11562 725
11566 727
11570 729
11574 731
11578 733
11582 735
11586 736
11590 738
11594 739
11598 740
11602 741
11606 742
11610 742
11614 743
11618 719
11622 747
11626 722
11630 725
11634 727
11638 730
11642 732
11646 733
11650 735
11654 736
11658 738
11662 739
11666 740
11670 741
11674 742
11678 743
11682 743
11686 744
11690 744
11694 745
11698 745
11702 721
11706 749
11710 724
11714 726
11718 729
11722 731
11726 733
11730 734
11734 736
11738 737
11742 738
11746 740
11750 741
11754 741
11758 742
11762 743
11766 744
11770 744
11774 745
11778 720
11782 723
11786 726
11790 728
11794 730
11798 732
11802 734
11806 735
11810 737
11814 738
11818 739
11822 740
11826 741
11830 717
11834 745
11838 721
11842 724
11846 726
11850 729
11854 731
11858 733
11862 734
11866 736
11870 737
11874 738
11878 739
11882 740
11886 741
11890 717
11894 720
11898 723
11902 726
11906 728
11910 730
11914 732
11918 734
11922 736
11926 737
11930 738
11934 714
11938 743
11942 719
11946 722
11950 724
11954 727
11958 729
11962 731
11966 733
11970 735
11974 736
11978 738
11982 739
11986 740
11990 741
11994 717
11998 720
12002 723
12006 726
12010 728
12014 730
12018 732
12022 734
12026 735
12030 737
12034 738
12038 739
12042 740
12046 741
12050 742
12054 718
12058 721
12062 724
12066 726
12070 729
12074 731
12078 733
12082 734
12086 736
12090 737
12094 738
12098 740
12102 741
12106 741
12110 742
12114 743
12118 744
12122 744
12126 745
12130 720
12134 748
12138 723
12142 726
12146 728
12150 730
12154 732
12158 734
12162 736
12166 737
12170 738
12174 739
12178 740
12182 741
12186 742
12190 743
12194 744
12198 719
12202 747
12206 722
12210 725
12214 728
12218 730
12222 732
12226 733
12230 735
12234 737
12238 738
12242 739
12246 740
12250 741
12254 742
12258 743
12262 743
12266 719
12270 747
12274 722
12278 725
12282 727
12286 730
12290 732
12294 733
12298 735
12302 736
12306 738
12310 739
12314 740
12318 741
12322 717
12326 720
12330 723
12334 726
12338 728
12342 730
12346 732
12350 734
12354 735
12358 737
12362 738
12366 739
12370 715
12374 719
12378 722
12382 725
12386 727
12390 729
12394 731
12398 733
12402 735
12406 736
12410 738
12414 739
12418 740
12422 716
12426 719
12430 722
12434 725
12438 727
12442 730
12446 732
12450 733
12454 735
12458 736
12462 738
12466 739
12470 740
12474 741
12478 742
12482 743
12486 743
12490 719
12494 722
12498 725
12502 727
12506 729
12510 731
12514 733
12518 735
12522 736
12526 738
12530 739
12534 740
12538 741
12542 742
12546 742
12550 743
12554 744
12558 719
12562 747
12566 723
12570 725
12574 728
12578 730
12582 732
12586 734
12590 735
12594 737
12598 738
12602 739
12606 740
12610 741
12614 742
12618 743
12622 743
12626 744
12630 745
12634 745
12638 745
12642 721
12646 749
12650 724
12654 726
12658 729
12662 731
12666 733
12670 734
12674 736
12678 737
12682 738
12686 740
12690 741
12694 741
12698 742
12702 743
12706 744
12710 744
12714 745
12718 720
12722 723
12726 726
12730 728
12734 730
12738 732
12742 734
12746 735
12750 737
12754 738
12758 739
12762 740
12766 741
12770 742
12774 743
12778 718
12782 722
12786 724
12790 727
12794 729
12798 731
12802 733
12806 735
12810 736
12814 712
12818 716
12822 720
12826 723
12830 725
12834 728
12838 730
12842 732
12846 734
12850 735
12854 737
12858 738
12862 739
12866 715
12870 719
12874 722
12878 724
12882 727
12886 729
12890 731
12894 733
12898 735
12902 736
12906 738
12910 739
12914 740
12918 716
12922 744
12926 720
12930 723
12934 725
12938 728
12942 730
12946 732
12950 734
12954 735
12958 737
12962 738
12966 739
12970 740
12974 741
12978 717
12982 745
12986 721
12990 723
12994 726
12998 728
13002 731
13006 732
13010 734
13014 736
13018 737
13022 738
13026 739
13030 740
13034 741
13038 742
13042 743
13046 744
13050 744
13054 745
13058 745
13062 746
13066 746
13070 721
13074 749
13078 724
13082 727
13086 729
13090 731
13094 733
13098 735
13102 736
13106 737
13110 739
13114 740
13118 741
13122 742
13126 742
13130 743
13134 744
13138 744
13142 745
13146 745
13150 746
13154 746
13158 746
13162 747
13166 747
13170 747
13174 747
13178 723
13182 750
13186 725
13190 728
13194 730
13198 732
13202 734
13206 735
13210 737
13214 738
13218 739
13222 740
13226 741
13230 742
13234 743
13238 743
13242 744
13246 745
13250 745
13254 720
13258 748
13262 723
13266 726
13270 728
13274 731
13278 732
13282 734
13286 736
13290 737
13294 738
13298 714
13302 718
13306 721
13310 724
13314 726
13318 729
13322 731
13326 733
13330 734
13334 736
13338 737
13342 713
13346 742
13350 718
13354 721
13358 724
13362 726
13366 729
13370 731
13374 733
13378 734
13382 736
13386 737
13390 738
13394 740
13398 741
13402 716
13406 720
13410 723
13414 725
13418 728
13422 730
13426 732
13430 734
13434 735
13438 737
13442 738
13446 714
13450 743
13454 718
13458 721
13462 724
13466 727
13470 729
13474 731
13478 733
13482 735
13486 736
13490 737
13494 739
13498 715
13502 743
13506 719
13510 722
13514 725
13518 727
13522 729
13526 731
13530 733
13534 735
13538 736
13542 738
13546 739
13550 740
13554 741
13558 742
13562 742
13566 743
13570 744
13574 719
13578 747
13582 723
13586 750
13590 725
13594 728
13598 730
13602 732
13606 734
13610 735
13614 737
13618 738
13622 739
13626 740
13630 741
13634 742
13638 743
13642 743
13646 744
13650 745
13654 745
13658 745
13662 746
13666 746
13670 747
13674 747
13678 747
13682 722
13686 750
13690 725
13694 727
13698 730
13702 732
13706 733
13710 735
13714 736
13718 738
13722 739
13726 740
13730 741
13734 742
13738 743
13742 743
13746 744
13750 744
13754 745
13758 720
13762 723
13766 726
13770 728
13774 730
13778 732
13782 734
13786 736
13790 737
13794 738
13798 739
13802 715
13806 744
13810 719
13814 722
13818 725
13822 728
13826 730
13830 732
13834 733
13838 735
13842 737
13846 738
13850 739
13854 715
13858 718
13862 722
13866 724
13870 727
13874 729
13878 731
13882 733
13886 735
13890 736
13894 737
13898 739
13902 740
13906 716
13910 744
13914 720
13918 723
13922 725
13926 728
13930 730
13934 732
13938 734
13942 735
13946 737
13950 738
13954 739
13958 715
13962 744
13966 719
13970 722
13974 725
13978 727
13982 730
13986 732
13990 733
13994 735
13998 736
14002 738
14006 739
14010 740
14014 741
14018 742
14022 743
14026 718
14030 746
14034 722
14038 724
14042 727
14046 729
14050 731
14054 733
14058 735
14062 736
14066 738
14070 739
14074 740
14078 741
14082 742
14086 742
14090 743
14094 719
14098 747
14102 722
14106 750
14110 725
14114 727
14118 730
14122 732
14126 733
14130 735
14134 736
14138 738
14142 739
14146 740
14150 741
14154 742
14158 743
14162 743
14166 744
14170 744
14174 745
14178 720
14182 723
14186 726
14190 728
14194 730
14198 732
14202 734
14206 736
14210 737
14214 738
14218 739
14222 740
14226 741
14230 742
14234 743
14238 744
14242 744
14246 720
14250 723
14254 725
14258 728
14262 730
14266 732
14270 734
14274 735
14278 737
14282 738
14286 739
14290 740
14294 741
14298 717
14302 720
14306 723
14310 726
14314 728
14318 730
14322 732
14326 734
14330 735
14334 737
14338 738
14342 739
14346 740
14350 716
14354 720
14358 723
14362 725
14366 728
14370 730
14374 732
14378 734
14382 735
14386 737
14390 738
14394 739
14398 740
14402 741
14406 742
14410 718
14414 721
14418 724
14422 726
14426 729
14430 731
14434 733
14438 734
14442 736
14446 737
14450 738
14454 740
14458 741
14462 741
14466 742
14470 718
14474 746
14478 721
14482 724
14486 727
14490 729
14494 731
14498 733
14502 735
14506 736
14510 737
14514 739
14518 740
14522 741
14526 742
14530 742
14534 743
14538 719
14542 747
14546 722
14550 725
14554 727
14558 730
14562 732
14566 733
14570 735
14574 736
14578 738
14582 739
14586 740
14590 741
14594 742
14598 743
14602 743
14606 744
14610 744
14614 720
14618 748
14622 723
14626 726
14630 728
14634 730
14638 732
14642 734
14646 735
14650 737
14654 738
14658 739
14662 740
14666 741
14670 742
14674 743
14678 743
14682 719
14686 747
14690 722
14694 725
14698 727
14702 730
14706 732
14710 733
14714 735
14718 737
14722 738
14726 739
14730 740
14734 716
14738 744
14742 720
14746 723
14750 725
14754 728
14758 730
14762 732
14766 734
14770 735
14774 737
14778 713
14782 717
14786 720
14790 723
14794 726
14798 728
14802 730
14806 732
14810 734
14814 735
14818 737
14822 738
14826 739
14830 715
14834 719
14838 722
14842 725
14846 727
14850 729
14854 731
14858 733
14862 735
14866 736
14870 738
14874 739
14878 740
14882 741
14886 742
14890 717
14894 721
14898 724
14902 726
14906 728
14910 731
14914 732
14918 734
14922 736
14926 737
14930 738
14934 739
14938 740
14942 741
14946 742
14950 718
14954 746
14958 721
14962 724
14966 727
14970 729
14974 731
14978 733
14982 735
14986 736
14990 737
14994 739
14998 740
