10 0
14 0
18 0
22 1
26 1
30 1
34 2
38 3
42 3
46 4
50 5
54 6
58 7
62 8
66 9
70 11
74 12
78 13
82 15
86 16
90 18
94 19
98 21
102 23
106 24
110 26
114 28
118 29
122 31
126 33
130 35
134 37
138 38
142 40
146 42
150 44
154 46
158 48
162 50
166 52
170 54
174 56
178 58
182 60
186 61
190 64
194 66
198 68
202 70
206 72
210 74
214 76
218 78
222 80
226 82
230 84
234 86
238 88
242 90
246 92
250 94
254 96
258 98
262 101
266 103
270 105
274 107
278 109
282 111
286 113
290 115
294 117
298 119
302 121
306 123
310 125
314 128
318 130
322 132
326 134
330 136
334 138
338 140
342 142
346 144
350 146
354 148
358 150
362 153
366 155
370 157
374 159
378 161
382 163
386 165
390 167
394 169
398 171
402 173
406 175
410 177
414 179
418 181
422 183
426 185
430 187
434 190
438 192
442 194
446 196
450 198
454 200
458 202
462 204
466 206
470 208
474 210
478 212
482 214
486 217
490 219
494 221
498 223
502 225
506 227
510 229
514 231
518 233
522 235
526 237
530 239
534 241
538 244
542 246
546 248
550 250
554 252
558 254
562 256
566 258
570 260
574 262
578 264
582 267
586 269
590 271
594 273
598 275
602 277
606 279
610 281
614 283
618 285
622 287
626 289
630 292
634 294
638 296
642 298
646 300
650 302
654 304
658 306
662 308
666 310
670 313
674 315
678 317
682 319
686 321
690 323
694 325
698 327
702 329
706 331
710 334
714 336
718 338
722 340
726 342
730 344
734 346
738 348
742 351
746 353
750 355
754 357
758 359
762 361
766 363
770 365
774 367
778 370
782 372
786 374
790 376
794 378
798 380
802 382
806 385
810 387
814 389
818 391
822 393
826 395
830 397
834 399
838 401
842 404
846 406
850 408
854 410
858 412
862 414
866 417
870 419
874 421
878 423
882 425
886 427
890 429
894 431
898 433
902 435
906 438
910 440
914 442
918 444
922 446
926 448
930 450
934 453
938 455
942 457
946 459
950 461
954 463
958 465
962 467
966 469
970 471
974 473
978 476
982 478
986 480
990 482
994 484
998 486
1002 488
1006 490
1010 493
1014 495
1018 497
1022 499
1026 501
1030 503
1034 505
1038 507
1042 509
1046 511
1050 513
1054 515
1058 517
1062 520
1066 522
1070 524
1074 526
1078 528
1082 530
1086 532
1090 534
1094 536
1098 538
1102 540
1106 542
1110 545
1114 547
1118 549
1122 551
1126 553
1130 555
1134 557
1138 559
1142 561
1146 563
1150 565
1154 567
1158 569
1162 571
1166 573
1170 575
1174 578
1178 580
1182 582
1186 584
1190 586
1194 588
1198 590
1202 592
1206 594
1210 596
1214 599
1218 601
1222 603
1226 605
1230 607
1234 609
1238 611
1242 613
1246 615
1250 617
1254 619
1258 621
1262 623
1266 626
1270 628
1274 630
1278 632
1282 634
1286 636
1290 638
1294 640
1298 642
1302 644
1306 647
1310 649
1314 651
1318 653
1322 655
1326 657
1330 659
1334 661
1338 663
1342 665
1346 668
1350 670
1354 672
1358 674
1362 676
1366 678
1370 680
1374 682
1378 684
1382 687
1386 689
1390 691
1394 693
1398 695
1402 697
1406 699
1410 701
1414 703
1418 706
1422 708
1426 710
1430 712
1434 714
1438 716
1442 719
1446 721
1450 723
1454 725
1458 727
1462 729
1466 731
1470 733
1474 735
1478 737
1482 740
1486 742
1490 744
1494 746
1498 748
1502 750
1506 752
1510 755
1514 757
1518 759
1522 761
1526 763
1530 765
1534 767
1538 769
1542 772
1546 774
1550 776
1554 778
1558 780
1562 782
1566 784
1570 786
1574 789
1578 791
1582 793
1586 795
1590 797
1594 799
1598 801
1602 803
1606 805
1610 808
1614 810
1618 812
1622 814
1626 816
1630 818
1634 820
1638 823
1642 825
1646 827
1650 829
1654 831
1658 833
1662 835
1666 837
1670 839
1674 841
1678 843
1682 846
1686 848
1690 850
1694 852
1698 854
1702 856
1706 858
1710 860
1714 862
1718 864
1722 867
1726 869
1730 871
1734 873
1738 875
1742 877
1746 879
1750 881
1754 883
1758 885
1762 887
1766 889
1770 891
1774 893
1778 895
1782 897
1786 899
1790 901
1794 903
1798 906
1802 908
1806 910
1810 912
1814 914
1818 916
1822 918
1826 920
1830 922
1834 924
1838 926
1842 928
1846 930
1850 933
1854 935
1858 937
1862 939
1866 941
1870 943
1874 945
1878 947
1882 949
1886 951
1890 953
1894 955
1898 957
1902 959
1906 961
1910 964
1914 966
1918 968
1922 970
1926 972
1930 974
1934 976
1938 978
1942 980
1946 983
1950 985
1954 987
1958 989
1962 991
1966 993
1970 995
1974 997
1978 999
1982 1001
1986 1003
1990 1005
1994 1008
1998 1010
2002 1012
2006 1014
2010 1016
2014 1018
2018 1020
2022 1022
2026 1024
2030 1027
2034 1029
2038 1031
2042 1033
2046 1035
2050 1037
2054 1039
2058 1041
2062 1043
2066 1045
2070 1048
2074 1050
2078 1052
2082 1054
2086 1056
2090 1058
2094 1060
2098 1062
2102 1065
2106 1067
2110 1069
2114 1071
2118 1073
2122 1075
2126 1077
2130 1079
2134 1081
2138 1084
2142 1086
2146 1088
2150 1090
2154 1092
2158 1094
2162 1096
2166 1099
2170 1101
2174 1103
2178 1105
2182 1107
2186 1109
2190 1111
2194 1113
2198 1115
2202 1118
2206 1120
2210 1122
2214 1124
2218 1126
2222 1128
2226 1131
2230 1133
2234 1135
2238 1137
2242 1139
2246 1141
2250 1143
2254 1145
2258 1147
2262 1150
2266 1152
2270 1154
2274 1156
2278 1158
2282 1160
2286 1162
2290 1164
2294 1167
2298 1169
2302 1171
2306 1173
2310 1175
2314 1177
2318 1179
2322 1181
2326 1183
2330 1185
2334 1188
2338 1190
2342 1192
2346 1194
2350 1196
2354 1198
2358 1200
2362 1202
2366 1205
2370 1207
2374 1209
2378 1211
2382 1213
2386 1215
2390 1217
2394 1219
2398 1221
2402 1223
2406 1225
2410 1227
2414 1229
2418 1231
2422 1234
2426 1236
2430 1238
2434 1240
2438 1242
2442 1244
2446 1246
2450 1248
2454 1250
2458 1252
2462 1254
2466 1256
2470 1259
2474 1261
2478 1263
2482 1265
2486 1267
2490 1269
2494 1271
2498 1273
2502 1275
2506 1277
2510 1279
2514 1281
2518 1283
2522 1285
2526 1287
2530 1289
2534 1291
2538 1294
2542 1296
2546 1298
2550 1300
2554 1302
2558 1304
2562 1306
2566 1308
2570 1310
2574 1312
2578 1315
2582 1317
2586 1319
2590 1321
2594 1323
2598 1325
2602 1327
2606 1329
2610 1331
2614 1333
2618 1335
2622 1337
2626 1340
2630 1342
2634 1344
2638 1346
2642 1348
2646 1350
2650 1352
2654 1354
2658 1357
2662 1359
2666 1361
2670 1363
2674 1365
2678 1367
2682 1369
2686 1371
2690 1373
2694 1375
2698 1378
2702 1380
2706 1382
2710 1384
2714 1386
2718 1388
2722 1390
2726 1392
2730 1395
2734 1397
2738 1399
2742 1401
2746 1403
2750 1405
2754 1407
2758 1409
2762 1411
2766 1413
2770 1416
2774 1418
2778 1420
2782 1422
2786 1424
2790 1426
2794 1428
2798 1431
2802 1433
2806 1435
2810 1437
2814 1439
2818 1441
2822 1443
2826 1445
2830 1447
2834 1450
2838 1452
2842 1454
2846 1456
2850 1458
2854 1460
2858 1462
2862 1465
2866 1467
2870 1469
2874 1471
2878 1473
2882 1475
2886 1477
2890 1479
2894 1482
2898 1484
2902 1486
2906 1488
2910 1490
2914 1492
2918 1494
2922 1497
2926 1499
2930 1501
2934 1503
2938 1505
2942 1507
2946 1509
2950 1511
2954 1513
2958 1516
2962 1518
2966 1520
2970 1522
2974 1524
2978 1526
2982 1528
2986 1530
2990 1533
2994 1535
2998 1537
3002 1539
3006 1541
3010 1543
3014 1545
3018 1547
3022 1549
3026 1551
3030 1553
3034 1556
3038 1558
3042 1560
3046 1562
3050 1564
3054 1566
3058 1568
3062 1570
3066 1573
3070 1575
3074 1577
3078 1579
3082 1581
3086 1583
3090 1585
3094 1587
3098 1589
3102 1591
3106 1593
3110 1595
3114 1597
3118 1599
3122 1601
3126 1603
3130 1605
3134 1608
3138 1610
3142 1612
3146 1614
3150 1616
3154 1618
3158 1620
3162 1622
3166 1624
3170 1626
3174 1628
3178 1630
3182 1632
3186 1634
3190 1636
3194 1638
3198 1641
3202 1643
3206 1645
3210 1647
3214 1649
3218 1651
3222 1653
3226 1655
3230 1657
3234 1659
3238 1661
3242 1663
3246 1665
3250 1667
3254 1669
3258 1671
3262 1673
3266 1676
3270 1678
3274 1680
3278 1682
3282 1684
3286 1686
3290 1688
3294 1690
3298 1693
3302 1695
3306 1697
3310 1699
3314 1701
3318 1703
3322 1705
3326 1707
3330 1709
3334 1711
3338 1713
3342 1715
3346 1718
3350 1720
3354 1722
3358 1724
3362 1726
3366 1728
3370 1730
3374 1732
3378 1735
3382 1737
3386 1739
3390 1741
3394 1743
3398 1745
3402 1747
3406 1749
3410 1751
3414 1753
3418 1755
3422 1758
3426 1760
3430 1762
3434 1764
3438 1766
3442 1768
3446 1770
3450 1773
3454 1775
3458 1777
3462 1779
3466 1781
3470 1783
3474 1785
3478 1787
3482 1789
3486 1792
3490 1794
3494 1796
3498 1798
3502 1800
3506 1802
3510 1804
3514 1807
3518 1809
3522 1811
3526 1813
3530 1815
3534 1817
3538 1819
3542 1821
3546 1823
3550 1826
3554 1828
3558 1830
3562 1832
3566 1834
3570 1836
3574 1838
3578 1840
3582 1843
3586 1845
3590 1847
3594 1849
3598 1851
3602 1853
3606 1855
3610 1857
3614 1860
3618 1862
3622 1864
3626 1866
3630 1868
3634 1870
3638 1872
3642 1875
3646 1877
3650 1879
3654 1881
3658 1883
3662 1885
3666 1887
3670 1889
3674 1891
3678 1893
3682 1895
3686 1898
3690 1900
3694 1902
3698 1904
3702 1906
3706 1908
3710 1910
3714 1912
3718 1915
3722 1917
3726 1919
3730 1921
3734 1923
3738 1925
3742 1927
3746 1929
3750 1931
3754 1933
3758 1935
3762 1937
3766 1939
3770 1942
3774 1944
3778 1946
3782 1948
3786 1950
3790 1952
3794 1954
3798 1956
3802 1958
3806 1960
3810 1962
3814 1964
3818 1967
3822 1969
3826 1971
3830 1973
3834 1975
3838 1977
3842 1979
3846 1981
3850 1983
3854 1985
3858 1987
3862 1989
3866 1991
3870 1993
3874 1995
3878 1998
3882 2000
3886 2002
3890 2004
3894 2006
3898 2008
3902 2010
3906 2012
3910 2014
3914 2016
3918 2018
3922 2021
3926 2023
3930 2025
3934 2027
3938 2029
3942 2031
3946 2033
3950 2035
3954 2037
3958 2039
3962 2041
3966 2044
3970 2046
3974 2048
3978 2050
3982 2052
3986 2054
3990 2056
3994 2058
3998 2060
4002 2063
4006 2065
4010 2067
4014 2069
4018 2071
4022 2073
4026 2075
4030 2077
4034 2079
4038 2081
4042 2083
4046 2086
4050 2088
4054 2090
4058 2092
4062 2094
4066 2096
4070 2098
4074 2100
4078 2102
4082 2105
4086 2107
4090 2109
4094 2111
4098 2113
4102 2115
4106 2117
4110 2119
4114 2121
4118 2124
4122 2126
4126 2128
4130 2130
4134 2132
4138 2134
4142 2136
4146 2139
4150 2141
4154 2143
4158 2145
4162 2147
4166 2149
4170 2151
4174 2153
4178 2155
4182 2158
4186 2160
4190 2162
4194 2164
4198 2166
4202 2168
4206 2170
4210 2173
4214 2175
4218 2177
4222 2179
4226 2181
4230 2183
4234 2185
4238 2187
4242 2189
4246 2191
4250 2194
4254 2196
4258 2198
4262 2200
4266 2202
4270 2204
4274 2206
4278 2209
4282 2211
4286 2213
4290 2215
4294 2217
4298 2219
4302 2221
4306 2223
4310 2225
4314 2227
4318 2230
4322 2232
4326 2234
4330 2236
4334 2238
4338 2240
4342 2242
4346 2244
4350 2247
4354 2249
4358 2251
4362 2253
4366 2255
4370 2257
4374 2259
4378 2261
4382 2263
4386 2265
4390 2268
4394 2270
4398 2272
4402 2274
4406 2276
4410 2278
4414 2280
4418 2282
4422 2284
4426 2287
4430 2289
4434 2291
4438 2293
4442 2295
4446 2297
4450 2299
4454 2301
4458 2303
4462 2305
4466 2307
4470 2309
4474 2311
4478 2313
4482 2315
4486 2318
4490 2320
4494 2322
4498 2324
4502 2326
4506 2328
4510 2330
4514 2332
4518 2334
4522 2336
4526 2338
4530 2340
4534 2342
4538 2344
4542 2347
4546 2349
4550 2351
4554 2353
4558 2355
4562 2357
4566 2359
4570 2361
4574 2363
4578 2365
4582 2367
4586 2369
4590 2371
4594 2373
4598 2376
4602 2378
4606 2380
4610 2382
4614 2384
4618 2386
4622 2388
4626 2390
4630 2392
4634 2394
4638 2396
4642 2399
4646 2401
4650 2403
4654 2405
4658 2407
4662 2409
4666 2411
4670 2413
4674 2415
4678 2417
4682 2419
4686 2422
4690 2424
4694 2426
4698 2428
4702 2430
4706 2432
4710 2434
4714 2436
4718 2438
4722 2441
4726 2443
4730 2445
4734 2447
4738 2449
4742 2451
4746 2453
4750 2455
4754 2457
4758 2459
4762 2461
4766 2464
4770 2466
4774 2468
4778 2470
4782 2472
4786 2474
4790 2476
4794 2479
4798 2481
4802 2483
4806 2485
4810 2487
4814 2489
4818 2491
4822 2493
4826 2495
4830 2498
4834 2500
4838 2502
4842 2504
4846 2506
4850 2508
4854 2510
4858 2512
4862 2515
4866 2517
4870 2519
4874 2521
4878 2523
4882 2525
4886 2527
4890 2529
4894 2531
4898 2534
4902 2536
4906 2538
4910 2540
4914 2542
4918 2544
4922 2546
4926 2549
4930 2551
4934 2553
4938 2555
4942 2557
4946 2559
4950 2561
4954 2563
4958 2565
4962 2568
4966 2570
4970 2572
4974 2574
4978 2576
4982 2578
4986 2580
4990 2582
4994 2585
4998 2587
5002 2589
5006 2591
5010 2593
5014 2595
5018 2597
5022 2599
5026 2601
5030 2603
5034 2606
5038 2608
5042 2610
5046 2612
5050 2614
5054 2616
5058 2618
5062 2621
5066 2623
5070 2625
5074 2627
5078 2629
5082 2631
5086 2633
5090 2635
5094 2637
5098 2639
5102 2641
5106 2644
5110 2646
5114 2648
5118 2650
5122 2652
5126 2654
5130 2656
5134 2658
5138 2660
5142 2662
5146 2664
5150 2667
5154 2669
5158 2671
5162 2673
5166 2675
5170 2677
5174 2679
5178 2681
5182 2683
5186 2685
5190 2687
5194 2689
5198 2691
5202 2693
5206 2696
5210 2698
5214 2700
5218 2702
5222 2704
5226 2706
5230 2708
5234 2710
5238 2712
5242 2714
5246 2716
5250 2719
5254 2721
5258 2723
5262 2725
5266 2727
5270 2729
5274 2731
5278 2733
5282 2735
5286 2737
5290 2739
5294 2741
5298 2743
5302 2745
5306 2748
5310 2750
5314 2752
5318 2754
5322 2756
5326 2758
5330 2760
5334 2762
5338 2765
5342 2767
5346 2769
5350 2771
5354 2773
5358 2775
5362 2777
5366 2779
5370 2781
5374 2783
5378 2786
5382 2788
5386 2790
5390 2792
5394 2794
5398 2796
5402 2798
5406 2800
5410 2803
5414 2805
5418 2807
5422 2809
5426 2811
5430 2813
5434 2815
5438 2817
5442 2819
5446 2821
5450 2823
5454 2826
5458 2828
5462 2830
5466 2832
5470 2834
5474 2836
5478 2838
5482 2841
5486 2843
5490 2845
5494 2847
5498 2849
5502 2851
5506 2853
5510 2855
5514 2857
5518 2859
5522 2862
5526 2864
5530 2866
5534 2868
5538 2870
5542 2872
5546 2874
5550 2876
5554 2879
5558 2881
5562 2883
5566 2885
5570 2887
5574 2889
5578 2891
5582 2893
5586 2895
5590 2897
5594 2900
5598 2902
5602 2904
5606 2906
5610 2908
5614 2910
5618 2912
5622 2915
5626 2917
5630 2919
5634 2921
5638 2923
5642 2925
5646 2927
5650 2929
5654 2931
5658 2934
5662 2936
5666 2938
5670 2940
5674 2942
5678 2944
5682 2946
5686 2948
5690 2951
5694 2953
5698 2955
5702 2957
5706 2959
5710 2961
5714 2963
5718 2965
5722 2967
5726 2969
5730 2971
5734 2974
5738 2976
5742 2978
5746 2980
5750 2982
5754 2984
5758 2986
5762 2988
5766 2991
5770 2993
5774 2995
5778 2997
5782 2999
5786 3001
5790 3003
5794 3005
5798 3007
5802 3009
5806 3011
5810 3014
5814 3016
5818 3018
5822 3020
5826 3022
5830 3024
5834 3026
5838 3028
5842 3030
5846 3032
5850 3034
5854 3036
5858 3038
5862 3041
5866 3043
5870 3045
5874 3047
5878 3049
5882 3051
5886 3053
5890 3055
5894 3057
5898 3059
5902 3061
5906 3063
5910 3065
5914 3067
5918 3070
5922 3072
5926 3074
5930 3076
5934 3078
5938 3080
5942 3082
5946 3084
5950 3086
5954 3088
5958 3090
5962 3093
5966 3095
5970 3097
5974 3099
5978 3101
5982 3103
5986 3105
5990 3107
5994 3109
5998 3111
6002 3113
6006 3115
6010 3118
6014 3120
6018 3122
6022 3124
6026 3126
6030 3128
6034 3130
6038 3132
6042 3134
6046 3136
6050 3139
6054 3141
6058 3143
6062 3145
6066 3147
6070 3149
6074 3151
6078 3153
6082 3155
6086 3157
6090 3160
6094 3162
6098 3164
6102 3166
6106 3168
6110 3170
6114 3172
6118 3174
6122 3177
6126 3179
6130 3181
6134 3183
6138 3185
6142 3187
6146 3189
6150 3191
6154 3193
6158 3195
6162 3197
6166 3200
6170 3202
6174 3204
6178 3206
6182 3208
6186 3210
6190 3212
6194 3214
6198 3217
6202 3219
6206 3221
6210 3223
6214 3225
6218 3227
6222 3229
6226 3231
6230 3233
6234 3235
6238 3238
6242 3240
6246 3242
6250 3244
6254 3246
6258 3248
6262 3250
6266 3252
6270 3254
6274 3257
6278 3259
6282 3261
6286 3263
6290 3265
6294 3267
6298 3269
6302 3271
6306 3273
6310 3276
6314 3278
6318 3280
6322 3282
6326 3284
6330 3286
6334 3288
6338 3291
6342 3293
6346 3295
6350 3297
6354 3299
6358 3301
6362 3303
6366 3305
6370 3307
6374 3309
6378 3312
6382 3314
6386 3316
6390 3318
6394 3320
6398 3322
6402 3324
6406 3326
6410 3328
6414 3331
6418 3333
6422 3335
6426 3337
6430 3339
6434 3341
6438 3343
6442 3345
6446 3347
6450 3350
6454 3352
6458 3354
6462 3356
6466 3358
6470 3360
6474 3362
6478 3364
6482 3366
6486 3369
6490 3371
6494 3373
6498 3375
6502 3377
6506 3379
6510 3381
6514 3383
6518 3385
6522 3387
6526 3389
6530 3391
6534 3394
6538 3396
6542 3398
6546 3400
6550 3402
6554 3404
6558 3406
6562 3408
6566 3410
6570 3412
6574 3414
6578 3417
6582 3419
6586 3421
6590 3423
6594 3425
6598 3427
6602 3429
6606 3431
6610 3433
6614 3435
6618 3437
6622 3439
6626 3441
6630 3444
6634 3446
6638 3448
6642 3450
6646 3452
6650 3454
6654 3456
6658 3458
6662 3460
6666 3462
6670 3465
6674 3467
6678 3469
6682 3471
6686 3473
6690 3475
6694 3477
6698 3479
6702 3481
6706 3483
6710 3485
6714 3488
6718 3490
6722 3492
6726 3494
6730 3496
6734 3498
6738 3500
6742 3502
6746 3504
6750 3507
6754 3509
6758 3511
6762 3513
6766 3515
6770 3517
6774 3519
6778 3521
6782 3523
6786 3525
6790 3528
6794 3530
6798 3532
6802 3534
6806 3536
6810 3538
6814 3540
6818 3542
6822 3544
6826 3546
6830 3549
6834 3551
6838 3553
6842 3555
6846 3557
6850 3559
6854 3561
6858 3563
6862 3565
6866 3567
6870 3570
6874 3572
6878 3574
6882 3576
6886 3578
6890 3580
6894 3582
6898 3584
6902 3586
6906 3589
6910 3591
6914 3593
6918 3595
6922 3597
6926 3599
6930 3601
6934 3603
6938 3605
6942 3608
6946 3610
6950 3612
6954 3614
6958 3616
6962 3618
6966 3620
6970 3622
6974 3625
6978 3627
6982 3629
6986 3631
6990 3633
6994 3635
6998 3637
7002 3639
7006 3641
7010 3643
7014 3646
7018 3648
7022 3650
7026 3652
7030 3654
7034 3656
7038 3658
7042 3660
7046 3663
7050 3665
7054 3667
7058 3669
7062 3671
7066 3673
7070 3675
7074 3677
7078 3679
7082 3681
7086 3684
7090 3686
7094 3688
7098 3690
7102 3692
7106 3694
7110 3696
7114 3699
7118 3701
7122 3703
7126 3705
7130 3707
7134 3709
7138 3711
7142 3713
7146 3715
7150 3717
7154 3719
7158 3722
7162 3724
7166 3726
7170 3728
7174 3730
7178 3732
7182 3734
7186 3736
7190 3738
7194 3741
7198 3743
7202 3745
7206 3747
7210 3749
7214 3751
7218 3753
7222 3755
7226 3757
7230 3759
7234 3761
7238 3763
7242 3765
7246 3768
7250 3770
7254 3772
7258 3774
7262 3776
7266 3778
7270 3780
7274 3782
7278 3784
7282 3786
7286 3788
7290 3790
7294 3793
7298 3795
7302 3797
7306 3799
7310 3801
7314 3803
7318 3805
7322 3807
7326 3809
7330 3811
7334 3813
7338 3815
7342 3817
7346 3820
7350 3822
7354 3824
7358 3826
7362 3828
7366 3830
7370 3832
7374 3834
7378 3836
7382 3839
7386 3841
7390 3843
7394 3845
7398 3847
7402 3849
7406 3851
7410 3853
7414 3855
7418 3857
7422 3859
7426 3862
7430 3864
7434 3866
7438 3868
7442 3870
7446 3872
7450 3874
7454 3876
7458 3878
7462 3880
7466 3883
7470 3885
7474 3887
7478 3889
7482 3891
7486 3893
7490 3895
7494 3897
7498 3899
7502 3901
7506 3903
7510 3906
7514 3908
7518 3910
7522 3912
7526 3914
7530 3916
7534 3918
7538 3920
7542 3923
7546 3925
7550 3927
7554 3929
7558 3931
7562 3933
7566 3935
7570 3937
7574 3939
7578 3941
7582 3944
7586 3946
7590 3948
7594 3950
7598 3952
7602 3954
7606 3956
7610 3958
7614 3961
7618 3963
7622 3965
7626 3967
7630 3969
7634 3971
7638 3973
7642 3975
7646 3977
7650 3979
7654 3982
7658 3984
7662 3986
7666 3988
7670 3990
7674 3992
7678 3994
7682 3997
7686 3999
7690 4001
7694 4003
7698 4005
7702 4007
7706 4009
7710 4011
7714 4013
7718 4016
7722 4018
7726 4020
7730 4022
7734 4024
7738 4026
7742 4028
7746 4030
7750 4033
7754 4035
7758 4037
7762 4039
7766 4041
7770 4043
7774 4045
7778 4047
7782 4049
7786 4051
7790 4054
7794 4056
7798 4058
7802 4060
7806 4062
7810 4064
7814 4066
7818 4069
7822 4071
7826 4073
7830 4075
7834 4077
7838 4079
7842 4081
7846 4083
7850 4085
7854 4087
7858 4090
7862 4092
7866 4094
7870 4096
7874 4098
7878 4100
7882 4102
7886 4104
7890 4106
7894 4109
7898 4111
7902 4113
7906 4115
7910 4117
7914 4119
7918 4121
7922 4123
7926 4125
7930 4127
7934 4129
7938 4131
7942 4133
7946 4135
7950 4138
7954 4140
7958 4142
7962 4144
7966 4146
7970 4148
7974 4150
7978 4152
7982 4154
7986 4156
7990 4159
7994 4161
7998 4163
8002 4165
8006 4167
8010 4169
8014 4171
8018 4173
8022 4175
8026 4177
8030 4179
8034 4181
8038 4183
8042 4185
8046 4188
8050 4190
8054 4192
8058 4194
8062 4196
8066 4198
8070 4200
8074 4202
8078 4205
8082 4207
8086 4209
8090 4211
8094 4213
8098 4215
8102 4217
8106 4219
8110 4221
8114 4223
8118 4225
8122 4228
8126 4230
8130 4232
8134 4234
8138 4236
8142 4238
8146 4240
8150 4242
8154 4244
8158 4246
8162 4249
8166 4251
8170 4253
8174 4255
8178 4257
8182 4259
8186 4261
8190 4263
8194 4265
8198 4267
8202 4269
8206 4272
8210 4274
8214 4276
8218 4278
8222 4280
8226 4282
8230 4284
8234 4286
8238 4288
8242 4291
8246 4293
8250 4295
8254 4297
8258 4299
8262 4301
8266 4303
8270 4305
8274 4307
8278 4309
8282 4311
8286 4314
8290 4316
8294 4318
8298 4320
8302 4322
8306 4324
8310 4326
8314 4329
8318 4331
8322 4333
8326 4335
8330 4337
8334 4339
8338 4341
8342 4343
8346 4345
8350 4348
8354 4350
8358 4352
8362 4354
8366 4356
8370 4358
8374 4360
8378 4362
8382 4365
8386 4367
8390 4369
8394 4371
8398 4373
8402 4375
8406 4377
8410 4379
8414 4381
8418 4384
8422 4386
8426 4388
8430 4390
8434 4392
8438 4394
8442 4396
8446 4399
8450 4401
8454 4403
8458 4405
8462 4407
8466 4409
8470 4411
8474 4413
8478 4415
8482 4418
8486 4420
8490 4422
8494 4424
8498 4426
8502 4428
8506 4430
8510 4432
8514 4435
8518 4437
8522 4439
8526 4441
8530 4443
8534 4445
8538 4447
8542 4449
8546 4451
8550 4453
8554 4455
8558 4458
8562 4460
8566 4462
8570 4464
8574 4466
8578 4468
8582 4470
8586 4472
8590 4474
8594 4476
8598 4479
8602 4481
8606 4483
8610 4485
8614 4487
8618 4489
8622 4491
8626 4493
8630 4495
8634 4497
8638 4499
8642 4501
8646 4503
8650 4505
8654 4508
8658 4510
8662 4512
8666 4514
8670 4516
8674 4518
8678 4520
8682 4522
8686 4524
8690 4526
8694 4529
8698 4531
8702 4533
8706 4535
8710 4537
8714 4539
8718 4541
8722 4543
8726 4545
8730 4547
8734 4549
8738 4551
8742 4553
8746 4555
8750 4558
8754 4560
8758 4562
8762 4564
8766 4566
8770 4568
8774 4570
8778 4572
8782 4574
8786 4577
8790 4579
8794 4581
8798 4583
8802 4585
8806 4587
8810 4589
8814 4591
8818 4593
8822 4595
8826 4597
8830 4599
8834 4602
8838 4604
8842 4606
8846 4608
8850 4610
8854 4612
8858 4614
8862 4616
8866 4619
8870 4621
8874 4623
8878 4625
8882 4627
8886 4629
8890 4631
8894 4633
8898 4635
8902 4637
8906 4639
8910 4641
8914 4643
8918 4646
8922 4648
8926 4650
8930 4652
8934 4654
8938 4656
8942 4658
8946 4661
8950 4663
8954 4665
8958 4667
8962 4669
8966 4671
8970 4673
8974 4675
8978 4677
8982 4679
8986 4682
8990 4684
8994 4686
8998 4688
9002 4690
9006 4692
9010 4694
9014 4696
9018 4699
9022 4701
9026 4703
9030 4705
9034 4707
9038 4709
9042 4711
9046 4713
9050 4715
9054 4718
9058 4720
9062 4722
9066 4724
9070 4726
9074 4728
9078 4731
9082 4733
9086 4735
9090 4737
9094 4739
9098 4741
9102 4743
9106 4745
9110 4747
9114 4750
9118 4752
9122 4754
9126 4756
9130 4758
9134 4760
9138 4762
9142 4764
9146 4767
9150 4769
9154 4771
9158 4773
9162 4775
9166 4777
9170 4779
9174 4781
9178 4783
9182 4786
9186 4788
9190 4790
9194 4792
9198 4794
9202 4796
9206 4798
9210 4801
9214 4803
9218 4805
9222 4807
9226 4809
9230 4811
9234 4813
9238 4815
9242 4817
9246 4819
9250 4821
9254 4823
9258 4826
9262 4828
9266 4830
9270 4832
9274 4834
9278 4836
9282 4838
9286 4840
9290 4842
9294 4844
9298 4846
9302 4849
9306 4851
9310 4853
9314 4855
9318 4857
9322 4859
9326 4861
9330 4863
9334 4865
9338 4867
9342 4869
9346 4871
9350 4873
9354 4875
9358 4877
9362 4880
9366 4882
9370 4884
9374 4886
9378 4888
9382 4890
9386 4892
9390 4894
9394 4896
9398 4898
9402 4900
9406 4902
9410 4905
9414 4907
9418 4909
9422 4911
9426 4913
9430 4915
9434 4917
9438 4919
9442 4921
9446 4923
9450 4925
9454 4927
9458 4929
9462 4931
9466 4934
9470 4936
9474 4938
9478 4940
9482 4942
9486 4944
9490 4946
9494 4948
9498 4950
9502 4953
9506 4955
9510 4957
9514 4959
9518 4961
9522 4963
9526 4965
9530 4967
9534 4969
9538 4971
9542 4973
9546 4975
9550 4978
9554 4980
9558 4982
9562 4984
9566 4986
9570 4988
9574 4990
9578 4992
9582 4994
9586 4997
9590 4999
9594 5001
9598 5003
9602 5005
9606 5007
9610 5009
9614 5011
9618 5013
9622 5015
9626 5018
9630 5020
9634 5022
9638 5024
9642 5026
9646 5028
9650 5030
9654 5032
9658 5035
9662 5037
9666 5039
9670 5041
9674 5043
9678 5045
9682 5047
9686 5049
9690 5051
9694 5053
9698 5056
9702 5058
9706 5060
9710 5062
9714 5064
9718 5066
9722 5069
9726 5071
9730 5073
9734 5075
9738 5077
9742 5079
9746 5081
9750 5083
9754 5085
9758 5088
9762 5090
9766 5092
9770 5094
9774 5096
9778 5098
9782 5100
9786 5103
9790 5105
9794 5107
9798 5109
9802 5111
9806 5113
9810 5115
9814 5117
9818 5119
9822 5122
9826 5124
9830 5126
9834 5128
9838 5130
9842 5132
9846 5134
9850 5137
9854 5139
9858 5141
9862 5143
9866 5145
9870 5147
9874 5149
9878 5151
9882 5153
9886 5155
9890 5158
9894 5160
9898 5162
9902 5164
9906 5166
9910 5168
9914 5170
9918 5172
9922 5175
9926 5177
9930 5179
9934 5181
9938 5183
9942 5185
9946 5187
9950 5189
9954 5191
9958 5193
9962 5195
9966 5197
9970 5199
9974 5202
9978 5204
9982 5206
9986 5208
9990 5210
9994 5212
9998 5214
10002 5216
10006 5218
10010 5220
10014 5222
10018 5224
10022 5227
10026 5229
10030 5231
10034 5233
10038 5235
10042 5237
10046 5239
10050 5241
10054 5243
10058 5245
10062 5247
10066 5249
10070 5251
10074 5253
10078 5256
10082 5258
10086 5260
10090 5262
10094 5264
10098 5266
10102 5268
10106 5270
10110 5272
10114 5274
10118 5277
10122 5279
10126 5281
10130 5283
10134 5285
10138 5287
10142 5289
10146 5291
10150 5293
10154 5295
10158 5297
10162 5299
10166 5301
10170 5304
10174 5306
10178 5308
10182 5310
10186 5312
10190 5314
10194 5316
10198 5318
10202 5320
10206 5323
10210 5325
10214 5327
10218 5329
10222 5331
10226 5333
10230 5335
10234 5337
10238 5339
10242 5341
10246 5343
10250 5345
10254 5348
10258 5350
10262 5352
10266 5354
10270 5356
10274 5358
10278 5360
10282 5362
10286 5365
10290 5367
10294 5369
10298 5371
10302 5373
10306 5375
10310 5377
10314 5379
10318 5381
10322 5383
10326 5386
10330 5388
10334 5390
10338 5392
10342 5394
10346 5396
10350 5398
10354 5401
10358 5403
10362 5405
10366 5407
10370 5409
10374 5411
10378 5413
10382 5415
10386 5417
10390 5420
10394 5422
10398 5424
10402 5426
10406 5428
10410 5430
10414 5432
10418 5435
10422 5437
10426 5439
10430 5441
10434 5443
10438 5445
10442 5447
10446 5449
10450 5452
10454 5454
10458 5456
10462 5458
10466 5460
10470 5462
10474 5464
10478 5466
10482 5469
10486 5471
10490 5473
10494 5475
10498 5477
10502 5479
10506 5481
10510 5483
10514 5485
10518 5488
10522 5490
10526 5492
10530 5494
10534 5496
10538 5498
10542 5500
10546 5503
10550 5505
10554 5507
10558 5509
10562 5511
10566 5513
10570 5515
10574 5517
10578 5519
10582 5521
10586 5524
10590 5526
10594 5528
10598 5530
10602 5532
10606 5534
10610 5536
10614 5538
10618 5540
10622 5543
10626 5545
10630 5547
10634 5549
10638 5551
10642 5553
10646 5555
10650 5557
10654 5559
10658 5561
10662 5563
10666 5565
10670 5567
10674 5569
10678 5571
10682 5573
10686 5576
10690 5578
10694 5580
10698 5582
10702 5584
10706 5586
10710 5588
10714 5590
10718 5592
10722 5594
10726 5596
10730 5598
10734 5600
10738 5603
10742 5605
10746 5607
10750 5609
10754 5611
10758 5613
10762 5615
10766 5617
10770 5619
10774 5621
10778 5623
10782 5625
10786 5627
10790 5629
10794 5631
10798 5633
10802 5636
10806 5638
10810 5640
10814 5642
10818 5644
10822 5646
10826 5648
10830 5650
10834 5653
10838 5655
10842 5657
10846 5659
10850 5661
10854 5663
10858 5665
10862 5667
10866 5669
10870 5671
10874 5673
10878 5675
10882 5677
10886 5679
10890 5682
10894 5684
10898 5686
10902 5688
10906 5690
10910 5692
10914 5694
10918 5696
10922 5699
10926 5701
10930 5703
10934 5705
10938 5707
10942 5709
10946 5711
10950 5713
10954 5715
10958 5717
10962 5719
10966 5721
10970 5724
10974 5726
10978 5728
10982 5730
10986 5732
10990 5734
10994 5736
10998 5739
11002 5741
11006 5743
11010 5745
11014 5747
11018 5749
11022 5751
11026 5753
11030 5755
11034 5758
11038 5760
11042 5762
11046 5764
11050 5766
11054 5768
11058 5770
11062 5773
11066 5775
11070 5777
11074 5779
11078 5781
11082 5783
11086 5785
11090 5787
11094 5789
11098 5792
11102 5794
11106 5796
11110 5798
11114 5800
11118 5802
11122 5804
11126 5807
11130 5809
11134 5811
11138 5813
11142 5815
11146 5817
11150 5819
11154 5821
11158 5824
11162 5826
11166 5828
11170 5830
11174 5832
11178 5834
11182 5836
11186 5838
11190 5841
11194 5843
11198 5845
11202 5847
11206 5849
11210 5851
11214 5853
11218 5855
11222 5858
11226 5860
11230 5862
11234 5864
11238 5866
11242 5868
11246 5870
11250 5872
11254 5874
11258 5877
11262 5879
11266 5881
11270 5883
11274 5885
11278 5887
11282 5889
11286 5891
11290 5893
11294 5895
11298 5897
11302 5900
11306 5902
11310 5904
11314 5906
11318 5908
11322 5910
11326 5912
11330 5914
11334 5916
11338 5918
11342 5920
11346 5922
11350 5925
11354 5927
11358 5929
11362 5931
11366 5933
11370 5935
11374 5937
11378 5939
11382 5941
11386 5943
11390 5945
11394 5947
11398 5949
11402 5951
11406 5954
11410 5956
11414 5958
11418 5960
11422 5962
11426 5964
11430 5966
11434 5968
11438 5970
11442 5972
11446 5974
11450 5977
11454 5979
11458 5981
11462 5983
11466 5985
11470 5987
11474 5989
11478 5991
11482 5993
11486 5995
11490 5997
11494 5999
11498 6001
11502 6004
11506 6006
11510 6008
11514 6010
11518 6012
11522 6014
11526 6016
11530 6018
11534 6020
11538 6022
11542 6025
11546 6027
11550 6029
11554 6031
11558 6033
11562 6035
11566 6037
11570 6039
11574 6041
11578 6043
11582 6045
11586 6047
11590 6050
11594 6052
11598 6054
11602 6056
11606 6058
11610 6060
11614 6062
11618 6064
11622 6067
11626 6069
11630 6071
11634 6073
11638 6075
11642 6077
11646 6079
11650 6081
11654 6083
11658 6085
11662 6088
11666 6090
11670 6092
11674 6094
11678 6096
11682 6098
11686 6100
11690 6103
11694 6105
11698 6107
11702 6109
11706 6111
11710 6113
11714 6115
11718 6117
11722 6119
11726 6121
11730 6124
11734 6126
11738 6128
11742 6130
11746 6132
11750 6134
11754 6136
11758 6139
11762 6141
11766 6143
11770 6145
11774 6147
11778 6149
11782 6151
11786 6153
11790 6156
11794 6158
11798 6160
11802 6162
11806 6164
11810 6166
11814 6168
11818 6171
11822 6173
11826 6175
11830 6177
11834 6179
11838 6181
11842 6183
11846 6185
11850 6187
11854 6190
11858 6192
11862 6194
11866 6196
11870 6198
11874 6200
11878 6202
11882 6204
11886 6207
11890 6209
11894 6211
11898 6213
11902 6215
11906 6217
11910 6219
11914 6221
11918 6223
11922 6226
11926 6228
11930 6230
11934 6232
11938 6234
11942 6236
11946 6238
11950 6240
11954 6242
11958 6245
11962 6247
11966 6249
11970 6251
11974 6253
11978 6255
11982 6257
11986 6259
11990 6261
11994 6263
11998 6265
12002 6267
12006 6269
12010 6272
12014 6274
12018 6276
12022 6278
12026 6280
12030 6282
12034 6284
12038 6286
12042 6288
12046 6290
12050 6292
12054 6294
12058 6296
12062 6298
12066 6300
12070 6302
12074 6305
12078 6307
12082 6309
12086 6311
12090 6313
12094 6315
12098 6317
12102 6319
12106 6321
12110 6323
12114 6325
12118 6327
12122 6329
12126 6331
12130 6333
12134 6335
12138 6338
12142 6340
12146 6342
12150 6344
12154 6346
12158 6348
12162 6350
12166 6352
12170 6354
12174 6356
12178 6359
12182 6361
12186 6363
12190 6365
12194 6367
12198 6369
12202 6371
12206 6373
12210 6375
12214 6377
12218 6379
12222 6381
12226 6383
12230 6386
12234 6388
12238 6390
12242 6392
12246 6394
12250 6396
12254 6398
12258 6400
12262 6402
12266 6405
12270 6407
12274 6409
12278 6411
12282 6413
12286 6415
12290 6417
12294 6419
12298 6421
12302 6423
12306 6425
12310 6427
12314 6430
12318 6432
12322 6434
12326 6436
12330 6438
12334 6440
12338 6442
12342 6444
12346 6447
12350 6449
12354 6451
12358 6453
12362 6455
12366 6457
12370 6459
12374 6461
12378 6463
12382 6466
12386 6468
12390 6470
12394 6472
12398 6474
12402 6476
12406 6478
12410 6481
12414 6483
12418 6485
12422 6487
12426 6489
12430 6491
12434 6493
12438 6495
12442 6497
12446 6500
12450 6502
12454 6504
12458 6506
12462 6508
12466 6510
12470 6512
12474 6515
12478 6517
12482 6519
12486 6521
12490 6523
12494 6525
12498 6527
12502 6529
12506 6532
12510 6534
12514 6536
12518 6538
12522 6540
12526 6542
12530 6544
12534 6546
12538 6549
12542 6551
12546 6553
12550 6555
12554 6557
12558 6559
12562 6561
12566 6563
12570 6565
12574 6568
12578 6570
12582 6572
12586 6574
12590 6576
12594 6578
12598 6580
12602 6582
12606 6585
12610 6587
12614 6589
12618 6591
12622 6593
12626 6595
12630 6597
12634 6599
12638 6601
12642 6603
12646 6606
12650 6608
12654 6610
12658 6612
12662 6614
12666 6616
12670 6618
12674 6620
12678 6622
12682 6624
12686 6627
12690 6629
12694 6631
12698 6633
12702 6635
12706 6637
12710 6639
12714 6641
12718 6643
12722 6645
12726 6647
12730 6649
12734 6651
12738 6653
12742 6655
12746 6657
12750 6659
12754 6661
12758 6664
12762 6666
12766 6668
12770 6670
12774 6672
12778 6674
12782 6676
12786 6678
12790 6680
12794 6682
12798 6684
12802 6687
12806 6689
12810 6691
12814 6693
12818 6695
12822 6697
12826 6699
12830 6701
12834 6703
12838 6705
12842 6707
12846 6709
12850 6711
12854 6713
12858 6716
12862 6718
12866 6720
12870 6722
12874 6724
12878 6726
12882 6728
12886 6730
12890 6733
12894 6735
12898 6737
12902 6739
12906 6741
12910 6743
12914 6745
12918 6747
12922 6749
12926 6751
12930 6753
12934 6756
12938 6758
12942 6760
12946 6762
12950 6764
12954 6766
12958 6768
12962 6770
12966 6773
12970 6775
12974 6777
12978 6779
12982 6781
12986 6783
12990 6785
12994 6787
12998 6789
13002 6791
13006 6794
13010 6796
13014 6798
13018 6800
13022 6802
13026 6804
13030 6806
13034 6808
13038 6811
13042 6813
13046 6815
13050 6817
13054 6819
13058 6821
13062 6823
13066 6825
13070 6827
13074 6830
13078 6832
13082 6834
13086 6836
13090 6838
13094 6840
13098 6843
13102 6845
13106 6847
13110 6849
13114 6851
13118 6853
13122 6855
13126 6857
13130 6859
13134 6861
13138 6864
13142 6866
13146 6868
13150 6870
13154 6872
13158 6874
13162 6876
13166 6879
13170 6881
13174 6883
13178 6885
13182 6887
13186 6889
13190 6891
13194 6893
13198 6896
13202 6898
13206 6900
13210 6902
13214 6904
13218 6906
13222 6908
13226 6910
13230 6913
13234 6915
13238 6917
13242 6919
13246 6921
13250 6923
13254 6925
13258 6927
13262 6929
13266 6931
13270 6934
13274 6936
13278 6938
13282 6940
13286 6942
13290 6944
13294 6946
13298 6948
13302 6950
13306 6953
13310 6955
13314 6957
13318 6959
13322 6961
13326 6963
13330 6965
13334 6967
13338 6969
13342 6971
13346 6973
13350 6975
13354 6978
13358 6980
13362 6982
13366 6984
13370 6986
13374 6988
13378 6990
13382 6992
13386 6994
13390 6996
13394 6998
13398 7000
13402 7003
13406 7005
13410 7007
13414 7009
13418 7011
13422 7013
13426 7015
13430 7017
13434 7019
13438 7021
13442 7023
13446 7025
13450 7027
13454 7029
13458 7031
13462 7033
13466 7035
13470 7037
13474 7040
13478 7042
13482 7044
13486 7046
13490 7048
13494 7050
13498 7052
13502 7054
13506 7056
13510 7058
13514 7060
13518 7062
13522 7065
13526 7067
13530 7069
13534 7071
13538 7073
13542 7075
13546 7077
13550 7079
13554 7081
13558 7083
13562 7085
13566 7087
13570 7090
13574 7092
13578 7094
13582 7096
13586 7098
13590 7100
13594 7102
13598 7104
13602 7107
13606 7109
13610 7111
13614 7113
13618 7115
13622 7117
13626 7119
13630 7121
13634 7123
13638 7125
13642 7127
13646 7130
13650 7132
13654 7134
13658 7136
13662 7138
13666 7140
13670 7142
13674 7144
13678 7146
13682 7149
13686 7151
13690 7153
13694 7155
13698 7157
13702 7159
13706 7161
13710 7163
13714 7165
13718 7168
13722 7170
13726 7172
13730 7174
13734 7176
13738 7178
13742 7180
13746 7182
13750 7185
13754 7187
13758 7189
13762 7191
13766 7193
13770 7195
13774 7197
13778 7199
13782 7201
13786 7204
13790 7206
13794 7208
13798 7210
13802 7212
13806 7214
13810 7216
13814 7219
13818 7221
13822 7223
13826 7225
13830 7227
13834 7229
13838 7231
13842 7233
13846 7235
13850 7237
13854 7240
13858 7242
13862 7244
13866 7246
13870 7248
13874 7250
13878 7253
13882 7255
13886 7257
13890 7259
13894 7261
13898 7263
13902 7265
13906 7267
13910 7269
13914 7271
13918 7274
13922 7276
13926 7278
13930 7280
13934 7282
13938 7284
13942 7286
13946 7288
13950 7290
13954 7293
13958 7295
13962 7297
13966 7299
13970 7301
13974 7303
13978 7305
13982 7307
13986 7309
13990 7311
13994 7313
13998 7316
14002 7318
14006 7320
14010 7322
14014 7324
14018 7326
14022 7328
14026 7330
14030 7333
14034 7335
14038 7337
14042 7339
14046 7341
14050 7343
14054 7345
14058 7347
14062 7349
14066 7351
14070 7353
14074 7355
14078 7357
14082 7359
14086 7362
14090 7364
14094 7366
14098 7368
14102 7370
14106 7372
14110 7374
14114 7376
14118 7378
14122 7380
14126 7382
14130 7384
14134 7386
14138 7389
14142 7391
14146 7393
14150 7395
14154 7397
14158 7399
14162 7401
14166 7403
14170 7405
14174 7407
14178 7409
14182 7411
14186 7413
14190 7416
14194 7418
14198 7420
14202 7422
14206 7424
14210 7426
14214 7428
14218 7430
14222 7432
14226 7434
14230 7437
14234 7439
14238 7441
14242 7443
14246 7445
14250 7447
14254 7449
14258 7451
14262 7453
14266 7455
14270 7457
14274 7460
14278 7462
14282 7464
14286 7466
14290 7468
14294 7470
14298 7472
14302 7474
14306 7476
14310 7479
14314 7481
14318 7483
14322 7485
14326 7487
14330 7489
14334 7491
14338 7493
14342 7495
14346 7498
14350 7500
14354 7502
14358 7504
14362 7506
14366 7508
14370 7510
14374 7512
14378 7515
14382 7517
14386 7519
14390 7521
14394 7523
14398 7525
14402 7527
14406 7529
14410 7531
14414 7533
14418 7536
14422 7538
14426 7540
14430 7542
14434 7544
14438 7546
14442 7548
14446 7551
14450 7553
14454 7555
14458 7557
14462 7559
14466 7561
14470 7563
14474 7565
14478 7567
14482 7569
14486 7572
14490 7574
14494 7576
14498 7578
14502 7580
14506 7582
14510 7584
14514 7587
14518 7589
14522 7591
14526 7593
14530 7595
14534 7597
14538 7599
14542 7601
14546 7603
14550 7606
14554 7608
14558 7610
14562 7612
14566 7614
14570 7616
14574 7618
14578 7620
14582 7623
14586 7625
14590 7627
14594 7629
14598 7631
14602 7633
14606 7635
14610 7637
14614 7639
14618 7641
14622 7643
14626 7646
14630 7648
14634 7650
14638 7652
14642 7654
14646 7656
14650 7658
14654 7661
14658 7663
14662 7665
14666 7667
14670 7669
14674 7671
14678 7673
14682 7675
14686 7677
14690 7679
14694 7681
14698 7684
14702 7686
14706 7688
14710 7690
14714 7692
14718 7694
14722 7696
14726 7698
14730 7700
14734 7702
14738 7704
14742 7707
14746 7709
14750 7711
14754 7713
14758 7715
14762 7717
14766 7719
14770 7721
14774 7723
14778 7725
14782 7727
14786 7729
14790 7731
14794 7733
14798 7735
14802 7738
14806 7740
14810 7742
14814 7744
14818 7746
14822 7748
14826 7750
14830 7752
14834 7754
14838 7756
14842 7758
14846 7760
14850 7762
14854 7764
14858 7767
14862 7769
14866 7771
14870 7773
14874 7775
14878 7777
14882 7779
14886 7781
14890 7783
14894 7785
14898 7787
14902 7789
14906 7792
14910 7794
14914 7796
14918 7798
14922 7800
14926 7802
14930 7804
14934 7806
14938 7808
14942 7811
14946 7813
14950 7815
14954 7817
14958 7819
14962 7821
14966 7823
14970 7825
14974 7827
14978 7829
14982 7831
14986 7834
14990 7836
14994 7838
14998 7840
15002 7842
15006 7844
15010 7846
15014 7848
15018 7851
15022 7853
15026 7855
15030 7857
15034 7859
15038 7861
15042 7863
15046 7865
15050 7867
15054 7869
15058 7872
15062 7874
15066 7876
15070 7878
15074 7880
15078 7882
15082 7884
15086 7886
15090 7889
15094 7891
15098 7893
15102 7895
15106 7897
15110 7899
15114 7901
15118 7903
15122 7905
15126 7907
15130 7910
15134 7912
15138 7914
15142 7916
15146 7918
15150 7920
15154 7922
15158 7924
15162 7927
15166 7929
15170 7931
15174 7933
15178 7935
15182 7937
15186 7939
15190 7941
15194 7943
15198 7946
15202 7948
15206 7950
15210 7952
15214 7954
15218 7956
15222 7958
15226 7960
15230 7963
15234 7965
15238 7967
15242 7969
15246 7971
15250 7973
15254 7975
15258 7977
15262 7979
15266 7981
15270 7984
15274 7986
15278 7988
15282 7990
15286 7992
15290 7994
15294 7996
15298 7998
15302 8001
15306 8003
15310 8005
15314 8007
15318 8009
15322 8011
15326 8013
15330 8015
15334 8017
15338 8019
15342 8022
15346 8024
15350 8026
15354 8028
15358 8030
15362 8032
15366 8034
15370 8036
15374 8038
15378 8041
15382 8043
15386 8045
15390 8047
15394 8049
15398 8051
15402 8053
15406 8055
15410 8057
15414 8059
15418 8061
15422 8063
15426 8066
15430 8068
15434 8070
15438 8072
15442 8074
15446 8076
15450 8078
15454 8080
15458 8082
15462 8084
15466 8086
15470 8089
15474 8091
15478 8093
15482 8095
15486 8097
15490 8099
15494 8101
15498 8103
15502 8105
15506 8107
15510 8109
15514 8111
15518 8113
15522 8115
15526 8118
15530 8120
15534 8122
15538 8124
15542 8126
15546 8128
15550 8130
15554 8132
15558 8134
15562 8136
15566 8138
15570 8141
15574 8143
15578 8145
15582 8147
15586 8149
15590 8151
15594 8153
15598 8155
15602 8157
15606 8159
15610 8161
15614 8164
15618 8166
15622 8168
15626 8170
15630 8172
15634 8174
15638 8176
15642 8178
15646 8180
15650 8183
15654 8185
15658 8187
15662 8189
15666 8191
15670 8193
15674 8195
15678 8197
15682 8199
15686 8201
15690 8204
15694 8206
15698 8208
15702 8210
15706 8212
15710 8214
15714 8216
15718 8218
15722 8220
15726 8223
15730 8225
15734 8227
15738 8229
15742 8231
15746 8233
15750 8235
15754 8237
15758 8239
15762 8241
15766 8243
15770 8246
15774 8248
15778 8250
15782 8252
15786 8254
15790 8256
15794 8258
15798 8261
15802 8263
15806 8265
15810 8267
15814 8269
15818 8271
15822 8273
15826 8275
15830 8277
15834 8279
15838 8282
15842 8284
15846 8286
15850 8288
15854 8290
15858 8292
15862 8294
15866 8296
15870 8299
15874 8301
15878 8303
15882 8305
15886 8307
15890 8309
15894 8311
15898 8313
15902 8315
15906 8317
15910 8320
15914 8322
15918 8324
15922 8326
15926 8328
15930 8330
15934 8332
15938 8335
15942 8337
15946 8339
15950 8341
15954 8343
15958 8345
15962 8347
15966 8349
15970 8351
15974 8354
15978 8356
15982 8358
15986 8360
15990 8362
15994 8364
15998 8366
16002 8368
16006 8370
16010 8373
16014 8375
16018 8377
16022 8379
16026 8381
16030 8383
16034 8385
16038 8387
16042 8389
16046 8391
16050 8393
16054 8396
16058 8398
16062 8400
16066 8402
16070 8404
16074 8406
16078 8408
16082 8410
16086 8412
16090 8415
16094 8417
16098 8419
16102 8421
16106 8423
16110 8425
16114 8427
16118 8429
16122 8431
16126 8433
16130 8435
16134 8437
16138 8439
16142 8442
16146 8444
16150 8446
16154 8448
16158 8450
16162 8452
16166 8454
16170 8456
16174 8458
16178 8460
16182 8462
16186 8464
16190 8467
16194 8469
16198 8471
16202 8473
16206 8475
16210 8477
16214 8479
16218 8481
16222 8483
16226 8485
16230 8487
16234 8489
16238 8491
16242 8494
16246 8496
16250 8498
16254 8500
16258 8502
16262 8504
16266 8506
16270 8508
16274 8510
16278 8512
16282 8515
16286 8517
16290 8519
16294 8521
16298 8523
16302 8525
16306 8527
16310 8529
16314 8531
16318 8533
16322 8535
16326 8538
16330 8540
16334 8542
16338 8544
16342 8546
16346 8548
16350 8550
16354 8552
16358 8555
16362 8557
16366 8559
16370 8561
16374 8563
16378 8565
16382 8567
16386 8569
16390 8571
16394 8573
16398 8575
16402 8577
16406 8579
16410 8582
16414 8584
16418 8586
16422 8588
16426 8590
16430 8592
16434 8594
16438 8597
16442 8599
16446 8601
16450 8603
16454 8605
16458 8607
16462 8609
16466 8611
16470 8613
16474 8615
16478 8617
16482 8620
16486 8622
16490 8624
16494 8626
16498 8628
16502 8630
16506 8632
16510 8634
16514 8637
16518 8639
16522 8641
16526 8643
16530 8645
16534 8647
16538 8649
16542 8651
16546 8653
16550 8655
16554 8658
16558 8660
16562 8662
16566 8664
16570 8666
16574 8668
16578 8670
16582 8673
16586 8675
16590 8677
16594 8679
16598 8681
16602 8683
16606 8685
16610 8687
16614 8689
16618 8692
16622 8694
16626 8696
16630 8698
16634 8700
16638 8702
16642 8704
16646 8706
16650 8708
16654 8711
16658 8713
16662 8715
16666 8717
16670 8719
16674 8721
16678 8723
16682 8725
16686 8727
16690 8729
16694 8732
16698 8734
16702 8736
16706 8738
16710 8740
16714 8742
16718 8744
16722 8746
16726 8749
16730 8751
16734 8753
16738 8755
16742 8757
16746 8759
16750 8761
16754 8763
16758 8765
16762 8768
16766 8770
16770 8772
16774 8774
16778 8776
16782 8778
16786 8780
16790 8782
16794 8784
16798 8786
16802 8789
16806 8791
16810 8793
16814 8795
16818 8797
16822 8799
16826 8801
16830 8803
16834 8805
16838 8807
16842 8809
16846 8811
16850 8813
16854 8815
16858 8818
16862 8820
16866 8822
16870 8824
16874 8826
16878 8828
16882 8830
16886 8832
16890 8834
16894 8836
16898 8838
16902 8841
16906 8843
16910 8845
16914 8847
16918 8849
16922 8851
16926 8853
16930 8855
16934 8857
16938 8859
16942 8861
16946 8863
16950 8865
16954 8868
16958 8870
16962 8872
16966 8874
16970 8876
16974 8878
16978 8880
16982 8882
16986 8885
16990 8887
16994 8889
16998 8891
17002 8893
17006 8895
17010 8897
17014 8899
17018 8901
17022 8903
17026 8905
17030 8908
17034 8910
17038 8912
17042 8914
17046 8916
17050 8918
17054 8920
17058 8922
17062 8924
17066 8927
17070 8929
17074 8931
17078 8933
17082 8935
17086 8937
17090 8939
17094 8941
17098 8943
17102 8945
17106 8947
17110 8949
17114 8952
17118 8954
17122 8956
17126 8958
17130 8960
17134 8962
17138 8964
17142 8966
17146 8969
17150 8971
17154 8973
17158 8975
17162 8977
17166 8979
17170 8981
17174 8983
17178 8985
17182 8987
17186 8989
17190 8992
17194 8994
17198 8996
17202 8998
17206 9000
17210 9002
17214 9004
17218 9007
17222 9009
17226 9011
17230 9013
17234 9015
17238 9017
17242 9019
17246 9021
17250 9023
17254 9025
17258 9028
17262 9030
17266 9032
17270 9034
17274 9036
17278 9038
17282 9040
17286 9043
17290 9045
17294 9047
17298 9049
17302 9051
17306 9053
17310 9055
17314 9057
17318 9059
17322 9061
17326 9064
17330 9066
17334 9068
17338 9070
17342 9072
17346 9074
17350 9076
17354 9079
17358 9081
17362 9083
17366 9085
17370 9087
17374 9089
17378 9091
17382 9093
17386 9095
17390 9097
17394 9100
17398 9102
17402 9104
17406 9106
17410 9108
17414 9110
17418 9112
17422 9114
17426 9117
17430 9119
17434 9121
17438 9123
17442 9125
17446 9127
17450 9129
17454 9131
17458 9133
17462 9135
17466 9137
17470 9140
17474 9142
17478 9144
17482 9146
17486 9148
17490 9150
17494 9152
17498 9154
17502 9156
17506 9158
17510 9160
17514 9163
17518 9165
17522 9167
17526 9169
17530 9171
17534 9173
17538 9175
17542 9177
17546 9179
17550 9181
17554 9183
17558 9185
17562 9187
17566 9189
17570 9192
17574 9194
17578 9196
17582 9198
17586 9200
17590 9202
17594 9204
17598 9206
17602 9208
17606 9210
17610 9213
17614 9215
17618 9217
17622 9219
17626 9221
17630 9223
17634 9225
17638 9227
17642 9229
17646 9231
17650 9233
17654 9235
17658 9238
17662 9240
17666 9242
17670 9244
17674 9246
17678 9248
17682 9250
17686 9252
17690 9254
17694 9256
17698 9259
17702 9261
17706 9263
17710 9265
17714 9267
17718 9269
17722 9271
17726 9273
17730 9275
17734 9277
17738 9279
17742 9282
17746 9284
17750 9286
17754 9288
17758 9290
17762 9292
17766 9294
17770 9296
17774 9299
17778 9300
17782 9303
17786 9305
17790 9307
17794 9309
17798 9311
17802 9313
17806 9315
17810 9317
17814 9319
17818 9321
17822 9323
17826 9326
17830 9328
17834 9330
17838 9332
17842 9334
17846 9336
17850 9338
17854 9341
17858 9343
17862 9345
17866 9347
17870 9349
17874 9351
17878 9353
17882 9355
17886 9357
17890 9359
17894 9361
17898 9364
17902 9366
17906 9368
17910 9370
17914 9372
17918 9374
17922 9376
17926 9379
17930 9381
17934 9383
17938 9385
17942 9387
17946 9389
17950 9391
17954 9393
17958 9395
17962 9397
17966 9400
17970 9402
17974 9404
17978 9406
17982 9408
17986 9410
17990 9413
17994 9415
17998 9417
18002 9419
18006 9421
18010 9423
18014 9425
18018 9427
18022 9429
18026 9431
18030 9434
18034 9436
18038 9438
18042 9440
18046 9442
18050 9444
18054 9446
18058 9449
18062 9451
18066 9453
18070 9455
18074 9457
18078 9459
18082 9461
18086 9463
18090 9465
18094 9467
18098 9470
18102 9472
18106 9474
18110 9476
18114 9478
18118 9480
18122 9482
18126 9485
18130 9487
18134 9489
18138 9491
18142 9493
18146 9495
18150 9497
18154 9499
18158 9501
18162 9503
18166 9505
18170 9507
18174 9509
18178 9512
18182 9514
18186 9516
18190 9518
18194 9520
18198 9522
18202 9524
18206 9526
18210 9528
18214 9530
18218 9532
18222 9535
18226 9537
18230 9539
18234 9541
18238 9543
18242 9545
18246 9547
18250 9549
18254 9551
18258 9553
18262 9555
18266 9557
18270 9559
18274 9561
18278 9563
18282 9566
18286 9568
18290 9570
18294 9572
18298 9574
18302 9576
18306 9578
18310 9580
18314 9582
18318 9584
18322 9586
18326 9589
18330 9591
18334 9593
18338 9595
18342 9597
18346 9599
18350 9601
18354 9603
18358 9605
18362 9607
18366 9609
18370 9612
18374 9614
18378 9616
18382 9618
18386 9620
18390 9622
18394 9624
18398 9626
18402 9628
18406 9630
18410 9633
18414 9635
18418 9637
18422 9639
18426 9641
18430 9643
18434 9645
18438 9647
18442 9649
18446 9651
18450 9653
18454 9656
18458 9658
18462 9660
18466 9662
18470 9664
18474 9666
18478 9668
18482 9670
18486 9672
18490 9674
18494 9677
18498 9679
18502 9681
18506 9683
18510 9685
18514 9687
18518 9689
18522 9691
18526 9693
18530 9696
18534 9698
18538 9700
18542 9702
18546 9704
18550 9706
18554 9708
18558 9710
18562 9712
18566 9715
18570 9717
18574 9719
18578 9721
18582 9723
18586 9725
18590 9727
18594 9729
18598 9731
18602 9734
18606 9736
18610 9738
18614 9740
18618 9742
18622 9744
18626 9746
18630 9748
18634 9750
18638 9753
18642 9755
18646 9757
18650 9759
18654 9761
18658 9763
18662 9765
18666 9767
18670 9770
18674 9772
18678 9774
18682 9776
18686 9778
18690 9780
18694 9782
18698 9784
18702 9787
18706 9789
18710 9791
18714 9793
18718 9795
18722 9797
18726 9799
18730 9801
18734 9803
18738 9806
18742 9808
18746 9810
18750 9812
18754 9814
18758 9816
18762 9818
18766 9821
18770 9823
18774 9825
18778 9827
18782 9829
18786 9831
18790 9833
18794 9835
18798 9837
18802 9839
18806 9842
18810 9844
18814 9846
18818 9848
18822 9850
18826 9852
18830 9854
18834 9856
18838 9859
18842 9861
18846 9863
18850 9865
18854 9867
18858 9869
18862 9871
18866 9873
18870 9875
18874 9877
18878 9879
18882 9881
18886 9883
18890 9886
18894 9888
18898 9890
18902 9892
18906 9894
18910 9896
18914 9898
18918 9900
18922 9902
18926 9904
18930 9906
18934 9908
18938 9911
18942 9913
18946 9915
18950 9917
18954 9919
18958 9921
18962 9923
18966 9925
18970 9927
18974 9929
18978 9931
18982 9933
18986 9935
18990 9938
18994 9940
18998 9942
19002 9944
19006 9946
19010 9948
19014 9950
19018 9952
19022 9954
19026 9956
19030 9958
19034 9961
19038 9963
19042 9965
19046 9967
19050 9969
19054 9971
19058 9973
19062 9975
19066 9977
19070 9979
19074 9981
19078 9983
19082 9986
19086 9988
19090 9990
19094 9992
19098 9994
19102 9996
19106 9998
19110 10000
19114 10002
19118 10004
19122 10007
19126 10009
19130 10011
19134 10013
19138 10015
19142 10017
19146 10019
19150 10021
19154 10023
19158 10025
19162 10027
19166 10030
19170 10032
19174 10034
19178 10036
19182 10038
19186 10040
19190 10042
19194 10044
19198 10046
19202 10049
19206 10051
19210 10053
19214 10055
19218 10057
19222 10059
19226 10061
19230 10063
19234 10065
19238 10067
19242 10070
19246 10072
19250 10074
19254 10076
19258 10078
19262 10080
19266 10082
19270 10085
19274 10087
19278 10089
19282 10091
19286 10093
19290 10095
19294 10097
19298 10099
19302 10101
19306 10104
19310 10106
19314 10108
19318 10110
19322 10112
19326 10114
19330 10116
19334 10118
19338 10121
19342 10123
19346 10125
19350 10127
19354 10129
19358 10131
19362 10133
19366 10135
19370 10138
19374 10140
19378 10142
19382 10144
19386 10146
19390 10148
19394 10150
19398 10153
19402 10155
19406 10157
19410 10159
19414 10161
19418 10163
19422 10165
19426 10167
19430 10169
19434 10172
19438 10174
19442 10176
19446 10178
19450 10180
19454 10182
19458 10184
19462 10186
19466 10189
19470 10191
19474 10193
19478 10195
19482 10197
19486 10199
19490 10201
19494 10203
19498 10205
19502 10208
19506 10210
19510 10212
19514 10214
19518 10216
19522 10218
19526 10220
19530 10222
19534 10224
19538 10227
19542 10229
19546 10231
19550 10233
19554 10235
19558 10237
19562 10239
19566 10241
19570 10243
19574 10245
19578 10247
19582 10249
19586 10251
19590 10253
19594 10255
19598 10257
19602 10260
19606 10262
19610 10264
19614 10266
19618 10268
19622 10270
19626 10272
19630 10274
19634 10276
19638 10278
19642 10280
19646 10282
19650 10284
19654 10287
19658 10289
19662 10291
19666 10293
19670 10295
19674 10297
19678 10299
19682 10301
19686 10303
19690 10305
19694 10307
19698 10309
19702 10311
19706 10313
19710 10315
19714 10318
19718 10320
19722 10322
19726 10324
19730 10326
19734 10328
19738 10330
19742 10332
19746 10334
19750 10336
19754 10339
19758 10341
19762 10343
19766 10345
19770 10347
19774 10349
19778 10351
19782 10353
19786 10355
19790 10357
19794 10359
19798 10362
19802 10364
19806 10366
19810 10368
19814 10370
19818 10372
19822 10374
19826 10376
19830 10378
19834 10380
19838 10383
19842 10385
19846 10387
19850 10389
19854 10391
19858 10393
19862 10395
19866 10397
19870 10399
19874 10401
19878 10403
19882 10405
19886 10408
19890 10410
19894 10412
19898 10414
19902 10416
19906 10418
19910 10420
19914 10423
19918 10425
19922 10427
19926 10429
19930 10431
19934 10433
19938 10435
19942 10437
19946 10439
19950 10441
19954 10444
19958 10446
19962 10448
19966 10450
19970 10452
19974 10454
19978 10456
19982 10459
19986 10461
19990 10463
19994 10465
19998 10467
20002 10469
20006 10471
20010 10473
20014 10475
20018 10477
20022 10480
20026 10482
20030 10484
20034 10486
20038 10488
20042 10490
20046 10493
20050 10495
20054 10497
20058 10499
20062 10501
20066 10503
20070 10505
20074 10507
20078 10509
20082 10512
20086 10514
20090 10516
20094 10518
20098 10520
20102 10522
20106 10524
20110 10527
20114 10529
20118 10531
20122 10533
20126 10535
20130 10537
20134 10539
20138 10541
20142 10543
20146 10545
20150 10548
20154 10550
20158 10552
20162 10554
20166 10556
20170 10558
20174 10560
20178 10562
20182 10565
20186 10567
20190 10569
20194 10571
20198 10573
20202 10575
20206 10577
20210 10579
20214 10581
20218 10583
20222 10585
20226 10588
20230 10590
20234 10592
20238 10594
20242 10596
20246 10598
20250 10600
20254 10602
20258 10604
20262 10606
20266 10608
20270 10611
20274 10613
20278 10615
20282 10617
20286 10619
20290 10621
20294 10623
20298 10625
20302 10627
20306 10629
20310 10631
20314 10633
20318 10635
20322 10637
20326 10639
20330 10641
20334 10643
20338 10646
20342 10648
20346 10650
20350 10652
20354 10654
20358 10656
20362 10658
20366 10660
20370 10662
20374 10664
20378 10667
20382 10669
20386 10671
20390 10673
20394 10675
20398 10677
20402 10679
20406 10681
20410 10683
20414 10685
20418 10687
20422 10689
20426 10692
20430 10694
20434 10696
20438 10698
20442 10700
20446 10702
20450 10704
20454 10706
20458 10708
20462 10711
20466 10713
20470 10715
20474 10717
20478 10719
20482 10721
20486 10723
20490 10725
20494 10727
20498 10729
20502 10731
20506 10733
20510 10736
20514 10738
20518 10740
20522 10742
20526 10744
20530 10746
20534 10748
20538 10750
20542 10752
20546 10755
20550 10757
20554 10759
20558 10761
20562 10763
20566 10765
20570 10767
20574 10769
20578 10771
20582 10773
20586 10776
20590 10778
20594 10780
20598 10782
20602 10784
20606 10786
20610 10788
20614 10790
20618 10793
20622 10795
20626 10797
20630 10799
20634 10801
20638 10803
20642 10805
20646 10807
20650 10809
20654 10812
20658 10814
20662 10816
20666 10818
20670 10820
20674 10822
20678 10825
20682 10827
20686 10829
20690 10831
20694 10833
20698 10835
20702 10837
20706 10839
20710 10841
20714 10843
20718 10846
20722 10848
20726 10850
20730 10852
20734 10854
20738 10856
20742 10859
20746 10861
20750 10863
20754 10865
20758 10867
20762 10869
20766 10871
20770 10873
20774 10875
20778 10878
20782 10880
20786 10882
20790 10884
20794 10886
20798 10888
20802 10890
20806 10893
20810 10895
20814 10897
20818 10899
20822 10901
20826 10903
20830 10905
20834 10907
20838 10909
20842 10911
20846 10913
20850 10916
20854 10918
20858 10920
20862 10922
20866 10924
20870 10926
20874 10928
20878 10930
20882 10933
20886 10935
20890 10937
20894 10939
20898 10941
20902 10943
20906 10945
20910 10947
20914 10949
20918 10951
20922 10953
20926 10955
20930 10957
20934 10959
20938 10961
20942 10964
20946 10966
20950 10968
20954 10970
20958 10972
20962 10974
20966 10976
20970 10978
20974 10980
20978 10982
20982 10984
20986 10986
20990 10988
20994 10990
20998 10993
21002 10995
21006 10997
21010 10999
21014 11001
21018 11003
21022 11005
21026 11007
21030 11009
21034 11011
21038 11013
21042 11015
21046 11017
21050 11019
21054 11021
21058 11023
21062 11025
21066 11028
21070 11030
21074 11032
21078 11034
21082 11036
21086 11038
21090 11040
21094 11042
21098 11044
21102 11046
21106 11049
21110 11051
21114 11053
21118 11055
21122 11057
21126 11059
21130 11061
21134 11063
21138 11065
21142 11067
21146 11069
21150 11071
21154 11073
21158 11076
21162 11078
21166 11080
21170 11082
21174 11084
21178 11086
21182 11088
21186 11090
21190 11092
21194 11095
21198 11097
21202 11099
21206 11101
21210 11103
21214 11105
21218 11107
21222 11109
21226 11111
21230 11113
21234 11115
21238 11118
21242 11120
21246 11122
21250 11124
21254 11126
21258 11128
21262 11130
21266 11132
21270 11135
21274 11137
21278 11139
21282 11141
21286 11143
21290 11145
21294 11147
21298 11149
21302 11151
21306 11153
21310 11156
21314 11158
21318 11160
21322 11162
21326 11164
21330 11166
21334 11169
21338 11171
21342 11173
21346 11175
21350 11177
21354 11179
21358 11181
21362 11183
21366 11185
21370 11188
21374 11190
21378 11192
21382 11194
21386 11196
21390 11198
21394 11200
21398 11203
21402 11205
21406 11207
21410 11209
21414 11211
21418 11213
21422 11215
21426 11217
21430 11220
21434 11222
21438 11224
21442 11226
21446 11228
21450 11230
21454 11232
21458 11235
21462 11237
21466 11239
21470 11241
21474 11243
21478 11245
21482 11247
21486 11249
21490 11251
21494 11253
21498 11256
21502 11258
21506 11260
21510 11262
21514 11264
21518 11266
21522 11268
21526 11270
21530 11272
21534 11275
21538 11277
21542 11279
21546 11281
21550 11283
21554 11285
21558 11287
21562 11289
21566 11291
21570 11293
21574 11295
21578 11298
21582 11300
21586 11302
21590 11304
21594 11306
21598 11308
21602 11310
21606 11312
21610 11314
21614 11316
21618 11318
21622 11320
21626 11323
21630 11325
21634 11327
21638 11329
21642 11331
21646 11333
21650 11335
21654 11337
21658 11339
21662 11341
21666 11343
21670 11345
21674 11347
21678 11349
21682 11352
21686 11354
21690 11356
21694 11358
21698 11360
21702 11362
21706 11364
21710 11366
21714 11368
21718 11370
21722 11372
21726 11375
21730 11377
21734 11379
21738 11381
21742 11383
21746 11385
21750 11387
21754 11389
21758 11391
21762 11393
21766 11395
21770 11397
21774 11399
21778 11401
21782 11404
21786 11406
21790 11408
21794 11410
21798 11412
21802 11414
21806 11416
21810 11418
21814 11421
21818 11423
21822 11425
21826 11427
21830 11429
21834 11431
21838 11433
21842 11435
21846 11437
21850 11439
21854 11441
21858 11443
21862 11446
21866 11448
21870 11450
21874 11452
21878 11454
21882 11456
21886 11458
21890 11460
21894 11463
21898 11465
21902 11467
21906 11469
21910 11471
21914 11473
21918 11475
21922 11477
21926 11479
21930 11481
21934 11483
21938 11486
21942 11488
21946 11490
21950 11492
21954 11494
21958 11496
21962 11499
21966 11501
21970 11503
21974 11505
21978 11507
21982 11509
21986 11511
21990 11513
21994 11515
21998 11518
22002 11520
22006 11522
22010 11524
22014 11526
22018 11528
22022 11530
22026 11532
22030 11535
22034 11537
22038 11539
22042 11541
22046 11543
22050 11545
22054 11547
22058 11549
22062 11552
22066 11554
22070 11556
22074 11558
22078 11560
22082 11562
22086 11564
22090 11567
22094 11569
22098 11571
22102 11573
22106 11575
22110 11577
22114 11579
22118 11581
22122 11583
22126 11586
22130 11588
22134 11590
22138 11592
22142 11594
22146 11596
22150 11598
22154 11601
22158 11603
22162 11605
22166 11607
22170 11609
22174 11611
22178 11613
22182 11615
22186 11617
22190 11620
22194 11622
22198 11624
22202 11626
22206 11628
22210 11630
22214 11632
22218 11634
22222 11636
22226 11639
22230 11641
22234 11643
22238 11645
22242 11647
22246 11649
22250 11651
22254 11653
22258 11655
22262 11657
22266 11659
22270 11661
22274 11663
22278 11666
22282 11668
22286 11670
22290 11672
22294 11674
22298 11676
22302 11678
22306 11680
22310 11682
22314 11684
22318 11686
22322 11688
22326 11691
22330 11693
22334 11695
22338 11697
22342 11699
22346 11701
22350 11703
22354 11705
22358 11707
22362 11709
22366 11711
22370 11713
22374 11715
22378 11717
22382 11719
22386 11721
22390 11723
22394 11725
22398 11728
22402 11730
22406 11732
22410 11734
22414 11736
22418 11738
22422 11740
22426 11742
22430 11744
22434 11746
22438 11748
22442 11751
22446 11753
22450 11755
22454 11757
22458 11759
22462 11761
22466 11763
22470 11765
22474 11767
22478 11769
22482 11771
22486 11773
22490 11775
22494 11778
22498 11780
22502 11782
22506 11784
22510 11786
22514 11788
22518 11790
22522 11792
22526 11794
22530 11797
22534 11799
22538 11801
22542 11803
22546 11805
22550 11807
22554 11809
22558 11811
22562 11813
22566 11815
22570 11818
22574 11820
22578 11822
22582 11824
22586 11826
22590 11828
22594 11830
22598 11832
22602 11834
22606 11837
22610 11839
22614 11841
22618 11843
22622 11845
22626 11847
22630 11849
22634 11851
22638 11853
22642 11856
22646 11858
22650 11860
22654 11862
22658 11864
22662 11866
22666 11868
22670 11870
22674 11873
22678 11875
22682 11877
22686 11879
22690 11881
22694 11883
22698 11885
22702 11887
22706 11889
22710 11892
22714 11894
22718 11896
22722 11898
22726 11900
22730 11902
22734 11905
22738 11907
22742 11909
22746 11911
22750 11913
22754 11915
22758 11917
22762 11919
22766 11921
22770 11924
22774 11926
22778 11928
22782 11930
22786 11932
22790 11934
22794 11936
22798 11939
22802 11941
22806 11943
22810 11945
22814 11947
22818 11949
22822 11951
22826 11953
22830 11955
22834 11957
22838 11960
22842 11962
22846 11964
22850 11966
22854 11968
22858 11970
22862 11972
22866 11975
22870 11977
22874 11979
22878 11981
22882 11983
22886 11985
22890 11987
22894 11989
22898 11991
22902 11993
22906 11995
22910 11998
22914 12000
22918 12002
22922 12004
22926 12006
22930 12008
22934 12010
22938 12012
22942 12014
22946 12016
22950 12019
22954 12021
22958 12023
22962 12025
22966 12027
22970 12029
22974 12031
22978 12033
22982 12035
22986 12037
22990 12039
22994 12041
22998 12043
23002 12045
23006 12047
23010 12050
23014 12052
23018 12054
23022 12056
23026 12058
23030 12060
23034 12062
23038 12064
23042 12066
23046 12068
23050 12070
23054 12072
23058 12074
23062 12077
23066 12079
23070 12081
23074 12083
23078 12085
23082 12087
23086 12089
23090 12091
23094 12093
23098 12095
23102 12097
23106 12099
23110 12101
23114 12103
23118 12106
23122 12108
23126 12110
23130 12112
23134 12114
23138 12116
23142 12118
23146 12120
23150 12122
23154 12125
23158 12127
23162 12129
23166 12131
23170 12133
23174 12135
23178 12137
23182 12139
23186 12141
23190 12143
23194 12145
23198 12148
23202 12150
23206 12152
23210 12154
23214 12156
23218 12158
23222 12160
23226 12162
23230 12165
23234 12167
23238 12169
23242 12171
23246 12173
23250 12175
23254 12177
23258 12179
23262 12181
23266 12183
23270 12185
23274 12188
23278 12190
23282 12192
23286 12194
23290 12196
23294 12198
23298 12200
23302 12202
23306 12204
23310 12207
23314 12209
23318 12211
23322 12213
23326 12215
23330 12217
23334 12219
23338 12221
23342 12224
23346 12226
23350 12228
23354 12230
23358 12232
23362 12234
23366 12236
23370 12239
23374 12241
23378 12243
23382 12245
23386 12247
23390 12249
23394 12251
23398 12253
23402 12255
23406 12258
23410 12260
23414 12262
23418 12264
23422 12266
23426 12268
23430 12270
23434 12273
23438 12275
23442 12277
23446 12279
23450 12281
23454 12283
23458 12285
23462 12287
23466 12289
23470 12292
23474 12294
23478 12296
23482 12298
23486 12300
23490 12302
23494 12304
23498 12306
23502 12309
23506 12311
23510 12313
23514 12315
23518 12317
23522 12319
23526 12321
23530 12323
23534 12325
23538 12327
23542 12330
23546 12332
23550 12334
23554 12336
23558 12338
23562 12340
23566 12342
23570 12344
23574 12347
23578 12349
23582 12351
23586 12353
23590 12355
23594 12357
23598 12359
23602 12361
23606 12363
23610 12365
23614 12367
23618 12369
23622 12372
23626 12374
23630 12376
23634 12378
23638 12380
23642 12382
23646 12384
23650 12386
23654 12388
23658 12390
23662 12392
23666 12395
23670 12397
23674 12399
23678 12401
23682 12403
23686 12405
23690 12407
23694 12409
23698 12411
23702 12413
23706 12415
23710 12417
23714 12419
23718 12421
23722 12423
23726 12425
23730 12427
23734 12430
23738 12432
23742 12434
23746 12436
23750 12438
23754 12440
23758 12442
23762 12444
23766 12446
23770 12448
23774 12450
23778 12452
23782 12455
23786 12457
23790 12459
23794 12461
23798 12463
23802 12465
23806 12467
23810 12469
23814 12471
23818 12473
23822 12475
23826 12477
23830 12480
23834 12482
23838 12484
23842 12486
23846 12488
23850 12490
23854 12492
23858 12494
23862 12496
23866 12499
23870 12501
23874 12503
23878 12505
23882 12507
23886 12509
23890 12511
23894 12513
23898 12515
23902 12517
23906 12519
23910 12522
23914 12524
23918 12526
23922 12528
23926 12530
23930 12532
23934 12534
23938 12536
23942 12538
23946 12541
23950 12543
23954 12545
23958 12547
23962 12549
23966 12551
23970 12553
23974 12555
23978 12557
23982 12559
23986 12562
23990 12564
23994 12566
23998 12568
24002 12570
24006 12572
24010 12575
24014 12577
24018 12579
24022 12581
24026 12583
24030 12585
24034 12587
24038 12589
24042 12591
24046 12593
24050 12595
24054 12598
24058 12600
24062 12602
24066 12604
24070 12606
24074 12608
24078 12610
24082 12613
24086 12615
24090 12617
24094 12619
24098 12621
24102 12623
24106 12625
24110 12627
24114 12629
24118 12631
24122 12634
24126 12636
24130 12638
24134 12640
24138 12642
24142 12644
24146 12646
24150 12649
24154 12651
24158 12653
24162 12655
24166 12657
24170 12659
24174 12661
24178 12663
24182 12665
24186 12667
24190 12670
24194 12672
24198 12674
24202 12676
24206 12678
24210 12680
24214 12682
24218 12684
24222 12687
24226 12689
24230 12691
24234 12693
24238 12695
24242 12697
24246 12699
24250 12701
24254 12703
24258 12705
24262 12708
24266 12710
24270 12712
24274 12714
24278 12716
24282 12718
24286 12720
24290 12722
24294 12725
24298 12727
24302 12729
24306 12731
24310 12733
24314 12735
24318 12737
24322 12739
24326 12741
24330 12743
24334 12745
24338 12747
24342 12749
24346 12751
24350 12754
24354 12756
24358 12758
24362 12760
24366 12762
24370 12764
24374 12766
24378 12768
24382 12770
24386 12772
24390 12774
24394 12777
24398 12779
24402 12781
24406 12783
24410 12785
24414 12787
24418 12789
24422 12791
24426 12793
24430 12795
24434 12797
24438 12799
24442 12801
24446 12803
24450 12805
24454 12808
24458 12810
24462 12812
24466 12814
24470 12816
24474 12818
24478 12820
24482 12822
24486 12824
24490 12826
24494 12829
24498 12831
24502 12833
24506 12835
24510 12837
24514 12839
24518 12841
24522 12843
24526 12845
24530 12847
24534 12849
24538 12852
24542 12854
24546 12856
24550 12858
24554 12860
24558 12862
24562 12864
24566 12866
24570 12869
24574 12871
24578 12873
24582 12875
24586 12877
24590 12879
24594 12881
24598 12883
24602 12885
24606 12887
24610 12890
24614 12892
24618 12894
24622 12896
24626 12898
24630 12900
24634 12902
24638 12904
24642 12906
24646 12909
24650 12911
24654 12913
24658 12915
24662 12917
24666 12919
24670 12921
24674 12923
24678 12925
24682 12927
24686 12930
24690 12932
24694 12934
24698 12936
24702 12938
24706 12940
24710 12942
24714 12944
24718 12947
24722 12949
24726 12951
24730 12953
24734 12955
24738 12957
24742 12959
24746 12961
24750 12963
24754 12966
24758 12968
24762 12970
24766 12972
24770 12974
24774 12976
24778 12978
24782 12981
24786 12983
24790 12985
24794 12987
24798 12989
24802 12991
24806 12993
24810 12995
24814 12997
24818 12999
24822 13002
24826 13004
24830 13006
24834 13008
24838 13010
24842 13012
24846 13014
24850 13017
24854 13019
24858 13021
24862 13023
24866 13025
24870 13027
24874 13029
24878 13031
24882 13033
24886 13035
24890 13038
24894 13040
24898 13042
24902 13044
24906 13046
24910 13048
24914 13050
24918 13052
24922 13055
24926 13057
24930 13059
24934 13061
24938 13063
24942 13065
24946 13067
24950 13069
24954 13071
24958 13073
24962 13075
24966 13078
24970 13080
24974 13082
24978 13084
24982 13086
24986 13088
24990 13090
24994 13092
24998 13094
25002 13096
25006 13099
25010 13101
25014 13103
25018 13105
25022 13107
25026 13109
25030 13111
25034 13113
25038 13115
25042 13117
25046 13119
25050 13121
25054 13123
25058 13125
25062 13128
25066 13130
25070 13132
25074 13134
25078 13136
25082 13138
25086 13140
25090 13142
25094 13144
25098 13146
25102 13148
25106 13150
25110 13153
25114 13155
25118 13157
25122 13159
25126 13161
25130 13163
25134 13165
25138 13167
25142 13169
25146 13171
25150 13173
25154 13175
25158 13177
25162 13180
25166 13182
25170 13184
25174 13186
25178 13188
25182 13190
25186 13192
25190 13194
25194 13196
25198 13199
25202 13201
25206 13203
25210 13205
25214 13207
25218 13209
25222 13211
25226 13213
25230 13215
25234 13217
25238 13219
25242 13222
25246 13224
25250 13226
25254 13228
25258 13230
25262 13232
25266 13234
25270 13236
25274 13238
25278 13240
25282 13243
25286 13245
25290 13247
25294 13249
25298 13251
25302 13253
25306 13255
25310 13257
25314 13259
25318 13261
25322 13264
25326 13266
25330 13268
25334 13270
25338 13272
25342 13274
25346 13276
25350 13278
25354 13281
25358 13283
25362 13285
25366 13287
25370 13289
25374 13291
25378 13293
25382 13295
25386 13297
25390 13299
25394 13302
25398 13304
25402 13306
25406 13308
25410 13310
25414 13312
25418 13314
25422 13316
25426 13319
25430 13321
25434 13323
25438 13325
25442 13327
25446 13329
25450 13331
25454 13333
25458 13335
25462 13337
25466 13340
25470 13342
25474 13344
25478 13346
25482 13348
25486 13350
25490 13352
25494 13354
25498 13357
25502 13359
25506 13361
25510 13363
25514 13365
25518 13367
25522 13369
25526 13371
25530 13373
25534 13376
25538 13378
25542 13380
25546 13382
25550 13384
25554 13386
25558 13388
25562 13390
25566 13393
25570 13395
25574 13397
25578 13399
25582 13401
25586 13403
25590 13405
25594 13407
25598 13409
25602 13411
25606 13414
25610 13416
25614 13418
25618 13420
25622 13422
25626 13424
25630 13426
25634 13428
25638 13431
25642 13433
25646 13435
25650 13437
25654 13439
25658 13441
25662 13443
25666 13445
25670 13447
25674 13449
25678 13451
25682 13453
25686 13456
25690 13458
25694 13460
25698 13462
25702 13464
25706 13466
25710 13468
25714 13470
25718 13472
25722 13474
25726 13476
25730 13479
25734 13481
25738 13483
25742 13485
25746 13487
25750 13489
25754 13491
25758 13493
25762 13495
25766 13497
25770 13499
25774 13501
25778 13503
25782 13505
25786 13508
25790 13510
25794 13512
25798 13514
25802 13516
25806 13518
25810 13520
25814 13522
25818 13524
25822 13526
25826 13529
25830 13531
25834 13533
25838 13535
25842 13537
25846 13539
25850 13541
25854 13543
25858 13545
25862 13547
25866 13549
25870 13551
25874 13553
25878 13556
25882 13558
25886 13560
25890 13562
25894 13564
25898 13566
25902 13568
25906 13570
25910 13573
25914 13575
25918 13577
25922 13579
25926 13581
25930 13583
25934 13585
25938 13587
25942 13589
25946 13591
25950 13593
25954 13596
25958 13598
25962 13600
25966 13602
25970 13604
25974 13606
25978 13608
25982 13611
25986 13613
25990 13615
25994 13617
25998 13619
26002 13621
26006 13623
26010 13625
26014 13627
26018 13629
26022 13631
26026 13633
26030 13636
26034 13638
26038 13640
26042 13642
26046 13644
26050 13646
26054 13648
26058 13650
26062 13653
26066 13655
26070 13657
26074 13659
26078 13661
26082 13663
26086 13665
26090 13667
26094 13669
26098 13671
26102 13673
26106 13676
26110 13678
26114 13680
26118 13682
26122 13684
26126 13686
26130 13688
26134 13691
26138 13693
26142 13695
26146 13697
26150 13699
26154 13701
26158 13703
26162 13705
26166 13707
26170 13710
26174 13712
26178 13714
26182 13716
26186 13718
26190 13720
26194 13722
26198 13724
26202 13727
26206 13729
26210 13731
26214 13733
26218 13735
26222 13737
26226 13739
26230 13741
26234 13743
26238 13745
26242 13747
26246 13750
26250 13752
26254 13754
26258 13756
26262 13758
26266 13760
26270 13762
26274 13764
26278 13767
26282 13769
26286 13771
26290 13773
26294 13775
26298 13777
26302 13779
26306 13781
26310 13783
26314 13785
26318 13788
26322 13790
26326 13792
26330 13794
26334 13796
26338 13798
26342 13800
26346 13802
26350 13805
26354 13807
26358 13809
26362 13811
26366 13813
26370 13815
26374 13817
26378 13819
26382 13821
26386 13823
26390 13825
26394 13827
26398 13829
26402 13831
26406 13834
26410 13836
26414 13838
26418 13840
26422 13842
26426 13844
26430 13846
26434 13848
26438 13850
26442 13853
26446 13854
26450 13857
26454 13859
26458 13861
26462 13863
26466 13865
26470 13867
26474 13869
26478 13871
26482 13873
26486 13875
26490 13877
26494 13879
26498 13881
26502 13883
26506 13886
26510 13888
26514 13890
26518 13892
26522 13894
26526 13896
26530 13898
26534 13900
26538 13903
26542 13905
26546 13907
26550 13909
26554 13911
26558 13913
26562 13915
26566 13917
26570 13919
26574 13921
26578 13923
26582 13926
26586 13928
26590 13930
26594 13932
26598 13934
26602 13936
26606 13938
26610 13940
26614 13942
26618 13945
26622 13947
26626 13949
26630 13951
26634 13953
26638 13955
26642 13957
26646 13959
26650 13961
26654 13963
26658 13965
26662 13967
26666 13970
26670 13972
26674 13974
26678 13976
26682 13978
26686 13980
26690 13982
26694 13984
26698 13986
26702 13988
26706 13991
26710 13993
26714 13995
26718 13997
26722 13999
26726 14001
26730 14003
26734 14005
26738 14007
26742 14009
26746 14011
26750 14014
26754 14016
26758 14018
26762 14020
26766 14022
26770 14024
26774 14026
26778 14028
26782 14031
26786 14033
26790 14035
26794 14037
26798 14039
26802 14041
26806 14043
26810 14045
26814 14047
26818 14049
26822 14052
26826 14054
26830 14056
26834 14058
26838 14060
26842 14062
26846 14064
26850 14067
26854 14069
26858 14071
26862 14073
26866 14075
26870 14077
26874 14079
26878 14081
26882 14083
26886 14085
26890 14088
26894 14090
26898 14092
26902 14094
26906 14096
26910 14098
26914 14100
26918 14102
26922 14105
26926 14107
26930 14109
26934 14111
26938 14113
26942 14115
26946 14117
26950 14119
26954 14121
26958 14124
26962 14126
26966 14128
26970 14130
26974 14132
26978 14134
26982 14136
26986 14139
26990 14141
26994 14143
26998 14145
27002 14147
27006 14149
27010 14151
27014 14153
27018 14155
27022 14157
27026 14160
27030 14162
27034 14164
27038 14166
27042 14168
27046 14170
27050 14172
27054 14174
27058 14176
27062 14179
27066 14181
27070 14183
27074 14185
27078 14187
27082 14189
27086 14191
27090 14193
27094 14195
27098 14197
27102 14199
27106 14201
27110 14203
27114 14206
27118 14208
27122 14210
27126 14212
27130 14214
27134 14216
27138 14218
27142 14220
27146 14222
27150 14224
27154 14226
27158 14228
27162 14231
27166 14233
27170 14235
27174 14237
27178 14239
27182 14241
27186 14243
27190 14245
27194 14247
27198 14249
27202 14251
27206 14253
27210 14256
27214 14258
27218 14260
27222 14262
27226 14264
27230 14266
27234 14268
27238 14270
27242 14272
27246 14274
27250 14276
27254 14279
27258 14281
27262 14283
27266 14285
27270 14287
27274 14289
27278 14291
27282 14293
27286 14295
27290 14297
27294 14299
27298 14302
27302 14304
27306 14306
27310 14308
27314 14310
27318 14312
27322 14314
27326 14316
27330 14318
27334 14320
27338 14323
27342 14325
27346 14327
27350 14329
27354 14331
27358 14333
27362 14335
27366 14337
27370 14339
27374 14341
27378 14343
27382 14345
27386 14348
27390 14350
27394 14352
27398 14354
27402 14356
27406 14358
27410 14360
27414 14362
27418 14364
27422 14367
27426 14369
27430 14371
27434 14373
27438 14375
27442 14377
27446 14379
27450 14381
27454 14383
27458 14385
27462 14388
27466 14390
27470 14392
27474 14394
27478 14396
27482 14398
27486 14400
27490 14402
27494 14405
27498 14407
27502 14409
27506 14411
27510 14413
27514 14415
27518 14417
27522 14419
27526 14421
27530 14424
27534 14426
27538 14428
27542 14430
27546 14432
27550 14434
27554 14436
27558 14438
27562 14441
27566 14443
27570 14445
27574 14447
27578 14449
27582 14451
27586 14453
27590 14455
27594 14457
27598 14460
27602 14462
27606 14464
27610 14466
27614 14468
27618 14470
27622 14472
27626 14475
27630 14477
27634 14479
27638 14481
27642 14483
27646 14485
27650 14487
27654 14489
27658 14491
27662 14493
27666 14496
27670 14498
27674 14500
27678 14502
27682 14504
27686 14506
27690 14508
27694 14510
27698 14513
27702 14515
27706 14517
27710 14519
27714 14521
27718 14523
27722 14525
27726 14527
27730 14529
27734 14531
27738 14534
27742 14536
27746 14538
27750 14540
27754 14542
27758 14544
27762 14546
27766 14548
27770 14550
27774 14552
27778 14555
27782 14557
27786 14559
27790 14561
27794 14563
27798 14565
27802 14567
27806 14569
27810 14571
27814 14573
27818 14575
27822 14577
27826 14579
27830 14581
27834 14584
27838 14586
27842 14588
27846 14590
27850 14592
27854 14594
27858 14596
27862 14598
27866 14600
27870 14602
27874 14604
27878 14607
27882 14609
27886 14611
27890 14613
27894 14615
27898 14617
27902 14619
27906 14621
27910 14623
27914 14625
27918 14627
27922 14629
27926 14631
27930 14633
27934 14636
27938 14638
27942 14640
27946 14642
27950 14644
27954 14646
27958 14648
27962 14650
27966 14653
27970 14655
27974 14657
27978 14659
27982 14661
27986 14663
27990 14665
27994 14667
27998 14669
28002 14671
28006 14673
28010 14675
28014 14678
28018 14680
28022 14682
28026 14684
28030 14686
28034 14688
28038 14690
28042 14692
28046 14694
28050 14697
28054 14699
28058 14701
28062 14703
28066 14705
28070 14707
28074 14709
28078 14711
28082 14713
28086 14715
28090 14717
28094 14720
28098 14722
28102 14724
28106 14726
28110 14728
28114 14730
28118 14732
28122 14734
28126 14737
28130 14739
28134 14741
28138 14743
28142 14745
28146 14747
28150 14749
28154 14751
28158 14753
28162 14755
28166 14758
28170 14760
28174 14762
28178 14764
28182 14766
28186 14768
28190 14770
28194 14772
28198 14775
28202 14777
28206 14779
28210 14781
28214 14783
28218 14785
28222 14787
28226 14789
28230 14791
28234 14793
28238 14796
28242 14798
28246 14800
28250 14802
28254 14804
28258 14806
28262 14809
28266 14811
28270 14813
28274 14815
28278 14817
28282 14819
28286 14821
28290 14823
28294 14825
28298 14827
28302 14830
28306 14832
28310 14834
28314 14836
28318 14838
28322 14840
28326 14843
28330 14845
28334 14847
28338 14849
28342 14851
28346 14853
28350 14855
28354 14857
28358 14859
28362 14861
28366 14864
28370 14866
28374 14868
28378 14870
28382 14872
28386 14874
28390 14876
28394 14879
28398 14881
28402 14883
28406 14885
28410 14887
28414 14889
28418 14891
28422 14893
28426 14895
28430 14897
28434 14899
28438 14902
28442 14904
28446 14906
28450 14908
28454 14910
28458 14912
28462 14914
28466 14916
28470 14918
28474 14920
28478 14922
28482 14924
28486 14927
28490 14929
28494 14931
28498 14933
28502 14935
28506 14937
28510 14939
28514 14941
28518 14943
28522 14945
28526 14947
28530 14949
28534 14951
28538 14953
28542 14955
28546 14958
28550 14960
28554 14962
28558 14964
28562 14966
28566 14968
28570 14970
28574 14972
28578 14974
28582 14976
28586 14978
28590 14981
28594 14983
28598 14985
28602 14987
28606 14989
28610 14991
28614 14993
28618 14995
28622 14997
28626 14999
28630 15001
28634 15003
28638 15005
28642 15008
28646 15010
28650 15012
28654 15014
28658 15016
28662 15018
28666 15020
28670 15022
28674 15024
28678 15027
28682 15029
28686 15031
28690 15033
28694 15035
28698 15037
28702 15039
28706 15041
28710 15043
28714 15045
28718 15047
28722 15049
28726 15052
28730 15054
28734 15056
28738 15058
28742 15060
28746 15062
28750 15064
28754 15066
28758 15068
28762 15070
28766 15073
28770 15075
28774 15077
28778 15079
28782 15081
28786 15083
28790 15085
28794 15087
28798 15089
28802 15091
28806 15093
28810 15096
28814 15098
28818 15100
28822 15102
28826 15104
28830 15106
28834 15108
28838 15110
28842 15113
28846 15115
28850 15117
28854 15119
28858 15121
28862 15123
28866 15125
28870 15127
28874 15129
28878 15132
28882 15134
28886 15136
28890 15138
28894 15140
28898 15142
28902 15144
28906 15147
28910 15149
28914 15151
28918 15153
28922 15155
28926 15157
28930 15159
28934 15161
28938 15163
28942 15165
28946 15168
28950 15170
28954 15172
28958 15174
28962 15176
28966 15178
28970 15180
28974 15183
28978 15185
28982 15187
28986 15189
28990 15191
28994 15193
28998 15195
29002 15197
29006 15200
29010 15202
29014 15204
29018 15206
29022 15208
29026 15210
29030 15212
29034 15215
29038 15217
29042 15219
29046 15221
29050 15223
29054 15225
29058 15227
29062 15229
29066 15231
29070 15233
29074 15235
29078 15238
29082 15240
29086 15242
29090 15244
29094 15246
29098 15248
29102 15250
29106 15252
29110 15255
29114 15257
29118 15259
29122 15261
29126 15263
29130 15265
29134 15267
29138 15269
29142 15271
29146 15273
29150 15275
29154 15277
29158 15279
29162 15282
29166 15284
29170 15286
29174 15288
29178 15290
29182 15292
29186 15294
29190 15296
29194 15298
29198 15300
29202 15302
29206 15304
29210 15307
29214 15309
29218 15311
29222 15313
29226 15315
29230 15317
29234 15319
29238 15321
29242 15323
29246 15325
29250 15327
29254 15329
29258 15331
29262 15334
29266 15336
29270 15338
29274 15340
29278 15342
29282 15344
29286 15346
29290 15348
29294 15350
29298 15352
29302 15354
29306 15357
29310 15359
29314 15361
29318 15363
29322 15365
29326 15367
29330 15369
29334 15371
29338 15373
29342 15375
29346 15377
29350 15380
29354 15382
29358 15384
29362 15386
29366 15388
29370 15390
29374 15392
29378 15394
29382 15396
29386 15398
29390 15401
29394 15403
29398 15405
29402 15407
29406 15409
29410 15411
29414 15413
29418 15415
29422 15417
29426 15419
29430 15421
29434 15424
29438 15426
29442 15428
29446 15430
29450 15432
29454 15434
29458 15436
29462 15438
29466 15440
29470 15443
29474 15445
29478 15447
29482 15449
29486 15451
29490 15453
29494 15455
29498 15457
29502 15459
29506 15462
29510 15464
29514 15466
29518 15468
29522 15470
29526 15472
29530 15474
29534 15476
29538 15479
29542 15481
29546 15483
29550 15485
29554 15487
29558 15489
29562 15491
29566 15493
29570 15495
29574 15498
29578 15500
29582 15502
29586 15504
29590 15506
29594 15508
29598 15510
29602 15513
29606 15515
29610 15517
29614 15519
29618 15521
29622 15523
29626 15525
29630 15527
29634 15530
29638 15532
29642 15534
29646 15536
29650 15538
29654 15540
29658 15542
29662 15544
29666 15547
29670 15549
29674 15551
29678 15553
29682 15555
29686 15557
29690 15559
29694 15561
29698 15563
29702 15566
29706 15568
29710 15570
29714 15572
29718 15574
29722 15576
29726 15578
29730 15581
29734 15583
29738 15585
29742 15587
29746 15589
29750 15591
29754 15593
29758 15595
29762 15597
29766 15599
29770 15602
29774 15604
29778 15606
29782 15608
29786 15610
29790 15612
29794 15614
29798 15616
29802 15618
29806 15621
29810 15623
29814 15625
29818 15627
29822 15629
29826 15631
29830 15633
29834 15635
29838 15637
29842 15639
29846 15641
29850 15643
29854 15645
29858 15647
29862 15649
29866 15651
29870 15654
29874 15656
29878 15658
29882 15660
29886 15662
29890 15664
29894 15666
29898 15668
29902 15670
29906 15672
29910 15674
29914 15676
29918 15678
29922 15680
29926 15683
29930 15685
29934 15687
29938 15689
29942 15691
29946 15693
29950 15695
29954 15697
29958 15699
29962 15701
29966 15703
29970 15705
29974 15707
29978 15709
29982 15711
29986 15713
29990 15716
29994 15718
29998 15720
