10 0
14 0
18 0
22 0
26 1
30 1
34 1
38 2
42 2
46 3
50 3
54 4
58 4
62 5
66 6
70 7
74 7
78 8
82 9
86 10
90 11
94 12
98 13
102 14
106 15
110 16
114 17
118 18
122 19
126 20
130 21
134 22
138 23
142 24
146 25
150 26
154 28
158 29
162 30
166 31
170 32
174 33
178 34
182 36
186 37
190 38
194 39
198 40
202 41
206 42
210 44
214 45
218 46
222 47
226 48
230 49
234 50
238 52
242 53
246 54
250 55
254 56
258 58
262 59
266 60
270 61
274 62
278 64
282 65
286 66
290 67
294 68
298 70
302 71
306 72
310 73
314 74
318 76
322 77
326 78
330 79
334 80
338 82
342 83
346 84
350 85
354 86
358 88
362 89
366 90
370 91
374 92
378 94
382 95
386 96
390 97
394 98
398 100
402 101
406 102
410 103
414 104
418 106
422 107
426 108
430 109
434 110
438 112
442 113
446 114
450 115
454 116
458 118
462 119
466 120
470 121
474 122
478 124
482 125
486 126
490 127
494 128
498 130
502 131
506 132
510 133
514 134
518 136
522 137
526 138
530 139
534 140
538 142
542 143
546 144
550 145
554 146
558 148
562 149
566 150
570 151
574 152
578 154
582 155
586 156
590 157
594 158
598 160
602 161
606 162
610 163
614 164
618 166
622 167
626 168
630 169
634 170
638 172
642 173
646 174
650 175
654 176
658 178
662 179
666 180
670 181
674 182
678 184
682 185
686 186
690 187
694 188
698 190
702 191
706 192
710 193
714 194
718 196
722 197
726 198
730 199
734 200
738 202
742 203
746 204
750 205
754 206
758 208
762 209
766 210
770 211
774 212
778 214
782 215
786 216
790 217
794 218
798 220
802 221
806 222
810 223
814 224
818 226
822 227
826 228
830 229
834 230
838 231
842 233
846 234
850 235
854 236
858 237
862 238
866 240
870 241
874 242
878 243
882 244
886 246
890 247
894 248
898 249
902 250
906 252
910 253
914 254
918 255
922 256
926 258
930 259
934 260
938 261
942 262
946 263
950 265
954 266
958 267
962 268
966 269
970 270
974 272
978 273
982 274
986 275
990 276
994 277
998 279
1002 280
1006 281
1010 282
1014 283
1018 284
1022 286
1026 287
1030 288
1034 289
1038 290
1042 291
1046 292
1050 294
1054 295
1058 296
1062 297
1066 298
1070 300
1074 301
1078 302
1082 303
1086 304
1090 305
1094 306
1098 308
1102 309
1106 310
1110 311
1114 312
1118 314
1122 315
1126 316
1130 317
1134 318
1138 319
1142 320
1146 322
1150 323
1154 324
1158 325
1162 326
1166 328
1170 329
1174 330
1178 331
1182 332
1186 334
1190 335
1194 336
1198 337
1202 338
1206 339
1210 341
1214 342
1218 343
1222 344
1226 345
1230 347
1234 348
1238 349
1242 350
1246 351
1250 352
1254 354
1258 355
1262 356
1266 357
1270 358
1274 360
1278 361
1282 362
1286 363
1290 364
1294 366
1298 367
1302 368
1306 369
1310 370
1314 372
1318 373
1322 374
1326 375
1330 376
1334 378
1338 379
1342 380
1346 381
1350 382
1354 383
1358 385
1362 386
1366 387
1370 388
1374 389
1378 390
1382 392
1386 393
1390 394
1394 395
1398 396
1402 398
1406 399
1410 400
1414 401
1418 402
1422 404
1426 405
1430 406
1434 407
1438 408
1442 410
1446 411
1450 412
1454 413
1458 414
1462 416
1466 417
1470 418
1474 419
1478 420
1482 422
1486 423
1490 424
1494 425
1498 426
1502 428
1506 429
1510 430
1514 431
1518 432
1522 434
1526 435
1530 436
1534 437
1538 438
1542 440
1546 441
1550 442
1554 443
1558 444
1562 446
1566 447
1570 448
1574 449
1578 450
1582 452
1586 453
1590 454
1594 455
1598 456
1602 458
1606 459
1610 460
1614 461
1618 462
1622 464
1626 465
1630 466
1634 467
1638 469
1642 470
1646 471
1650 472
1654 474
1658 475
1662 476
1666 477
1670 478
1674 480
1678 481
1682 482
1686 483
1690 484
1694 486
1698 487
1702 488
1706 489
1710 490
1714 492
1718 493
1722 494
1726 495
1730 496
1734 498
1738 499
1742 500
1746 501
1750 502
1754 504
1758 505
1762 506
1766 507
1770 508
1774 510
1778 511
1782 512
1786 513
1790 514
1794 516
1798 517
1802 518
1806 519
1810 520
1814 522
1818 523
1822 524
1826 525
1830 526
1834 528
1838 529
1842 530
1846 531
1850 532
1854 534
1858 535
1862 536
1866 537
1870 538
1874 540
1878 541
1882 542
1886 543
1890 544
1894 546
1898 547
1902 548
1906 549
1910 550
1914 552
1918 553
1922 554
1926 555
1930 556
1934 558
1938 559
1942 560
1946 561
1950 562
1954 563
1958 565
1962 566
1966 567
1970 568
1974 569
1978 571
1982 572
1986 573
1990 574
1994 575
1998 577
2002 578
2006 579
2010 580
2014 581
2018 583
2022 584
2026 585
2030 586
2034 587
2038 589
2042 590
2046 591
2050 592
2054 593
2058 594
2062 596
2066 597
2070 598
2074 599
2078 600
2082 602
2086 603
2090 604
2094 605
2098 606
2102 608
2106 609
2110 610
2114 611
2118 612
2122 614
2126 615
2130 616
2134 617
2138 618
2142 619
2146 620
2150 622
2154 623
2158 624
2162 625
2166 626
2170 628
2174 629
2178 630
2182 631
2186 632
2190 633
2194 634
2198 636
2202 637
2206 638
2210 639
2214 640
2218 642
2222 643
2226 644
2230 645
2234 646
2238 647
2242 649
2246 650
2250 651
2254 652
2258 653
2262 654
2266 656
2270 657
2274 658
2278 659
2282 660
2286 662
2290 663
2294 664
2298 665
2302 666
2306 667
2310 668
2314 670
2318 671
2322 672
2326 673
2330 674
2334 676
2338 677
2342 678
2346 679
2350 680
2354 681
2358 683
2362 684
2366 685
2370 686
2374 687
2378 689
2382 690
2386 691
2390 692
2394 693
2398 694
2402 696
2406 697
2410 698
2414 699
2418 700
2422 702
2426 703
2430 704
2434 705
2438 706
2442 708
2446 709
2450 710
2454 711
2458 712
2462 714
2466 715
2470 716
2474 717
2478 718
2482 719
2486 721
2490 722
2494 723
2498 724
2502 725
2506 726
2510 728
2514 729
2518 730
2522 731
2526 732
2530 734
2534 735
2538 736
2542 737
2546 738
2550 740
2554 741
2558 742
2562 743
2566 744
2570 746
2574 747
2578 748
2582 749
2586 750
2590 751
2594 753
2598 754
2602 755
2606 756
2610 757
2614 759
2618 760
2622 761
2626 762
2630 763
2634 765
2638 766
2642 767
2646 768
2650 769
2654 770
2658 772
2662 773
2666 774
2670 775
2674 776
2678 778
2682 779
2686 780
2690 781
2694 782
2698 784
2702 785
2706 786
2710 787
2714 788
2718 790
2722 791
2726 792
2730 793
2734 794
2738 796
2742 797
2746 798
2750 799
2754 800
2758 802
2762 803
2766 804
2770 805
2774 807
2778 808
2782 809
2786 810
2790 811
2794 813
2798 814
2802 815
2806 816
2810 817
2814 818
2818 820
2822 821
2826 822
2830 823
2834 825
2838 826
2842 827
2846 828
2850 830
2854 831
2858 832
2862 833
2866 834
2870 836
2874 837
2878 838
2882 839
2886 840
2890 842
2894 843
2898 844
2902 845
2906 846
2910 848
2914 849
2918 850
2922 851
2926 852
2930 854
2934 855
2938 856
2942 857
2946 859
2950 860
2954 861
2958 862
2962 863
2966 864
2970 866
2974 867
2978 868
2982 869
2986 870
2990 872
2994 873
2998 874
3002 875
3006 877
3010 878
3014 879
3018 880
3022 882
3026 883
3030 884
3034 885
3038 886
3042 888
3046 889
3050 890
3054 891
3058 892
3062 893
3066 895
3070 896
3074 897
3078 898
3082 899
3086 901
3090 902
3094 903
3098 904
3102 905
3106 907
3110 908
3114 909
3118 910
3122 911
3126 912
3130 914
3134 915
3138 916
3142 917
3146 918
3150 920
3154 921
3158 922
3162 923
3166 924
3170 926
3174 927
3178 928
3182 929
3186 930
3190 932
3194 933
3198 934
3202 935
3206 936
3210 938
3214 939
3218 940
3222 941
3226 942
3230 944
3234 945
3238 946
3242 947
3246 948
3250 950
3254 951
3258 952
3262 953
3266 954
3270 956
3274 957
3278 958
3282 959
3286 960
3290 961
3294 962
3298 964
3302 965
3306 966
3310 967
3314 968
3318 970
3322 971
3326 972
3330 973
3334 974
3338 976
3342 977
3346 978
3350 979
3354 980
3358 981
3362 982
3366 984
3370 985
3374 986
3378 987
3382 988
3386 990
3390 991
3394 992
3398 993
3402 994
3406 995
3410 996
3414 998
3418 999
3422 1000
3426 1001
3430 1002
3434 1004
3438 1005
3442 1006
3446 1007
3450 1008
3454 1009
3458 1010
3462 1012
3466 1013
3470 1014
3474 1015
3478 1016
3482 1018
3486 1019
3490 1020
3494 1021
3498 1022
3502 1024
3506 1025
3510 1026
3514 1027
3518 1028
3522 1029
3526 1030
3530 1032
3534 1033
3538 1034
3542 1035
3546 1036
3550 1038
3554 1039
3558 1040
3562 1041
3566 1042
3570 1044
3574 1045
3578 1046
3582 1047
3586 1048
3590 1049
3594 1051
3598 1052
3602 1053
3606 1054
3610 1055
3614 1056
3618 1058
3622 1059
3626 1060
3630 1061
3634 1062
3638 1064
3642 1065
3646 1066
3650 1067
3654 1068
3658 1070
3662 1071
3666 1072
3670 1073
3674 1074
3678 1076
3682 1077
3686 1078
3690 1079
3694 1080
3698 1082
3702 1083
3706 1084
3710 1085
3714 1086
3718 1087
3722 1089
3726 1090
3730 1091
3734 1092
3738 1093
3742 1094
3746 1096
3750 1097
3754 1098
3758 1099
3762 1100
3766 1102
3770 1103
3774 1104
3778 1105
3782 1106
3786 1108
3790 1109
3794 1110
3798 1111
3802 1112
3806 1114
3810 1115
3814 1116
3818 1117
3822 1118
3826 1120
3830 1121
3834 1122
3838 1123
3842 1124
3846 1125
3850 1127
3854 1128
3858 1129
3862 1130
3866 1131
3870 1132
3874 1134
3878 1135
3882 1136
3886 1137
3890 1138
3894 1140
3898 1141
3902 1142
3906 1143
3910 1144
3914 1146
3918 1147
3922 1148
3926 1149
3930 1150
3934 1152
3938 1153
3942 1154
3946 1155
3950 1156
3954 1158
3958 1159
3962 1160
3966 1161
3970 1162
3974 1164
3978 1165
3982 1166
3986 1167
3990 1168
3994 1170
3998 1171
4002 1172
4006 1173
4010 1174
4014 1176
4018 1177
4022 1178
4026 1179
4030 1180
4034 1182
4038 1183
4042 1184
4046 1185
4050 1187
4054 1188
4058 1189
4062 1190
4066 1191
4070 1193
4074 1194
4078 1195
4082 1196
4086 1198
4090 1199
4094 1200
4098 1201
4102 1202
4106 1204
4110 1205
4114 1206
4118 1207
4122 1208
4126 1210
4130 1211
4134 1212
4138 1213
4142 1214
4146 1216
4150 1217
4154 1218
4158 1219
4162 1220
4166 1222
4170 1223
4174 1224
4178 1225
4182 1226
4186 1228
4190 1229
4194 1230
4198 1231
4202 1232
4206 1234
4210 1235
4214 1236
4218 1237
4222 1239
4226 1240
4230 1241
4234 1242
4238 1243
4242 1245
4246 1246
4250 1247
4254 1248
4258 1249
4262 1251
4266 1252
4270 1253
4274 1254
4278 1255
4282 1257
4286 1258
4290 1259
4294 1260
4298 1262
4302 1263
4306 1264
4310 1265
4314 1266
4318 1267
4322 1269
4326 1270
4330 1271
4334 1272
4338 1273
4342 1274
4346 1276
4350 1277
4354 1278
4358 1279
4362 1280
4366 1282
4370 1283
4374 1284
4378 1285
4382 1287
4386 1288
4390 1289
4394 1290
4398 1291
4402 1292
4406 1294
4410 1295
4414 1296
4418 1297
4422 1298
4426 1300
4430 1301
4434 1302
4438 1303
4442 1304
4446 1306
4450 1307
4454 1308
4458 1309
4462 1310
4466 1312
4470 1313
4474 1314
4478 1315
4482 1316
4486 1317
4490 1319
4494 1320
4498 1321
4502 1322
4506 1323
4510 1324
4514 1326
4518 1327
4522 1328
4526 1329
4530 1330
4534 1332
4538 1333
4542 1334
4546 1335
4550 1336
4554 1338
4558 1339
4562 1340
4566 1341
4570 1342
4574 1343
4578 1344
4582 1346
4586 1347
4590 1348
4594 1349
4598 1350
4602 1351
4606 1353
4610 1354
4614 1355
4618 1356
4622 1357
4626 1358
4630 1360
4634 1361
4638 1362
4642 1363
4646 1364
4650 1366
4654 1367
4658 1368
4662 1369
4666 1370
4670 1371
4674 1372
4678 1374
4682 1375
4686 1376
4690 1377
4694 1378
4698 1380
4702 1381
4706 1382
4710 1383
4714 1384
4718 1386
4722 1387
4726 1388
4730 1389
4734 1390
4738 1391
4742 1392
4746 1394
4750 1395
4754 1396
4758 1397
4762 1398
4766 1400
4770 1401
4774 1402
4778 1403
4782 1404
4786 1406
4790 1407
4794 1408
4798 1409
4802 1410
4806 1412
4810 1413
4814 1414
4818 1415
4822 1416
4826 1417
4830 1419
4834 1420
4838 1421
4842 1422
4846 1423
4850 1424
4854 1426
4858 1427
4862 1428
4866 1429
4870 1430
4874 1432
4878 1433
4882 1434
4886 1435
4890 1436
4894 1438
4898 1439
4902 1440
4906 1441
4910 1442
4914 1444
4918 1445
4922 1446
4926 1447
4930 1448
4934 1450
4938 1451
4942 1452
4946 1453
4950 1454
4954 1456
4958 1457
4962 1458
4966 1459
4970 1460
4974 1462
4978 1463
4982 1464
4986 1465
4990 1466
4994 1467
4998 1469
5002 1470
5006 1471
5010 1472
5014 1473
5018 1475
5022 1476
5026 1477
5030 1478
5034 1479
5038 1481
5042 1482
5046 1483
5050 1484
5054 1485
5058 1486
5062 1488
5066 1489
5070 1490
5074 1491
5078 1492
5082 1494
5086 1495
5090 1496
5094 1497
5098 1498
5102 1500
5106 1501
5110 1502
5114 1503
5118 1504
5122 1505
5126 1507
5130 1508
5134 1509
5138 1510
5142 1511
5146 1513
5150 1514
5154 1515
5158 1516
5162 1517
5166 1519
5170 1520
5174 1521
5178 1522
5182 1523
5186 1525
5190 1526
5194 1527
5198 1528
5202 1529
5206 1531
5210 1532
5214 1533
5218 1534
5222 1536
5226 1537
5230 1538
5234 1539
5238 1540
5242 1542
5246 1543
5250 1544
5254 1545
5258 1546
5262 1548
5266 1549
5270 1550
5274 1551
5278 1552
5282 1554
5286 1555
5290 1556
5294 1557
5298 1558
5302 1560
5306 1561
5310 1562
5314 1563
5318 1564
5322 1566
5326 1567
5330 1568
5334 1569
5338 1570
5342 1572
5346 1573
5350 1574
5354 1575
5358 1577
5362 1578
5366 1579
5370 1580
5374 1581
5378 1583
5382 1584
5386 1585
5390 1586
5394 1587
5398 1589
5402 1590
5406 1591
5410 1592
5414 1594
5418 1595
5422 1596
5426 1597
5430 1598
5434 1600
5438 1601
5442 1602
5446 1603
5450 1604
5454 1606
5458 1607
5462 1608
5466 1609
5470 1610
5474 1612
5478 1613
5482 1614
5486 1615
5490 1616
5494 1618
5498 1619
5502 1620
5506 1621
5510 1623
5514 1624
5518 1625
5522 1626
5526 1627
5530 1628
5534 1630
5538 1631
5542 1632
5546 1633
5550 1634
5554 1636
5558 1637
5562 1638
5566 1639
5570 1640
5574 1642
5578 1643
5582 1644
5586 1645
5590 1646
5594 1648
5598 1649
5602 1650
5606 1651
5610 1652
5614 1654
5618 1655
5622 1656
5626 1657
5630 1658
5634 1660
5638 1661
5642 1662
5646 1663
5650 1664
5654 1666
5658 1667
5662 1668
5666 1669
5670 1670
5674 1672
5678 1673
5682 1674
5686 1675
5690 1676
5694 1677
5698 1678
5702 1680
5706 1681
5710 1682
5714 1683
5718 1684
5722 1686
5726 1687
5730 1688
5734 1689
5738 1690
5742 1692
5746 1693
5750 1694
5754 1695
5758 1696
5762 1697
5766 1698
5770 1700
5774 1701
5778 1702
5782 1703
5786 1704
5790 1706
5794 1707
5798 1708
5802 1709
5806 1710
5810 1711
5814 1712
5818 1714
5822 1715
5826 1716
5830 1717
5834 1718
5838 1719
5842 1721
5846 1722
5850 1723
5854 1724
5858 1725
5862 1726
5866 1728
5870 1729
5874 1730
5878 1731
5882 1732
5886 1733
5890 1734
5894 1736
5898 1737
5902 1738
5906 1739
5910 1740
5914 1742
5918 1743
5922 1744
5926 1745
5930 1746
5934 1747
5938 1749
5942 1750
5946 1751
5950 1752
5954 1753
5958 1754
5962 1756
5966 1757
5970 1758
5974 1759
5978 1760
5982 1762
5986 1763
5990 1764
5994 1765
5998 1766
6002 1768
6006 1769
6010 1770
6014 1771
6018 1772
6022 1774
6026 1775
6030 1776
6034 1777
6038 1778
6042 1779
6046 1781
6050 1782
6054 1783
6058 1784
6062 1785
6066 1787
6070 1788
6074 1789
6078 1790
6082 1791
6086 1793
6090 1794
6094 1795
6098 1796
6102 1797
6106 1799
6110 1800
6114 1801
6118 1802
6122 1803
6126 1804
6130 1806
6134 1807
6138 1808
6142 1809
6146 1810
6150 1812
6154 1813
6158 1814
6162 1815
6166 1816
6170 1818
6174 1819
6178 1820
6182 1821
6186 1822
6190 1824
6194 1825
6198 1826
6202 1827
6206 1828
6210 1830
6214 1831
6218 1832
6222 1833
6226 1834
6230 1836
6234 1837
6238 1838
6242 1839
6246 1840
6250 1842
6254 1843
6258 1844
6262 1845
6266 1846
6270 1848
6274 1849
6278 1850
6282 1851
6286 1852
6290 1853
6294 1854
6298 1856
6302 1857
6306 1858
6310 1859
6314 1860
6318 1862
6322 1863
6326 1864
6330 1865
6334 1866
6338 1868
6342 1869
6346 1870
6350 1871
6354 1872
6358 1874
6362 1875
6366 1876
6370 1877
6374 1878
6378 1880
6382 1881
6386 1882
6390 1883
6394 1884
6398 1886
6402 1887
6406 1888
6410 1889
6414 1890
6418 1892
6422 1893
6426 1894
6430 1895
6434 1896
6438 1898
6442 1899
6446 1900
6450 1901
6454 1902
6458 1904
6462 1905
6466 1906
6470 1907
6474 1908
6478 1910
6482 1911
6486 1912
6490 1913
6494 1914
6498 1916
6502 1917
6506 1918
6510 1919
6514 1920
6518 1922
6522 1923
6526 1924
6530 1925
6534 1926
6538 1928
6542 1929
6546 1930
6550 1931
6554 1933
6558 1934
6562 1935
6566 1936
6570 1938
6574 1939
6578 1940
6582 1941
6586 1942
6590 1944
6594 1945
6598 1946
6602 1947
6606 1948
6610 1950
6614 1951
6618 1952
6622 1953
6626 1954
6630 1956
6634 1957
6638 1958
6642 1959
6646 1960
6650 1962
6654 1963
6658 1964
6662 1965
6666 1966
6670 1968
6674 1969
6678 1970
6682 1971
6686 1972
6690 1974
6694 1975
6698 1976
6702 1977
6706 1979
6710 1980
6714 1981
6718 1982
6722 1984
6726 1985
6730 1986
6734 1987
6738 1988
6742 1990
6746 1991
6750 1992
6754 1993
6758 1994
6762 1995
6766 1997
6770 1998
6774 1999
6778 2000
6782 2001
6786 2003
6790 2004
6794 2005
6798 2006
6802 2007
6806 2009
6810 2010
6814 2011
6818 2012
6822 2014
6826 2015
6830 2016
6834 2017
6838 2018
6842 2019
6846 2021
6850 2022
6854 2023
6858 2024
6862 2025
6866 2027
6870 2028
6874 2029
6878 2030
6882 2031
6886 2032
6890 2034
6894 2035
6898 2036
6902 2037
6906 2038
6910 2040
6914 2041
6918 2042
6922 2043
6926 2044
6930 2045
6934 2046
6938 2048
6942 2049
6946 2050
6950 2051
6954 2052
6958 2054
6962 2055
6966 2056
6970 2057
6974 2058
6978 2060
6982 2061
6986 2062
6990 2063
6994 2064
6998 2065
7002 2066
7006 2068
7010 2069
7014 2070
7018 2071
7022 2072
7026 2074
7030 2075
7034 2076
7038 2077
7042 2078
7046 2079
7050 2080
7054 2082
7058 2083
7062 2084
7066 2085
7070 2086
7074 2087
7078 2089
7082 2090
7086 2091
7090 2092
7094 2093
7098 2094
7102 2096
7106 2097
7110 2098
7114 2099
7118 2100
7122 2101
7126 2103
7130 2104
7134 2105
7138 2106
7142 2107
7146 2108
7150 2110
7154 2111
7158 2112
7162 2113
7166 2114
7170 2116
7174 2117
7178 2118
7182 2119
7186 2120
7190 2122
7194 2123
7198 2124
7202 2125
7206 2126
7210 2128
7214 2129
7218 2130
7222 2131
7226 2132
7230 2133
7234 2134
7238 2136
7242 2137
7246 2138
7250 2139
7254 2140
7258 2142
7262 2143
7266 2144
7270 2145
7274 2146
7278 2148
7282 2149
7286 2150
7290 2151
7294 2152
7298 2154
7302 2155
7306 2156
7310 2157
7314 2158
7318 2160
7322 2161
7326 2162
7330 2163
7334 2164
7338 2166
7342 2167
7346 2168
7350 2169
7354 2170
7358 2172
7362 2173
7366 2174
7370 2175
7374 2176
7378 2178
7382 2179
7386 2180
7390 2181
7394 2182
7398 2184
7402 2185
7406 2186
7410 2187
7414 2188
7418 2189
7422 2191
7426 2192
7430 2193
7434 2194
7438 2196
7442 2197
7446 2198
7450 2199
7454 2200
7458 2202
7462 2203
7466 2204
7470 2205
7474 2206
7478 2208
7482 2209
7486 2210
7490 2211
7494 2212
7498 2213
7502 2214
7506 2216
7510 2217
7514 2218
7518 2219
7522 2220
7526 2222
7530 2223
7534 2224
7538 2225
7542 2226
7546 2228
7550 2229
7554 2230
7558 2231
7562 2232
7566 2234
7570 2235
7574 2236
7578 2237
7582 2238
7586 2240
7590 2241
7594 2242
7598 2243
7602 2244
7606 2246
7610 2247
7614 2248
7618 2249
7622 2250
7626 2252
7630 2253
7634 2254
7638 2255
7642 2256
7646 2258
7650 2259
7654 2260
7658 2261
7662 2262
7666 2264
7670 2265
7674 2266
7678 2267
7682 2268
7686 2270
7690 2271
7694 2272
7698 2273
7702 2274
7706 2276
7710 2277
7714 2278
7718 2279
7722 2280
7726 2282
7730 2283
7734 2284
7738 2285
7742 2286
7746 2288
7750 2289
7754 2290
7758 2291
7762 2292
7766 2294
7770 2295
7774 2296
7778 2298
7782 2299
7786 2300
7790 2301
7794 2302
7798 2303
7802 2305
7806 2306
7810 2307
7814 2308
7818 2309
7822 2311
7826 2312
7830 2313
7834 2314
7838 2316
7842 2317
7846 2318
7850 2319
7854 2320
7858 2322
7862 2323
7866 2324
7870 2325
7874 2326
7878 2328
7882 2329
7886 2330
7890 2331
7894 2332
7898 2334
7902 2335
7906 2336
7910 2337
7914 2338
7918 2340
7922 2341
7926 2342
7930 2343
7934 2345
7938 2346
7942 2347
7946 2348
7950 2349
7954 2351
7958 2352
7962 2353
7966 2354
7970 2355
7974 2356
7978 2358
7982 2359
7986 2360
7990 2361
7994 2362
7998 2364
8002 2365
8006 2366
8010 2367
8014 2368
8018 2370
8022 2371
8026 2372
8030 2373
8034 2375
8038 2376
8042 2377
8046 2378
8050 2379
8054 2381
8058 2382
8062 2383
8066 2384
8070 2385
8074 2387
8078 2388
8082 2389
8086 2390
8090 2391
8094 2392
8098 2394
8102 2395
8106 2396
8110 2397
8114 2398
8118 2400
8122 2401
8126 2402
8130 2403
8134 2404
8138 2405
8142 2406
8146 2408
8150 2409
8154 2410
8158 2411
8162 2412
8166 2414
8170 2415
8174 2416
8178 2417
8182 2418
8186 2420
8190 2421
8194 2422
8198 2423
8202 2424
8206 2425
8210 2426
8214 2428
8218 2429
8222 2430
8226 2431
8230 2432
8234 2433
8238 2434
8242 2436
8246 2437
8250 2438
8254 2439
8258 2440
8262 2441
8266 2443
8270 2444
8274 2445
8278 2446
8282 2447
8286 2448
8290 2450
8294 2451
8298 2452
8302 2453
8306 2454
8310 2455
8314 2456
8318 2458
8322 2459
8326 2460
8330 2461
8334 2462
8338 2464
8342 2465
8346 2466
8350 2467
8354 2468
8358 2469
8362 2470
8366 2472
8370 2473
8374 2474
8378 2475
8382 2476
8386 2478
8390 2479
8394 2480
8398 2481
8402 2482
8406 2484
8410 2485
8414 2486
8418 2487
8422 2488
8426 2489
8430 2490
8434 2492
8438 2493
8442 2494
8446 2495
8450 2496
8454 2498
8458 2499
8462 2500
8466 2501
8470 2502
8474 2504
8478 2505
8482 2506
8486 2507
8490 2508
8494 2510
8498 2511
8502 2512
8506 2513
8510 2514
8514 2516
8518 2517
8522 2518
8526 2519
8530 2520
8534 2522
8538 2523
8542 2524
8546 2525
8550 2526
8554 2528
8558 2529
8562 2530
8566 2531
8570 2532
8574 2534
8578 2535
8582 2536
8586 2537
8590 2538
8594 2540
8598 2541
8602 2542
8606 2543
8610 2544
8614 2546
8618 2547
8622 2548
8626 2549
8630 2550
8634 2551
8638 2553
8642 2554
8646 2555
8650 2556
8654 2558
8658 2559
8662 2560
8666 2561
8670 2562
8674 2564
8678 2565
8682 2566
8686 2567
8690 2568
8694 2569
8698 2571
8702 2572
8706 2573
8710 2574
8714 2575
8718 2576
8722 2578
8726 2579
8730 2580
8734 2581
8738 2583
8742 2584
8746 2585
8750 2586
8754 2587
8758 2588
8762 2590
8766 2591
8770 2592
8774 2593
8778 2594
8782 2596
8786 2597
8790 2598
8794 2599
8798 2600
8802 2602
8806 2603
8810 2604
8814 2605
8818 2606
8822 2608
8826 2609
8830 2610
8834 2611
8838 2612
8842 2614
8846 2615
8850 2616
8854 2617
8858 2618
8862 2620
8866 2621
8870 2622
8874 2623
8878 2624
8882 2626
8886 2627
8890 2628
8894 2629
8898 2630
8902 2632
8906 2633
8910 2634
8914 2635
8918 2636
8922 2638
8926 2639
8930 2640
8934 2641
8938 2642
8942 2644
8946 2645
8950 2646
8954 2647
8958 2648
8962 2650
8966 2651
8970 2652
8974 2653
8978 2654
8982 2656
8986 2657
8990 2658
8994 2659
8998 2661
9002 2662
9006 2663
9010 2664
9014 2665
9018 2667
9022 2668
9026 2669
9030 2670
9034 2671
9038 2673
9042 2674
9046 2675
9050 2676
9054 2678
9058 2679
9062 2680
9066 2681
9070 2682
9074 2684
9078 2685
9082 2686
9086 2687
9090 2688
9094 2690
9098 2691
9102 2692
9106 2693
9110 2694
9114 2696
9118 2697
9122 2698
9126 2699
9130 2700
9134 2702
9138 2703
9142 2704
9146 2705
9150 2706
9154 2708
9158 2709
9162 2710
9166 2711
9170 2712
9174 2714
9178 2715
9182 2716
9186 2717
9190 2718
9194 2720
9198 2721
9202 2722
9206 2723
9210 2724
9214 2726
9218 2727
9222 2728
9226 2729
9230 2730
9234 2732
9238 2733
9242 2734
9246 2735
9250 2736
9254 2738
9258 2739
9262 2740
9266 2741
9270 2743
9274 2744
9278 2745
9282 2746
9286 2747
9290 2749
9294 2750
9298 2751
9302 2752
9306 2753
9310 2754
9314 2756
9318 2757
9322 2758
9326 2759
9330 2760
9334 2762
9338 2763
9342 2764
9346 2765
9350 2766
9354 2768
9358 2769
9362 2770
9366 2771
9370 2772
9374 2774
9378 2775
9382 2776
9386 2777
9390 2778
9394 2779
9398 2780
9402 2782
9406 2783
9410 2784
9414 2785
9418 2786
9422 2788
9426 2789
9430 2790
9434 2791
9438 2792
9442 2793
9446 2794
9450 2796
9454 2797
9458 2798
9462 2799
9466 2800
9470 2802
9474 2803
9478 2804
9482 2805
9486 2806
9490 2807
9494 2808
9498 2810
9502 2811
9506 2812
9510 2813
9514 2814
9518 2815
9522 2816
9526 2818
9530 2819
9534 2820
9538 2821
9542 2822
9546 2824
9550 2825
9554 2826
9558 2827
9562 2828
9566 2830
9570 2831
9574 2832
9578 2833
9582 2834
9586 2835
9590 2836
9594 2838
9598 2839
9602 2840
9606 2841
9610 2842
9614 2844
9618 2845
9622 2846
9626 2847
9630 2848
9634 2850
9638 2851
9642 2852
9646 2853
9650 2854
9654 2855
9658 2856
9662 2858
9666 2859
9670 2860
9674 2861
9678 2862
9682 2864
9686 2865
9690 2866
9694 2867
9698 2868
9702 2870
9706 2871
9710 2872
9714 2873
9718 2874
9722 2876
9726 2877
9730 2878
9734 2879
9738 2880
9742 2882
9746 2883
9750 2884
9754 2885
9758 2886
9762 2888
9766 2889
9770 2890
9774 2891
9778 2892
9782 2894
9786 2895
9790 2896
9794 2897
9798 2898
9802 2900
9806 2901
9810 2902
9814 2903
9818 2904
9822 2906
9826 2907
9830 2908
9834 2909
9838 2910
9842 2912
9846 2913
9850 2914
9854 2915
9858 2916
9862 2918
9866 2919
9870 2920
9874 2921
9878 2922
9882 2924
9886 2925
9890 2926
9894 2927
9898 2928
9902 2930
9906 2931
9910 2932
9914 2933
9918 2934
9922 2936
9926 2937
9930 2938
9934 2939
9938 2940
9942 2942
9946 2943
9950 2944
9954 2945
9958 2946
9962 2948
9966 2949
9970 2950
9974 2951
9978 2952
9982 2953
9986 2955
9990 2956
9994 2957
9998 2958
10002 2959
10006 2961
10010 2962
10014 2963
10018 2964
10022 2966
10026 2967
10030 2968
10034 2969
10038 2970
10042 2972
10046 2973
10050 2974
10054 2975
10058 2976
10062 2978
10066 2979
10070 2980
10074 2981
10078 2982
10082 2984
10086 2985
10090 2986
10094 2987
10098 2988
10102 2990
10106 2991
10110 2992
10114 2993
10118 2994
10122 2996
10126 2997
10130 2998
10134 2999
10138 3000
10142 3002
10146 3003
10150 3004
10154 3005
10158 3006
10162 3008
10166 3009
10170 3010
10174 3011
10178 3012
10182 3014
10186 3015
10190 3016
10194 3017
10198 3018
10202 3020
10206 3021
10210 3022
10214 3023
10218 3024
10222 3026
10226 3027
10230 3028
10234 3029
10238 3030
10242 3032
10246 3033
10250 3034
10254 3035
10258 3036
10262 3038
10266 3039
10270 3040
10274 3041
10278 3042
10282 3044
10286 3045
10290 3046
10294 3047
10298 3048
10302 3050
10306 3051
10310 3052
10314 3053
10318 3054
10322 3056
10326 3057
10330 3058
10334 3059
10338 3061
10342 3062
10346 3063
10350 3064
10354 3065
10358 3067
10362 3068
10366 3069
10370 3070
10374 3071
10378 3073
10382 3074
10386 3075
10390 3076
10394 3077
10398 3079
10402 3080
10406 3081
10410 3082
10414 3083
10418 3085
10422 3086
10426 3087
10430 3088
10434 3089
10438 3091
10442 3092
10446 3093
10450 3094
10454 3096
10458 3097
10462 3098
10466 3099
10470 3100
10474 3102
10478 3103
10482 3104
10486 3105
10490 3106
10494 3108
10498 3109
10502 3110
10506 3111
10510 3112
10514 3113
10518 3115
10522 3116
10526 3117
10530 3118
10534 3119
10538 3120
10542 3122
10546 3123
10550 3124
10554 3125
10558 3126
10562 3128
10566 3129
10570 3130
10574 3131
10578 3132
10582 3134
10586 3135
10590 3136
10594 3137
10598 3138
10602 3139
10606 3140
10610 3142
10614 3143
10618 3144
10622 3145
10626 3146
10630 3148
10634 3149
10638 3150
10642 3151
10646 3152
10650 3153
10654 3154
10658 3156
10662 3157
10666 3158
10670 3159
10674 3160
10678 3162
10682 3163
10686 3164
10690 3165
10694 3166
10698 3167
10702 3168
10706 3170
10710 3171
10714 3172
10718 3173
10722 3174
10726 3175
10730 3176
10734 3178
10738 3179
10742 3180
10746 3181
10750 3182
10754 3184
10758 3185
10762 3186
10766 3187
10770 3188
10774 3189
10778 3190
10782 3192
10786 3193
10790 3194
10794 3195
10798 3196
10802 3198
10806 3199
10810 3200
10814 3201
10818 3202
10822 3203
10826 3205
10830 3206
10834 3207
10838 3208
10842 3209
10846 3210
10850 3212
10854 3213
10858 3214
10862 3215
10866 3216
10870 3218
10874 3219
10878 3220
10882 3221
10886 3222
10890 3223
10894 3225
10898 3226
10902 3227
10906 3228
10910 3230
10914 3231
10918 3232
10922 3233
10926 3234
10930 3236
10934 3237
10938 3238
10942 3239
10946 3240
10950 3241
10954 3243
10958 3244
10962 3245
10966 3246
10970 3247
10974 3248
10978 3250
10982 3251
10986 3252
10990 3253
10994 3254
10998 3256
11002 3257
11006 3258
11010 3259
11014 3260
11018 3262
11022 3263
11026 3264
11030 3265
11034 3266
11038 3268
11042 3269
11046 3270
11050 3271
11054 3272
11058 3274
11062 3275
11066 3276
11070 3277
11074 3278
11078 3280
11082 3281
11086 3282
11090 3283
11094 3284
11098 3286
11102 3287
11106 3288
11110 3289
11114 3290
11118 3292
11122 3293
11126 3294
11130 3295
11134 3296
11138 3298
11142 3299
11146 3300
11150 3301
11154 3302
11158 3304
11162 3305
11166 3306
11170 3307
11174 3308
11178 3310
11182 3311
11186 3312
11190 3313
11194 3314
11198 3315
11202 3317
11206 3318
11210 3319
11214 3320
11218 3322
11222 3323
11226 3324
11230 3325
11234 3326
11238 3328
11242 3329
11246 3330
11250 3331
11254 3332
11258 3334
11262 3335
11266 3336
11270 3337
11274 3338
11278 3340
11282 3341
11286 3342
11290 3343
11294 3344
11298 3346
11302 3347
11306 3348
11310 3349
11314 3350
11318 3352
11322 3353
11326 3354
11330 3355
11334 3356
11338 3358
11342 3359
11346 3360
11350 3361
11354 3362
11358 3364
11362 3365
11366 3366
11370 3367
11374 3368
11378 3370
11382 3371
11386 3372
11390 3373
11394 3375
11398 3376
11402 3377
11406 3378
11410 3380
11414 3381
11418 3382
11422 3383
11426 3384
11430 3386
11434 3387
11438 3388
11442 3389
11446 3390
11450 3391
11454 3393
11458 3394
11462 3395
11466 3396
11470 3398
11474 3399
11478 3400
11482 3401
11486 3402
11490 3404
11494 3405
11498 3406
11502 3407
11506 3408
11510 3410
11514 3411
11518 3412
11522 3413
11526 3414
11530 3416
11534 3417
11538 3418
11542 3419
11546 3420
11550 3422
11554 3423
11558 3424
11562 3425
11566 3426
11570 3428
11574 3429
11578 3430
11582 3431
11586 3432
11590 3434
11594 3435
11598 3436
11602 3437
11606 3438
11610 3440
11614 3441
11618 3442
11622 3443
11626 3444
11630 3446
11634 3447
11638 3448
11642 3449
11646 3450
11650 3452
11654 3453
11658 3454
11662 3455
11666 3456
11670 3458
11674 3459
11678 3460
11682 3461
11686 3462
11690 3464
11694 3465
11698 3466
11702 3467
11706 3468
11710 3470
11714 3471
11718 3472
11722 3473
11726 3474
11730 3476
11734 3477
11738 3478
11742 3479
11746 3480
11750 3481
11754 3483
11758 3484
11762 3485
11766 3486
11770 3487
11774 3488
11778 3490
11782 3491
11786 3492
11790 3493
11794 3494
11798 3496
11802 3497
11806 3498
11810 3499
11814 3500
11818 3502
11822 3503
11826 3504
11830 3505
11834 3506
11838 3507
11842 3508
11846 3510
11850 3511
11854 3512
11858 3513
11862 3514
11866 3516
11870 3517
11874 3518
11878 3519
11882 3520
11886 3522
11890 3523
11894 3524
11898 3525
11902 3526
11906 3527
11910 3528
11914 3530
11918 3531
11922 3532
11926 3533
11930 3534
11934 3535
11938 3537
11942 3538
11946 3539
11950 3540
11954 3541
11958 3542
11962 3544
11966 3545
11970 3546
11974 3547
11978 3548
11982 3550
11986 3551
11990 3552
11994 3553
11998 3554
12002 3555
12006 3557
12010 3558
12014 3559
12018 3560
12022 3561
12026 3562
12030 3564
12034 3565
12038 3566
12042 3567
12046 3568
12050 3570
12054 3571
12058 3572
12062 3573
12066 3574
12070 3576
12074 3577
12078 3578
12082 3579
12086 3580
12090 3581
12094 3583
12098 3584
12102 3585
12106 3586
12110 3587
12114 3588
12118 3590
12122 3591
12126 3592
12130 3593
12134 3594
12138 3596
12142 3597
12146 3598
12150 3599
12154 3600
12158 3602
12162 3603
12166 3604
12170 3605
12174 3606
12178 3608
12182 3609
12186 3610
12190 3611
12194 3612
12198 3614
12202 3615
12206 3616
12210 3617
12214 3618
12218 3620
12222 3621
12226 3622
12230 3623
12234 3624
12238 3626
12242 3627
12246 3628
12250 3629
12254 3630
12258 3631
12262 3633
12266 3634
12270 3635
12274 3636
12278 3637
12282 3639
12286 3640
12290 3641
12294 3642
12298 3643
12302 3644
12306 3646
12310 3647
12314 3648
12318 3649
12322 3650
12326 3652
12330 3653
12334 3654
12338 3655
12342 3656
12346 3658
12350 3659
12354 3660
12358 3661
12362 3662
12366 3664
12370 3665
12374 3666
12378 3667
12382 3668
12386 3670
12390 3671
12394 3672
12398 3673
12402 3674
12406 3676
12410 3677
12414 3678
12418 3679
12422 3680
12426 3682
12430 3683
12434 3684
12438 3685
12442 3687
12446 3688
12450 3689
12454 3690
12458 3691
12462 3693
12466 3694
12470 3695
12474 3696
12478 3698
12482 3699
12486 3700
12490 3701
12494 3702
12498 3704
12502 3705
12506 3706
12510 3707
12514 3708
12518 3710
12522 3711
12526 3712
12530 3713
12534 3714
12538 3716
12542 3717
12546 3718
12550 3719
12554 3720
12558 3722
12562 3723
12566 3724
12570 3725
12574 3726
12578 3728
12582 3729
12586 3730
12590 3731
12594 3732
12598 3734
12602 3735
12606 3736
12610 3737
12614 3739
12618 3740
12622 3741
12626 3742
12630 3743
12634 3745
12638 3746
12642 3747
12646 3748
12650 3749
12654 3751
12658 3752
12662 3753
12666 3754
12670 3755
12674 3757
12678 3758
12682 3759
12686 3760
12690 3762
12694 3763
12698 3764
12702 3765
12706 3766
12710 3768
12714 3769
12718 3770
12722 3771
12726 3772
12730 3773
12734 3775
12738 3776
12742 3777
12746 3778
12750 3779
12754 3781
12758 3782
12762 3783
12766 3784
12770 3786
12774 3787
12778 3788
12782 3789
12786 3790
12790 3792
12794 3793
12798 3794
12802 3795
12806 3796
12810 3797
12814 3799
12818 3800
12822 3801
12826 3802
12830 3803
12834 3805
12838 3806
12842 3807
12846 3808
12850 3809
12854 3810
12858 3812
12862 3813
12866 3814
12870 3815
12874 3816
12878 3818
12882 3819
12886 3820
12890 3821
12894 3822
12898 3824
12902 3825
12906 3826
12910 3827
12914 3828
12918 3830
12922 3831
12926 3832
12930 3833
12934 3834
12938 3836
12942 3837
12946 3838
12950 3839
12954 3840
12958 3842
12962 3843
12966 3844
12970 3845
12974 3846
12978 3847
12982 3849
12986 3850
12990 3851
12994 3852
12998 3853
13002 3854
13006 3856
13010 3857
13014 3858
13018 3859
13022 3860
13026 3862
13030 3863
13034 3864
13038 3865
13042 3866
13046 3867
13050 3868
13054 3870
13058 3871
13062 3872
13066 3873
13070 3874
13074 3876
13078 3877
13082 3878
13086 3879
13090 3880
13094 3882
13098 3883
13102 3884
13106 3885
13110 3886
13114 3887
13118 3888
13122 3890
13126 3891
13130 3892
13134 3893
13138 3894
13142 3895
13146 3897
13150 3898
13154 3899
13158 3900
13162 3901
13166 3902
13170 3904
13174 3905
13178 3906
13182 3907
13186 3908
13190 3910
13194 3911
13198 3912
13202 3913
13206 3914
13210 3915
13214 3916
13218 3918
13222 3919
13226 3920
13230 3921
13234 3922
13238 3924
13242 3925
13246 3926
13250 3927
13254 3928
13258 3930
13262 3931
13266 3932
13270 3933
13274 3934
13278 3935
13282 3936
13286 3938
13290 3939
13294 3940
13298 3941
13302 3942
13306 3944
13310 3945
13314 3946
13318 3947
13322 3948
13326 3950
13330 3951
13334 3952
13338 3953
13342 3954
13346 3956
13350 3957
13354 3958
13358 3959
13362 3960
13366 3962
13370 3963
13374 3964
13378 3965
13382 3966
13386 3968
13390 3969
13394 3970
13398 3971
13402 3972
13406 3974
13410 3975
13414 3976
13418 3977
13422 3978
13426 3979
13430 3980
13434 3982
13438 3983
13442 3984
13446 3985
13450 3986
13454 3988
13458 3989
13462 3990
13466 3991
13470 3992
13474 3994
13478 3995
13482 3996
13486 3997
13490 3998
13494 4000
13498 4001
13502 4002
13506 4003
13510 4004
13514 4006
13518 4007
13522 4008
13526 4009
13530 4010
13534 4011
13538 4013
13542 4014
13546 4015
13550 4016
13554 4017
13558 4019
13562 4020
13566 4021
13570 4022
13574 4024
13578 4025
13582 4026
13586 4027
13590 4028
13594 4030
13598 4031
13602 4032
13606 4033
13610 4034
13614 4035
13618 4037
13622 4038
13626 4039
13630 4040
13634 4041
13638 4043
13642 4044
13646 4045
13650 4046
13654 4048
13658 4049
13662 4050
13666 4051
13670 4052
13674 4054
13678 4055
13682 4056
13686 4057
13690 4058
13694 4060
13698 4061
13702 4062
13706 4063
13710 4064
13714 4066
13718 4067
13722 4068
13726 4069
13730 4070
13734 4072
13738 4073
13742 4074
13746 4075
13750 4077
13754 4078
13758 4079
13762 4080
13766 4081
13770 4083
13774 4084
13778 4085
13782 4086
13786 4087
13790 4089
13794 4090
13798 4091
13802 4092
13806 4094
13810 4095
13814 4096
13818 4097
13822 4098
13826 4100
13830 4101
13834 4102
13838 4103
13842 4104
13846 4106
13850 4107
13854 4108
13858 4109
13862 4110
13866 4112
13870 4113
13874 4114
13878 4115
13882 4116
13886 4118
13890 4119
13894 4120
13898 4121
13902 4122
13906 4124
13910 4125
13914 4126
13918 4127
13922 4128
13926 4130
13930 4131
13934 4132
13938 4133
13942 4134
13946 4136
13950 4137
13954 4138
13958 4139
13962 4140
13966 4142
13970 4143
13974 4144
13978 4145
13982 4147
13986 4148
13990 4149
13994 4150
13998 4151
14002 4152
14006 4154
14010 4155
14014 4156
14018 4157
14022 4158
14026 4160
14030 4161
14034 4162
14038 4163
14042 4164
14046 4166
14050 4167
14054 4168
14058 4169
14062 4170
14066 4172
14070 4173
14074 4174
14078 4175
14082 4176
14086 4178
14090 4179
14094 4180
14098 4181
14102 4182
14106 4184
14110 4185
14114 4186
14118 4187
14122 4188
14126 4190
14130 4191
14134 4192
14138 4193
14142 4194
14146 4196
14150 4197
14154 4198
14158 4199
14162 4200
14166 4202
14170 4203
14174 4204
14178 4205
14182 4206
14186 4207
14190 4208
14194 4210
14198 4211
14202 4212
14206 4213
14210 4214
14214 4216
14218 4217
14222 4218
14226 4219
14230 4220
14234 4222
14238 4223
14242 4224
14246 4225
14250 4226
14254 4227
14258 4228
14262 4230
14266 4231
14270 4232
14274 4233
14278 4234
14282 4236
14286 4237
14290 4238
14294 4239
14298 4240
14302 4242
14306 4243
14310 4244
14314 4245
14318 4246
14322 4247
14326 4248
14330 4250
14334 4251
14338 4252
14342 4253
14346 4254
14350 4256
14354 4257
14358 4258
14362 4259
14366 4260
14370 4261
14374 4263
14378 4264
14382 4265
14386 4266
14390 4267
14394 4268
14398 4270
14402 4271
14406 4272
14410 4273
14414 4274
14418 4276
14422 4277
14426 4278
14430 4279
14434 4280
14438 4281
14442 4283
14446 4284
14450 4285
14454 4286
14458 4287
14462 4289
14466 4290
14470 4291
14474 4292
14478 4293
14482 4294
14486 4296
14490 4297
14494 4298
14498 4299
14502 4300
14506 4302
14510 4303
14514 4304
14518 4305
14522 4306
14526 4308
14530 4309
14534 4310
14538 4311
14542 4312
14546 4314
14550 4315
14554 4316
14558 4317
14562 4318
14566 4320
14570 4321
14574 4322
14578 4323
14582 4324
14586 4326
14590 4327
14594 4328
14598 4329
14602 4330
14606 4332
14610 4333
14614 4334
14618 4335
14622 4336
14626 4338
14630 4339
14634 4340
14638 4341
14642 4342
14646 4343
14650 4344
14654 4346
14658 4347
14662 4348
14666 4349
14670 4350
14674 4352
14678 4353
14682 4354
14686 4355
14690 4356
14694 4358
14698 4359
14702 4360
14706 4361
14710 4362
14714 4364
14718 4365
14722 4366
14726 4367
14730 4368
14734 4370
14738 4371
14742 4372
14746 4373
14750 4374
14754 4376
14758 4377
14762 4378
14766 4379
14770 4380
14774 4382
14778 4383
14782 4384
14786 4385
14790 4386
14794 4387
14798 4389
14802 4390
14806 4391
14810 4392
14814 4393
14818 4394
14822 4396
14826 4397
14830 4398
14834 4399
14838 4400
14842 4402
14846 4403
14850 4404
14854 4405
14858 4407
14862 4408
14866 4409
14870 4410
14874 4412
14878 4413
14882 4414
14886 4415
14890 4416
14894 4418
14898 4419
14902 4420
14906 4421
14910 4422
14914 4424
14918 4425
14922 4426
14926 4427
14930 4428
14934 4430
14938 4431
14942 4432
14946 4433
14950 4434
14954 4436
14958 4437
14962 4438
14966 4439
14970 4440
14974 4442
14978 4443
14982 4444
14986 4445
14990 4446
14994 4448
14998 4449
15002 4450
15006 4451
15010 4453
15014 4454
15018 4455
15022 4456
15026 4458
15030 4459
15034 4460
15038 4461
15042 4462
15046 4464
15050 4465
15054 4466
15058 4467
15062 4468
15066 4470
15070 4471
15074 4472
15078 4473
15082 4474
15086 4476
15090 4477
15094 4478
15098 4479
15102 4480
15106 4482
15110 4483
15114 4484
15118 4485
15122 4486
15126 4488
15130 4489
15134 4490
15138 4491
15142 4492
15146 4494
15150 4495
15154 4496
15158 4497
15162 4498
15166 4500
15170 4501
15174 4502
15178 4504
15182 4505
15186 4506
15190 4507
15194 4508
15198 4509
15202 4511
15206 4512
15210 4513
15214 4514
15218 4515
15222 4517
15226 4518
15230 4519
15234 4520
15238 4521
15242 4522
15246 4524
15250 4525
15254 4526
15258 4527
15262 4528
15266 4530
15270 4531
15274 4532
15278 4533
15282 4534
15286 4536
15290 4537
15294 4538
15298 4539
15302 4540
15306 4542
15310 4543
15314 4544
15318 4545
15322 4546
15326 4548
15330 4549
15334 4550
15338 4551
15342 4552
15346 4554
15350 4555
15354 4556
15358 4557
15362 4558
15366 4559
15370 4561
15374 4562
15378 4563
15382 4564
15386 4565
15390 4566
15394 4568
15398 4569
15402 4570
15406 4571
15410 4572
15414 4574
15418 4575
15422 4576
15426 4577
15430 4578
15434 4580
15438 4581
15442 4582
15446 4583
15450 4584
15454 4585
15458 4586
15462 4588
15466 4589
15470 4590
15474 4591
15478 4592
15482 4594
15486 4595
15490 4596
15494 4597
15498 4598
15502 4599
15506 4600
15510 4602
15514 4603
15518 4604
15522 4605
15526 4606
15530 4608
15534 4609
15538 4610
15542 4611
15546 4612
15550 4613
15554 4614
15558 4616
15562 4617
15566 4618
15570 4619
15574 4620
15578 4622
15582 4623
15586 4624
15590 4625
15594 4626
15598 4627
15602 4629
15606 4630
15610 4631
15614 4632
15618 4633
15622 4634
15626 4636
15630 4637
15634 4638
15638 4639
15642 4640
15646 4642
15650 4643
15654 4644
15658 4645
15662 4646
15666 4648
15670 4649
15674 4650
15678 4651
15682 4652
15686 4654
15690 4655
15694 4656
15698 4657
15702 4658
15706 4659
15710 4661
15714 4662
15718 4663
15722 4664
15726 4665
15730 4667
15734 4668
15738 4669
15742 4670
15746 4671
15750 4672
15754 4674
15758 4675
15762 4676
15766 4677
15770 4678
15774 4680
15778 4681
15782 4682
15786 4683
15790 4684
15794 4686
15798 4687
15802 4688
15806 4689
15810 4690
15814 4692
15818 4693
15822 4694
15826 4695
15830 4696
15834 4698
15838 4699
15842 4700
15846 4701
15850 4702
15854 4704
15858 4705
15862 4706
15866 4707
15870 4708
15874 4709
15878 4710
15882 4712
15886 4713
15890 4714
15894 4715
15898 4716
15902 4718
15906 4719
15910 4720
15914 4721
15918 4722
15922 4724
15926 4725
15930 4726
15934 4727
15938 4728
15942 4730
15946 4731
15950 4732
15954 4733
15958 4734
15962 4736
15966 4737
15970 4738
15974 4739
15978 4740
15982 4742
15986 4743
15990 4744
15994 4745
15998 4746
16002 4748
16006 4749
16010 4750
16014 4751
16018 4752
16022 4753
16026 4755
16030 4756
16034 4757
16038 4758
16042 4759
16046 4761
16050 4762
16054 4763
16058 4764
16062 4766
16066 4767
16070 4768
16074 4769
16078 4770
16082 4772
16086 4773
16090 4774
16094 4775
16098 4776
16102 4778
16106 4779
16110 4780
16114 4781
16118 4782
16122 4784
16126 4785
16130 4786
16134 4787
16138 4788
16142 4790
16146 4791
16150 4792
16154 4793
16158 4794
16162 4796
16166 4797
16170 4798
16174 4799
16178 4800
16182 4802
16186 4803
16190 4804
16194 4805
16198 4806
16202 4808
16206 4809
16210 4810
16214 4811
16218 4813
16222 4814
16226 4815
16230 4816
16234 4818
16238 4819
16242 4820
16246 4821
16250 4822
16254 4824
16258 4825
16262 4826
16266 4827
16270 4828
16274 4830
16278 4831
16282 4832
16286 4833
16290 4834
16294 4836
16298 4837
16302 4838
16306 4839
16310 4841
16314 4842
16318 4843
16322 4844
16326 4845
16330 4847
16334 4848
16338 4849
16342 4850
16346 4851
16350 4852
16354 4854
16358 4855
16362 4856
16366 4857
16370 4859
16374 4860
16378 4861
16382 4862
16386 4864
16390 4865
16394 4866
16398 4867
16402 4868
16406 4870
16410 4871
16414 4872
16418 4873
16422 4874
16426 4875
16430 4877
16434 4878
16438 4879
16442 4880
16446 4881
16450 4883
16454 4884
16458 4885
16462 4886
16466 4888
16470 4889
16474 4890
16478 4891
16482 4892
16486 4894
16490 4895
16494 4896
16498 4897
16502 4898
16506 4899
16510 4901
16514 4902
16518 4903
16522 4904
16526 4905
16530 4907
16534 4908
16538 4909
16542 4910
16546 4911
16550 4912
16554 4914
16558 4915
16562 4916
16566 4917
16570 4918
16574 4920
16578 4921
16582 4922
16586 4923
16590 4924
16594 4926
16598 4927
16602 4928
16606 4929
16610 4930
16614 4931
16618 4932
16622 4934
16626 4935
16630 4936
16634 4937
16638 4938
16642 4940
16646 4941
16650 4942
16654 4943
16658 4944
16662 4945
16666 4946
16670 4948
16674 4949
16678 4950
16682 4951
16686 4952
16690 4954
16694 4955
16698 4956
16702 4957
16706 4958
16710 4959
16714 4961
16718 4962
16722 4963
16726 4964
16730 4965
16734 4966
16738 4968
16742 4969
16746 4970
16750 4971
16754 4972
16758 4973
16762 4974
16766 4976
16770 4977
16774 4978
16778 4979
16782 4980
16786 4982
16790 4983
16794 4984
16798 4985
16802 4986
16806 4987
16810 4989
16814 4990
16818 4991
16822 4992
16826 4993
16830 4994
16834 4996
16838 4997
16842 4998
16846 4999
16850 5000
16854 5002
16858 5003
16862 5004
16866 5005
16870 5006
16874 5008
16878 5009
16882 5010
16886 5011
16890 5012
16894 5014
16898 5015
16902 5016
16906 5017
16910 5018
16914 5019
16918 5021
16922 5022
16926 5023
16930 5024
16934 5025
16938 5026
16942 5028
16946 5029
16950 5030
16954 5031
16958 5032
16962 5034
16966 5035
16970 5036
16974 5037
16978 5038
16982 5040
16986 5041
16990 5042
16994 5043
16998 5044
17002 5046
17006 5047
17010 5048
17014 5049
17018 5050
17022 5052
17026 5053
17030 5054
17034 5055
17038 5056
17042 5058
17046 5059
17050 5060
17054 5061
17058 5062
17062 5064
17066 5065
17070 5066
17074 5067
17078 5068
17082 5070
17086 5071
17090 5072
17094 5073
17098 5074
17102 5076
17106 5077
17110 5078
17114 5079
17118 5080
17122 5082
17126 5083
17130 5084
17134 5085
17138 5086
17142 5087
17146 5089
17150 5090
17154 5091
17158 5092
17162 5093
17166 5094
17170 5096
17174 5097
17178 5098
17182 5099
17186 5100
17190 5102
17194 5103
17198 5104
17202 5105
17206 5106
17210 5108
17214 5109
17218 5110
17222 5111
17226 5112
17230 5114
17234 5115
17238 5116
17242 5117
17246 5118
17250 5120
17254 5121
17258 5122
17262 5123
17266 5124
17270 5126
17274 5127
17278 5128
17282 5129
17286 5130
17290 5132
17294 5133
17298 5134
17302 5135
17306 5136
17310 5138
17314 5139
17318 5140
17322 5141
17326 5142
17330 5144
17334 5145
17338 5146
17342 5147
17346 5148
17350 5150
17354 5151
17358 5152
17362 5153
17366 5154
17370 5156
17374 5157
17378 5158
17382 5159
17386 5160
17390 5162
17394 5163
17398 5164
17402 5165
17406 5166
17410 5168
17414 5169
17418 5170
17422 5172
17426 5173
17430 5174
17434 5175
17438 5176
17442 5178
17446 5179
17450 5180
17454 5181
17458 5182
17462 5184
17466 5185
17470 5186
17474 5187
17478 5188
17482 5190
17486 5191
17490 5192
17494 5193
17498 5194
17502 5196
17506 5197
17510 5198
17514 5199
17518 5201
17522 5202
17526 5203
17530 5204
17534 5205
17538 5207
17542 5208
17546 5209
17550 5210
17554 5211
17558 5213
17562 5214
17566 5215
17570 5216
17574 5218
17578 5219
17582 5220
17586 5221
17590 5222
17594 5224
17598 5225
17602 5226
17606 5227
17610 5228
17614 5230
17618 5231
17622 5232
17626 5233
17630 5234
17634 5236
17638 5237
17642 5238
17646 5239
17650 5240
17654 5242
17658 5243
17662 5244
17666 5245
17670 5246
17674 5248
17678 5249
17682 5250
17686 5251
17690 5252
17694 5254
17698 5255
17702 5256
17706 5257
17710 5258
17714 5260
17718 5261
17722 5262
17726 5263
17730 5264
17734 5265
17738 5267
17742 5268
17746 5269
17750 5270
17754 5271
17758 5273
17762 5274
17766 5275
17770 5276
17774 5277
17778 5278
17782 5280
17786 5281
17790 5282
17794 5283
17798 5284
17802 5286
17806 5287
17810 5288
17814 5289
17818 5290
17822 5291
17826 5293
17830 5294
17834 5295
17838 5296
17842 5297
17846 5298
17850 5300
17854 5301
17858 5302
17862 5303
17866 5304
17870 5305
17874 5307
17878 5308
17882 5309
17886 5310
17890 5311
17894 5312
17898 5314
17902 5315
17906 5316
17910 5317
17914 5318
17918 5319
17922 5321
17926 5322
17930 5323
17934 5324
17938 5325
17942 5326
17946 5328
17950 5329
17954 5330
17958 5331
17962 5332
17966 5333
17970 5334
17974 5336
17978 5337
17982 5338
17986 5339
17990 5340
17994 5342
17998 5343
18002 5344
18006 5345
18010 5346
18014 5347
18018 5348
18022 5350
18026 5351
18030 5352
18034 5353
18038 5354
18042 5356
18046 5357
18050 5358
18054 5359
18058 5360
18062 5362
18066 5363
18070 5364
18074 5365
18078 5366
18082 5368
18086 5369
18090 5370
18094 5371
18098 5372
18102 5374
18106 5375
18110 5376
18114 5377
18118 5378
18122 5379
18126 5381
18130 5382
18134 5383
18138 5384
18142 5385
18146 5387
18150 5388
18154 5389
18158 5390
18162 5391
18166 5393
18170 5394
18174 5395
18178 5396
18182 5397
18186 5398
18190 5400
18194 5401
18198 5402
18202 5403
18206 5404
18210 5406
18214 5407
18218 5408
18222 5409
18226 5411
18230 5412
18234 5413
18238 5414
18242 5415
18246 5417
18250 5418
18254 5419
18258 5420
18262 5421
18266 5422
18270 5424
18274 5425
18278 5426
18282 5427
18286 5428
18290 5430
18294 5431
18298 5432
18302 5433
18306 5434
18310 5436
18314 5437
18318 5438
18322 5439
18326 5440
18330 5442
18334 5443
18338 5444
18342 5445
18346 5446
18350 5448
18354 5449
18358 5450
18362 5451
18366 5452
18370 5453
18374 5455
18378 5456
18382 5457
18386 5458
18390 5459
18394 5461
18398 5462
18402 5463
18406 5464
18410 5465
18414 5467
18418 5468
18422 5469
18426 5470
18430 5471
18434 5472
18438 5474
18442 5475
18446 5476
18450 5477
18454 5478
18458 5480
18462 5481
18466 5482
18470 5483
18474 5484
18478 5486
18482 5487
18486 5488
18490 5489
18494 5490
18498 5492
18502 5493
18506 5494
18510 5495
18514 5496
18518 5498
18522 5499
18526 5500
18530 5501
18534 5502
18538 5504
18542 5505
18546 5506
18550 5507
18554 5509
18558 5510
18562 5511
18566 5512
18570 5513
18574 5515
18578 5516
18582 5517
18586 5518
18590 5519
18594 5520
18598 5522
18602 5523
18606 5524
18610 5525
18614 5526
18618 5528
18622 5529
18626 5530
18630 5531
18634 5533
18638 5534
18642 5535
18646 5536
18650 5538
18654 5539
18658 5540
18662 5541
18666 5542
18670 5544
18674 5545
18678 5546
18682 5547
18686 5548
18690 5550
18694 5551
18698 5552
18702 5553
18706 5554
18710 5556
18714 5557
18718 5558
18722 5559
18726 5560
18730 5562
18734 5563
18738 5564
18742 5565
18746 5566
18750 5568
18754 5569
18758 5570
18762 5571
18766 5572
18770 5574
18774 5575
18778 5576
18782 5577
18786 5578
18790 5580
18794 5581
18798 5582
18802 5584
18806 5585
18810 5586
18814 5587
18818 5588
18822 5590
18826 5591
18830 5592
18834 5593
18838 5594
18842 5595
18846 5597
18850 5598
18854 5599
18858 5600
18862 5601
18866 5603
18870 5604
18874 5605
18878 5606
18882 5608
18886 5609
18890 5610
18894 5611
18898 5612
18902 5614
18906 5615
18910 5616
18914 5617
18918 5618
18922 5619
18926 5621
18930 5622
18934 5623
18938 5624
18942 5625
18946 5627
18950 5628
18954 5629
18958 5630
18962 5631
18966 5633
18970 5634
18974 5635
18978 5636
18982 5637
18986 5638
18990 5640
18994 5641
18998 5642
19002 5643
19006 5644
19010 5646
19014 5647
19018 5648
19022 5649
19026 5650
19030 5652
19034 5653
19038 5654
19042 5655
19046 5656
19050 5657
19054 5658
19058 5660
19062 5661
19066 5662
19070 5663
19074 5664
19078 5666
19082 5667
19086 5668
19090 5669
19094 5670
19098 5671
19102 5672
19106 5674
19110 5675
19114 5676
19118 5677
19122 5678
19126 5679
19130 5681
19134 5682
19138 5683
19142 5684
19146 5685
19150 5686
19154 5688
19158 5689
19162 5690
19166 5691
19170 5692
19174 5693
19178 5694
19182 5696
19186 5697
19190 5698
19194 5699
19198 5700
19202 5701
19206 5703
19210 5704
19214 5705
19218 5706
19222 5707
19226 5708
19230 5710
19234 5711
19238 5712
19242 5713
19246 5714
19250 5715
19254 5716
19258 5718
19262 5719
19266 5720
19270 5721
19274 5722
19278 5724
19282 5725
19286 5726
19290 5727
19294 5728
19298 5730
19302 5731
19306 5732
19310 5733
19314 5734
19318 5736
19322 5737
19326 5738
19330 5739
19334 5740
19338 5742
19342 5743
19346 5744
19350 5745
19354 5746
19358 5747
19362 5749
19366 5750
19370 5751
19374 5752
19378 5753
19382 5755
19386 5756
19390 5757
19394 5758
19398 5759
19402 5760
19406 5762
19410 5763
19414 5764
19418 5765
19422 5766
19426 5768
19430 5769
19434 5770
19438 5771
19442 5773
19446 5774
19450 5775
19454 5776
19458 5777
19462 5779
19466 5780
19470 5781
19474 5782
19478 5783
19482 5784
19486 5786
19490 5787
19494 5788
19498 5789
19502 5790
19506 5792
19510 5793
19514 5794
19518 5795
19522 5796
19526 5798
19530 5799
19534 5800
19538 5801
19542 5802
19546 5804
19550 5805
19554 5806
19558 5807
19562 5808
19566 5810
19570 5811
19574 5812
19578 5813
19582 5814
19586 5816
19590 5817
19594 5818
19598 5819
19602 5820
19606 5822
19610 5823
19614 5824
19618 5825
19622 5826
19626 5828
19630 5829
19634 5830
19638 5831
19642 5832
19646 5834
19650 5835
19654 5836
19658 5837
19662 5838
19666 5840
19670 5841
19674 5842
19678 5843
19682 5844
19686 5846
19690 5847
19694 5848
19698 5849
19702 5850
19706 5852
19710 5853
19714 5854
19718 5855
19722 5856
19726 5858
19730 5859
19734 5860
19738 5861
19742 5862
19746 5864
19750 5865
19754 5866
19758 5867
19762 5868
19766 5870
19770 5871
19774 5872
19778 5873
19782 5874
19786 5876
19790 5877
19794 5878
19798 5879
19802 5880
19806 5882
19810 5883
19814 5884
19818 5885
19822 5886
19826 5888
19830 5889
19834 5890
19838 5891
19842 5892
19846 5894
19850 5895
19854 5896
19858 5897
19862 5898
19866 5900
19870 5901
19874 5902
19878 5903
19882 5904
19886 5906
19890 5907
19894 5908
19898 5909
19902 5910
19906 5912
19910 5913
19914 5914
19918 5915
19922 5916
19926 5918
19930 5919
19934 5920
19938 5921
19942 5923
19946 5924
19950 5925
19954 5926
19958 5927
19962 5929
19966 5930
19970 5931
19974 5932
19978 5933
19982 5935
19986 5936
19990 5937
19994 5938
19998 5939
20002 5941
20006 5942
20010 5943
20014 5944
20018 5946
20022 5947
20026 5948
20030 5949
20034 5950
20038 5952
20042 5953
20046 5954
20050 5955
20054 5956
20058 5958
20062 5959
20066 5960
20070 5961
20074 5962
20078 5964
20082 5965
20086 5966
20090 5967
20094 5968
20098 5970
20102 5971
20106 5972
20110 5973
20114 5974
20118 5976
20122 5977
20126 5978
20130 5979
20134 5980
20138 5982
20142 5983
20146 5984
20150 5985
20154 5986
20158 5988
20162 5989
20166 5990
20170 5991
20174 5992
20178 5994
20182 5995
20186 5996
20190 5997
20194 5998
20198 5999
20202 6001
20206 6002
20210 6003
20214 6004
20218 6005
20222 6006
20226 6008
20230 6009
20234 6010
20238 6011
20242 6012
20246 6014
20250 6015
20254 6016
20258 6017
20262 6018
20266 6020
20270 6021
20274 6022
20278 6023
20282 6024
20286 6025
20290 6026
20294 6028
20298 6029
20302 6030
20306 6031
20310 6032
20314 6034
20318 6035
20322 6036
20326 6037
20330 6038
20334 6039
20338 6040
20342 6042
20346 6043
20350 6044
20354 6045
20358 6046
20362 6048
20366 6049
20370 6050
20374 6051
20378 6052
20382 6053
20386 6054
20390 6056
20394 6057
20398 6058
20402 6059
20406 6060
20410 6061
20414 6063
20418 6064
20422 6065
20426 6066
20430 6067
20434 6068
20438 6070
20442 6071
20446 6072
20450 6073
20454 6074
20458 6075
20462 6077
20466 6078
20470 6079
20474 6080
20478 6081
20482 6082
20486 6084
20490 6085
20494 6086
20498 6087
20502 6088
20506 6090
20510 6091
20514 6092
20518 6093
20522 6094
20526 6096
20530 6097
20534 6098
20538 6099
20542 6100
20546 6101
20550 6103
20554 6104
20558 6105
20562 6106
20566 6107
20570 6109
20574 6110
20578 6111
20582 6112
20586 6113
20590 6115
20594 6116
20598 6117
20602 6118
20606 6119
20610 6120
20614 6122
20618 6123
20622 6124
20626 6125
20630 6126
20634 6128
20638 6129
20642 6130
20646 6131
20650 6132
20654 6134
20658 6135
20662 6136
20666 6137
20670 6138
20674 6140
20678 6141
20682 6142
20686 6143
20690 6144
20694 6146
20698 6147
20702 6148
20706 6149
20710 6150
20714 6152
20718 6153
20722 6154
20726 6155
20730 6156
20734 6158
20738 6159
20742 6160
20746 6161
20750 6162
20754 6164
20758 6165
20762 6166
20766 6167
20770 6168
20774 6170
20778 6171
20782 6172
20786 6173
20790 6174
20794 6176
20798 6177
20802 6178
20806 6179
20810 6180
20814 6182
20818 6183
20822 6184
20826 6185
20830 6186
20834 6188
20838 6189
20842 6190
20846 6191
20850 6192
20854 6194
20858 6195
20862 6196
20866 6197
20870 6198
20874 6200
20878 6201
20882 6202
20886 6203
20890 6204
20894 6206
20898 6207
20902 6208
20906 6209
20910 6210
20914 6212
20918 6213
20922 6214
20926 6215
20930 6216
20934 6218
20938 6219
20942 6220
20946 6221
20950 6222
20954 6224
20958 6225
20962 6226
20966 6227
20970 6228
20974 6230
20978 6231
20982 6232
20986 6233
20990 6234
20994 6236
20998 6237
21002 6238
21006 6239
21010 6240
21014 6242
21018 6243
21022 6244
21026 6245
21030 6246
21034 6248
21038 6249
21042 6250
21046 6251
21050 6252
21054 6254
21058 6255
21062 6256
21066 6257
21070 6259
21074 6260
21078 6261
21082 6262
21086 6263
21090 6265
21094 6266
21098 6267
21102 6268
21106 6269
21110 6270
21114 6272
21118 6273
21122 6274
21126 6275
21130 6277
21134 6278
21138 6279
21142 6280
21146 6282
21150 6283
21154 6284
21158 6285
21162 6286
21166 6287
21170 6289
21174 6290
21178 6291
21182 6292
21186 6293
21190 6295
21194 6296
21198 6297
21202 6298
21206 6299
21210 6301
21214 6302
21218 6303
21222 6304
21226 6305
21230 6307
21234 6308
21238 6309
21242 6310
21246 6312
21250 6313
21254 6314
21258 6315
21262 6316
21266 6318
21270 6319
21274 6320
21278 6321
21282 6322
21286 6323
21290 6325
21294 6326
21298 6327
21302 6328
21306 6330
21310 6331
21314 6332
21318 6333
21322 6334
21326 6335
21330 6337
21334 6338
21338 6339
21342 6340
21346 6341
21350 6343
21354 6344
21358 6345
21362 6346
21366 6348
21370 6349
21374 6350
21378 6351
21382 6352
21386 6353
21390 6355
21394 6356
21398 6357
21402 6358
21406 6359
21410 6360
21414 6362
21418 6363
21422 6364
21426 6365
21430 6366
21434 6368
21438 6369
21442 6370
21446 6371
21450 6372
21454 6374
21458 6375
21462 6376
21466 6377
21470 6378
21474 6379
21478 6380
21482 6382
21486 6383
21490 6384
21494 6385
21498 6386
21502 6387
21506 6388
21510 6390
21514 6391
21518 6392
21522 6393
21526 6394
21530 6396
21534 6397
21538 6398
21542 6399
21546 6400
21550 6401
21554 6403
21558 6404
21562 6405
21566 6406
21570 6407
21574 6408
21578 6410
21582 6411
21586 6412
21590 6413
21594 6414
21598 6415
21602 6416
21606 6418
21610 6419
21614 6420
21618 6421
21622 6422
21626 6424
21630 6425
21634 6426
21638 6427
21642 6428
21646 6429
21650 6430
21654 6432
21658 6433
21662 6434
21666 6435
21670 6436
21674 6438
21678 6439
21682 6440
21686 6441
21690 6442
21694 6443
21698 6444
21702 6446
21706 6447
21710 6448
21714 6449
21718 6450
21722 6452
21726 6453
21730 6454
21734 6455
21738 6456
21742 6458
21746 6459
21750 6460
21754 6461
21758 6462
21762 6463
21766 6465
21770 6466
21774 6467
21778 6468
21782 6469
21786 6471
21790 6472
21794 6473
21798 6474
21802 6475
21806 6477
21810 6478
21814 6479
21818 6480
21822 6481
21826 6482
21830 6484
21834 6485
21838 6486
21842 6487
21846 6488
21850 6490
21854 6491
21858 6492
21862 6493
21866 6494
21870 6496
21874 6497
21878 6498
21882 6499
21886 6500
21890 6502
21894 6503
21898 6504
21902 6505
21906 6506
21910 6508
21914 6509
21918 6510
21922 6511
21926 6512
21930 6514
21934 6515
21938 6516
21942 6517
21946 6518
21950 6520
21954 6521
21958 6522
21962 6523
21966 6524
21970 6526
21974 6527
21978 6528
21982 6529
21986 6530
21990 6531
21994 6533
21998 6534
22002 6535
22006 6536
22010 6538
22014 6539
22018 6540
22022 6541
22026 6542
22030 6544
22034 6545
22038 6546
22042 6547
22046 6548
22050 6550
22054 6551
22058 6552
22062 6553
22066 6554
22070 6555
22074 6557
22078 6558
22082 6559
22086 6560
22090 6562
22094 6563
22098 6564
22102 6565
22106 6566
22110 6568
22114 6569
22118 6570
22122 6571
22126 6572
22130 6574
22134 6575
22138 6576
22142 6577
22146 6578
22150 6580
22154 6581
22158 6582
22162 6583
22166 6584
22170 6586
22174 6587
22178 6588
22182 6589
22186 6590
22190 6592
22194 6593
22198 6594
22202 6595
22206 6596
22210 6598
22214 6599
22218 6600
22222 6601
22226 6602
22230 6604
22234 6605
22238 6606
22242 6607
22246 6608
22250 6610
22254 6611
22258 6612
22262 6613
22266 6614
22270 6616
22274 6617
22278 6618
22282 6619
22286 6621
22290 6622
22294 6623
22298 6624
22302 6625
22306 6627
22310 6628
22314 6629
22318 6630
22322 6631
22326 6633
22330 6634
22334 6635
22338 6636
22342 6638
22346 6639
22350 6640
22354 6641
22358 6642
22362 6644
22366 6645
22370 6646
22374 6647
22378 6648
22382 6650
22386 6651
22390 6652
22394 6653
22398 6654
22402 6656
22406 6657
22410 6658
22414 6659
22418 6660
22422 6662
22426 6663
22430 6664
22434 6665
22438 6666
22442 6668
22446 6669
22450 6670
22454 6671
22458 6672
22462 6674
22466 6675
22470 6676
22474 6677
22478 6678
22482 6679
22486 6681
22490 6682
22494 6683
22498 6684
22502 6686
22506 6687
22510 6688
22514 6689
22518 6690
22522 6692
22526 6693
22530 6694
22534 6695
22538 6696
22542 6697
22546 6699
22550 6700
22554 6701
22558 6702
22562 6703
22566 6705
22570 6706
22574 6707
22578 6708
22582 6710
22586 6711
22590 6712
22594 6713
22598 6714
22602 6715
22606 6717
22610 6718
22614 6719
22618 6720
22622 6721
22626 6722
22630 6724
22634 6725
22638 6726
22642 6727
22646 6728
22650 6730
22654 6731
22658 6732
22662 6733
22666 6734
22670 6736
22674 6737
22678 6738
22682 6739
22686 6740
22690 6741
22694 6742
22698 6744
22702 6745
22706 6746
22710 6747
22714 6748
22718 6750
22722 6751
22726 6752
22730 6753
22734 6754
22738 6755
22742 6757
22746 6758
22750 6759
22754 6760
22758 6761
22762 6762
22766 6764
22770 6765
22774 6766
22778 6767
22782 6768
22786 6770
22790 6771
22794 6772
22798 6773
22802 6774
22806 6775
22810 6776
22814 6778
22818 6779
22822 6780
22826 6781
22830 6782
22834 6784
22838 6785
22842 6786
22846 6787
22850 6788
22854 6789
22858 6790
22862 6792
22866 6793
22870 6794
22874 6795
22878 6796
22882 6798
22886 6799
22890 6800
22894 6801
22898 6802
22902 6804
22906 6805
22910 6806
22914 6807
22918 6808
22922 6809
22926 6811
22930 6812
22934 6813
22938 6814
22942 6815
22946 6816
22950 6818
22954 6819
22958 6820
22962 6821
22966 6822
22970 6824
22974 6825
22978 6826
22982 6827
22986 6828
22990 6830
22994 6831
22998 6832
23002 6833
23006 6834
23010 6836
23014 6837
23018 6838
23022 6839
23026 6840
23030 6841
23034 6843
23038 6844
23042 6845
23046 6846
23050 6847
23054 6848
23058 6850
23062 6851
23066 6852
23070 6853
23074 6854
23078 6856
23082 6857
23086 6858
23090 6859
23094 6860
23098 6862
23102 6863
23106 6864
23110 6865
23114 6866
23118 6868
23122 6869
23126 6870
23130 6871
23134 6872
23138 6874
23142 6875
23146 6876
23150 6877
23154 6878
23158 6880
23162 6881
23166 6882
23170 6883
23174 6884
23178 6886
23182 6887
23186 6888
23190 6889
23194 6890
23198 6892
23202 6893
23206 6894
23210 6895
23214 6896
23218 6898
23222 6899
23226 6900
23230 6901
23234 6902
23238 6904
23242 6905
23246 6906
23250 6907
23254 6908
23258 6910
23262 6911
23266 6912
23270 6913
23274 6914
23278 6916
23282 6917
23286 6918
23290 6919
23294 6920
23298 6922
23302 6923
23306 6924
23310 6925
23314 6926
23318 6928
23322 6929
23326 6930
23330 6931
23334 6932
23338 6934
23342 6935
23346 6936
23350 6937
23354 6938
23358 6940
23362 6941
23366 6942
23370 6943
23374 6944
23378 6946
23382 6947
23386 6948
23390 6949
23394 6951
23398 6952
23402 6953
23406 6954
23410 6955
23414 6957
23418 6958
23422 6959
23426 6960
23430 6961
23434 6963
23438 6964
23442 6965
23446 6966
23450 6967
23454 6969
23458 6970
23462 6971
23466 6972
23470 6974
23474 6975
23478 6976
23482 6977
23486 6978
23490 6980
23494 6981
23498 6982
23502 6983
23506 6984
23510 6986
23514 6987
23518 6988
23522 6989
23526 6990
23530 6992
23534 6993
23538 6994
23542 6995
23546 6996
23550 6998
23554 6999
23558 7000
23562 7001
23566 7002
23570 7004
23574 7005
23578 7006
23582 7007
23586 7008
23590 7010
23594 7011
23598 7012
23602 7013
23606 7014
23610 7016
23614 7017
23618 7018
23622 7019
23626 7020
23630 7022
23634 7023
23638 7024
23642 7025
23646 7026
23650 7028
23654 7029
23658 7030
23662 7031
23666 7032
23670 7034
23674 7035
23678 7036
23682 7037
23686 7038
23690 7040
23694 7041
23698 7042
23702 7043
23706 7044
23710 7046
23714 7047
23718 7048
23722 7049
23726 7050
23730 7052
23734 7053
23738 7054
23742 7055
23746 7056
23750 7057
23754 7059
23758 7060
23762 7061
23766 7062
23770 7063
23774 7065
23778 7066
23782 7067
23786 7068
23790 7070
23794 7071
23798 7072
23802 7073
23806 7074
23810 7075
23814 7077
23818 7078
23822 7079
23826 7080
23830 7081
23834 7082
23838 7084
23842 7085
23846 7086
23850 7087
23854 7088
23858 7090
23862 7091
23866 7092
23870 7093
23874 7094
23878 7096
23882 7097
23886 7098
23890 7099
23894 7100
23898 7101
23902 7102
23906 7104
23910 7105
23914 7106
23918 7107
23922 7108
23926 7109
23930 7110
23934 7112
23938 7113
23942 7114
23946 7115
23950 7116
23954 7118
23958 7119
23962 7120
23966 7121
23970 7122
23974 7123
23978 7124
23982 7126
23986 7127
23990 7128
23994 7129
23998 7130
24002 7132
24006 7133
24010 7134
24014 7135
24018 7136
24022 7137
24026 7138
24030 7140
24034 7141
24038 7142
24042 7143
24046 7144
24050 7146
24054 7147
24058 7148
24062 7149
24066 7150
24070 7152
24074 7153
24078 7154
24082 7155
24086 7156
24090 7157
24094 7158
24098 7160
24102 7161
24106 7162
24110 7163
24114 7164
24118 7166
24122 7167
24126 7168
24130 7169
24134 7170
24138 7172
24142 7173
24146 7174
24150 7175
24154 7176
24158 7177
24162 7179
24166 7180
24170 7181
24174 7182
24178 7183
24182 7184
24186 7186
24190 7187
24194 7188
24198 7189
24202 7190
24206 7192
24210 7193
24214 7194
24218 7195
24222 7196
24226 7198
24230 7199
24234 7200
24238 7201
24242 7202
24246 7204
24250 7205
24254 7206
24258 7207
24262 7208
24266 7210
24270 7211
24274 7212
24278 7213
24282 7214
24286 7215
24290 7217
24294 7218
24298 7219
24302 7220
24306 7221
24310 7222
24314 7224
24318 7225
24322 7226
24326 7227
24330 7228
24334 7230
24338 7231
24342 7232
24346 7233
24350 7234
24354 7236
24358 7237
24362 7238
24366 7239
24370 7240
24374 7242
24378 7243
24382 7244
24386 7245
24390 7246
24394 7248
24398 7249
24402 7250
24406 7251
24410 7252
24414 7253
24418 7255
24422 7256
24426 7257
24430 7258
24434 7259
24438 7261
24442 7262
24446 7263
24450 7264
24454 7266
24458 7267
24462 7268
24466 7269
24470 7270
24474 7272
24478 7273
24482 7274
24486 7275
24490 7276
24494 7277
24498 7279
24502 7280
24506 7281
24510 7282
24514 7283
24518 7285
24522 7286
24526 7287
24530 7288
24534 7290
24538 7291
24542 7292
24546 7293
24550 7294
24554 7296
24558 7297
24562 7298
24566 7299
24570 7300
24574 7302
24578 7303
24582 7304
24586 7305
24590 7306
24594 7308
24598 7309
24602 7310
24606 7311
24610 7312
24614 7314
24618 7315
24622 7316
24626 7317
24630 7318
24634 7320
24638 7321
24642 7322
24646 7323
24650 7324
24654 7326
24658 7327
24662 7328
24666 7329
24670 7331
24674 7332
24678 7333
24682 7334
24686 7335
24690 7337
24694 7338
24698 7339
24702 7340
24706 7341
24710 7343
24714 7344
24718 7345
24722 7346
24726 7347
24730 7349
24734 7350
24738 7351
24742 7352
24746 7354
24750 7355
24754 7356
24758 7357
24762 7358
24766 7360
24770 7361
24774 7362
24778 7363
24782 7364
24786 7366
24790 7367
24794 7368
24798 7369
24802 7370
24806 7371
24810 7373
24814 7374
24818 7375
24822 7376
24826 7378
24830 7379
24834 7380
24838 7381
24842 7382
24846 7384
24850 7385
24854 7386
24858 7387
24862 7388
24866 7390
24870 7391
24874 7392
24878 7393
24882 7394
24886 7395
24890 7397
24894 7398
24898 7399
24902 7400
24906 7401
24910 7402
24914 7404
24918 7405
24922 7406
24926 7407
24930 7409
24934 7410
24938 7411
24942 7412
24946 7413
24950 7414
24954 7416
24958 7417
24962 7418
24966 7419
24970 7420
24974 7422
24978 7423
24982 7424
24986 7425
24990 7426
24994 7428
24998 7429
25002 7430
25006 7431
25010 7432
25014 7434
25018 7435
25022 7436
25026 7437
25030 7438
25034 7440
25038 7441
25042 7442
25046 7443
25050 7444
25054 7445
25058 7446
25062 7448
25066 7449
25070 7450
25074 7451
25078 7452
25082 7454
25086 7455
25090 7456
25094 7457
25098 7458
25102 7460
25106 7461
25110 7462
25114 7463
25118 7464
25122 7465
25126 7466
25130 7468
25134 7469
25138 7470
25142 7471
25146 7472
25150 7474
25154 7475
25158 7476
25162 7477
25166 7478
25170 7479
25174 7481
25178 7482
25182 7483
25186 7484
25190 7485
25194 7486
25198 7488
25202 7489
25206 7490
25210 7491
25214 7492
25218 7493
25222 7495
25226 7496
25230 7497
25234 7498
25238 7499
25242 7500
25246 7502
25250 7503
25254 7504
25258 7505
25262 7506
25266 7508
25270 7509
25274 7510
25278 7511
25282 7512
25286 7513
25290 7514
25294 7516
25298 7517
25302 7518
25306 7519
25310 7520
25314 7522
25318 7523
25322 7524
25326 7525
25330 7526
25334 7528
25338 7529
25342 7530
25346 7531
25350 7532
25354 7534
25358 7535
25362 7536
25366 7537
25370 7538
25374 7540
25378 7541
25382 7542
25386 7543
25390 7544
25394 7545
25398 7547
25402 7548
25406 7549
25410 7550
25414 7551
25418 7553
25422 7554
25426 7555
25430 7556
25434 7557
25438 7558
25442 7560
25446 7561
25450 7562
25454 7563
25458 7564
25462 7566
25466 7567
25470 7568
25474 7569
25478 7570
25482 7572
25486 7573
25490 7574
25494 7575
25498 7576
25502 7578
25506 7579
25510 7580
25514 7581
25518 7582
25522 7584
25526 7585
25530 7586
25534 7587
25538 7588
25542 7589
25546 7591
25550 7592
25554 7593
25558 7594
25562 7595
25566 7596
25570 7598
25574 7599
25578 7600
25582 7601
25586 7602
25590 7604
25594 7605
25598 7606
25602 7607
25606 7608
25610 7610
25614 7611
25618 7612
25622 7613
25626 7614
25630 7616
25634 7617
25638 7618
25642 7619
25646 7620
25650 7622
25654 7623
25658 7624
25662 7625
25666 7626
25670 7628
25674 7629
25678 7630
25682 7631
25686 7632
25690 7634
25694 7635
25698 7636
25702 7637
25706 7638
25710 7640
25714 7641
25718 7642
25722 7643
25726 7644
25730 7646
25734 7647
25738 7648
25742 7649
25746 7650
25750 7652
25754 7653
25758 7654
25762 7655
25766 7656
25770 7658
25774 7659
25778 7660
25782 7661
25786 7662
25790 7664
25794 7665
25798 7666
25802 7667
25806 7668
25810 7670
25814 7671
25818 7672
25822 7673
25826 7675
25830 7676
25834 7677
25838 7678
25842 7679
25846 7681
25850 7682
25854 7683
25858 7684
25862 7685
25866 7687
25870 7688
25874 7689
25878 7690
25882 7692
25886 7693
25890 7694
25894 7695
25898 7696
25902 7698
25906 7699
25910 7700
25914 7701
25918 7702
25922 7704
25926 7705
25930 7706
25934 7707
25938 7708
25942 7710
25946 7711
25950 7712
25954 7713
25958 7714
25962 7716
25966 7717
25970 7718
25974 7719
25978 7721
25982 7722
25986 7723
25990 7724
25994 7725
25998 7727
26002 7728
26006 7729
26010 7730
26014 7731
26018 7732
26022 7734
26026 7735
26030 7736
26034 7737
26038 7738
26042 7740
26046 7741
26050 7742
26054 7743
26058 7745
26062 7746
26066 7747
26070 7748
26074 7749
26078 7751
26082 7752
26086 7753
26090 7754
26094 7755
26098 7756
26102 7758
26106 7759
26110 7760
26114 7761
26118 7762
26122 7764
26126 7765
26130 7766
26134 7767
26138 7768
26142 7770
26146 7771
26150 7772
26154 7773
26158 7774
26162 7776
26166 7777
26170 7778
26174 7779
26178 7780
26182 7782
26186 7783
26190 7784
26194 7785
26198 7786
26202 7788
26206 7789
26210 7790
26214 7791
26218 7792
26222 7794
26226 7795
26230 7796
26234 7797
26238 7798
26242 7799
26246 7800
26250 7802
26254 7803
26258 7804
26262 7805
26266 7806
26270 7808
26274 7809
26278 7810
26282 7811
26286 7812
26290 7813
26294 7815
26298 7816
26302 7817
26306 7818
26310 7819
26314 7820
26318 7822
26322 7823
26326 7824
26330 7825
26334 7826
26338 7827
26342 7828
26346 7830
26350 7831
26354 7832
26358 7833
26362 7834
26366 7836
26370 7837
26374 7838
26378 7839
26382 7840
26386 7841
26390 7842
26394 7844
26398 7845
26402 7846
26406 7847
26410 7848
26414 7849
26418 7850
26422 7852
26426 7853
26430 7854
26434 7855
26438 7856
26442 7858
26446 7859
26450 7860
26454 7861
26458 7862
26462 7864
26466 7865
26470 7866
26474 7867
26478 7868
26482 7869
26486 7870
26490 7872
26494 7873
26498 7874
26502 7875
26506 7876
26510 7878
26514 7879
26518 7880
26522 7881
26526 7882
26530 7883
26534 7885
26538 7886
26542 7887
26546 7888
26550 7889
26554 7891
26558 7892
26562 7893
26566 7894
26570 7895
26574 7896
26578 7898
26582 7899
26586 7900
26590 7901
26594 7902
26598 7904
26602 7905
26606 7906
26610 7907
26614 7908
26618 7910
26622 7911
26626 7912
26630 7913
26634 7914
26638 7916
26642 7917
26646 7918
26650 7919
26654 7920
26658 7922
26662 7923
26666 7924
26670 7925
26674 7926
26678 7927
26682 7929
26686 7930
26690 7931
26694 7932
26698 7934
26702 7935
26706 7936
26710 7937
26714 7938
26718 7939
26722 7941
26726 7942
26730 7943
26734 7944
26738 7945
26742 7946
26746 7948
26750 7949
26754 7950
26758 7951
26762 7952
26766 7954
26770 7955
26774 7956
26778 7957
26782 7958
26786 7960
26790 7961
26794 7962
26798 7963
26802 7964
26806 7966
26810 7967
26814 7968
26818 7969
26822 7970
26826 7971
26830 7972
26834 7974
26838 7975
26842 7976
26846 7977
26850 7978
26854 7980
26858 7981
26862 7982
26866 7983
26870 7985
26874 7986
26878 7987
26882 7988
26886 7989
26890 7991
26894 7992
26898 7993
26902 7994
26906 7995
26910 7996
26914 7998
26918 7999
26922 8000
26926 8001
26930 8002
26934 8004
26938 8005
26942 8006
26946 8007
26950 8008
26954 8010
26958 8011
26962 8012
26966 8013
26970 8014
26974 8016
26978 8017
26982 8018
26986 8019
26990 8020
26994 8022
26998 8023
27002 8024
27006 8025
27010 8027
27014 8028
27018 8029
27022 8030
27026 8031
27030 8033
27034 8034
27038 8035
27042 8036
27046 8038
27050 8039
27054 8040
27058 8041
27062 8042
27066 8044
27070 8045
27074 8046
27078 8047
27082 8048
27086 8050
27090 8051
27094 8052
27098 8053
27102 8054
27106 8056
27110 8057
27114 8058
27118 8059
27122 8060
27126 8062
27130 8063
27134 8064
27138 8065
27142 8066
27146 8068
27150 8069
27154 8070
27158 8071
27162 8073
27166 8074
27170 8075
27174 8076
27178 8077
27182 8079
27186 8080
27190 8081
27194 8082
27198 8084
27202 8085
27206 8086
27210 8087
27214 8088
27218 8090
27222 8091
27226 8092
27230 8093
27234 8094
27238 8096
27242 8097
27246 8098
27250 8099
27254 8100
27258 8102
27262 8103
27266 8104
27270 8105
27274 8106
27278 8108
27282 8109
27286 8110
27290 8111
27294 8112
27298 8114
27302 8115
27306 8116
27310 8117
27314 8118
27318 8120
27322 8121
27326 8122
27330 8123
27334 8124
27338 8126
27342 8127
27346 8128
27350 8129
27354 8130
27358 8132
27362 8133
27366 8134
27370 8135
27374 8136
27378 8138
27382 8139
27386 8140
27390 8141
27394 8142
27398 8143
27402 8145
27406 8146
27410 8147
27414 8148
27418 8149
27422 8151
27426 8152
27430 8153
27434 8154
27438 8155
27442 8156
27446 8158
27450 8159
27454 8160
27458 8161
27462 8162
27466 8164
27470 8165
27474 8166
27478 8167
27482 8168
27486 8170
27490 8171
27494 8172
27498 8173
27502 8174
27506 8175
27510 8176
27514 8178
27518 8179
27522 8180
27526 8181
27530 8182
27534 8184
27538 8185
27542 8186
27546 8187
27550 8188
27554 8189
27558 8190
27562 8192
27566 8193
27570 8194
27574 8195
27578 8196
27582 8198
27586 8199
27590 8200
27594 8201
27598 8202
27602 8203
27606 8204
27610 8206
27614 8207
27618 8208
27622 8209
27626 8210
27630 8211
27634 8213
27638 8214
27642 8215
27646 8216
27650 8217
27654 8218
27658 8220
27662 8221
27666 8222
27670 8223
27674 8224
27678 8226
27682 8227
27686 8228
27690 8229
27694 8230
27698 8232
27702 8233
27706 8234
27710 8235
27714 8236
27718 8237
27722 8238
27726 8240
27730 8241
27734 8242
27738 8243
27742 8244
27746 8246
27750 8247
27754 8248
27758 8249
27762 8250
27766 8252
27770 8253
27774 8254
27778 8255
27782 8256
27786 8258
27790 8259
27794 8260
27798 8261
27802 8262
27806 8264
27810 8265
27814 8266
27818 8267
27822 8268
27826 8270
27830 8271
27834 8272
27838 8273
27842 8274
27846 8276
27850 8277
27854 8278
27858 8279
27862 8280
27866 8281
27870 8283
27874 8284
27878 8285
27882 8286
27886 8287
27890 8289
27894 8290
27898 8291
27902 8292
27906 8293
27910 8295
27914 8296
27918 8297
27922 8298
27926 8299
27930 8301
27934 8302
27938 8303
27942 8304
27946 8305
27950 8306
27954 8308
27958 8309
27962 8310
27966 8311
27970 8312
27974 8314
27978 8315
27982 8316
27986 8317
27990 8318
27994 8320
27998 8321
28002 8322
28006 8323
28010 8324
28014 8326
28018 8327
28022 8328
28026 8329
28030 8330
28034 8332
28038 8333
28042 8334
28046 8335
28050 8336
28054 8338
28058 8339
28062 8340
28066 8341
28070 8342
28074 8344
28078 8345
28082 8346
28086 8347
28090 8348
28094 8349
28098 8351
28102 8352
28106 8353
28110 8354
28114 8355
28118 8356
28122 8358
28126 8359
28130 8360
28134 8361
28138 8362
28142 8364
28146 8365
28150 8366
28154 8367
28158 8368
28162 8370
28166 8371
28170 8372
28174 8373
28178 8374
28182 8376
28186 8377
28190 8378
28194 8379
28198 8380
28202 8382
28206 8383
28210 8384
28214 8385
28218 8387
28222 8388
28226 8389
28230 8390
28234 8391
28238 8393
28242 8394
28246 8395
28250 8396
28254 8398
28258 8399
28262 8400
28266 8401
28270 8402
28274 8404
28278 8405
28282 8406
28286 8407
28290 8408
28294 8410
28298 8411
28302 8412
28306 8413
28310 8414
28314 8416
28318 8417
28322 8418
28326 8419
28330 8420
28334 8422
28338 8423
28342 8424
28346 8425
28350 8426
28354 8428
28358 8429
28362 8430
28366 8431
28370 8433
28374 8434
28378 8435
28382 8436
28386 8437
28390 8439
28394 8440
28398 8441
28402 8442
28406 8444
28410 8445
28414 8446
28418 8447
28422 8448
28426 8450
28430 8451
28434 8452
28438 8453
28442 8454
28446 8456
28450 8457
28454 8458
28458 8459
28462 8460
28466 8462
28470 8463
28474 8464
28478 8465
28482 8466
28486 8468
28490 8469
28494 8470
28498 8471
28502 8472
28506 8474
28510 8475
28514 8476
28518 8477
28522 8478
28526 8480
28530 8481
28534 8482
28538 8483
28542 8484
28546 8486
28550 8487
28554 8488
28558 8489
28562 8490
28566 8492
28570 8493
28574 8494
28578 8495
28582 8496
28586 8498
28590 8499
28594 8500
28598 8501
28602 8502
28606 8504
28610 8505
28614 8506
28618 8507
28622 8508
28626 8510
28630 8511
28634 8512
28638 8513
28642 8514
28646 8515
28650 8517
28654 8518
28658 8519
28662 8520
28666 8521
28670 8522
28674 8524
28678 8525
28682 8526
28686 8527
28690 8528
28694 8530
28698 8531
28702 8532
28706 8533
28710 8534
28714 8535
28718 8536
28722 8538
28726 8539
28730 8540
28734 8541
28738 8542
28742 8543
28746 8545
28750 8546
28754 8547
28758 8548
28762 8549
28766 8550
28770 8552
28774 8553
28778 8554
28782 8555
28786 8556
28790 8557
28794 8558
28798 8560
28802 8561
28806 8562
28810 8563
28814 8564
28818 8565
28822 8567
28826 8568
28830 8569
28834 8570
28838 8571
28842 8572
28846 8574
28850 8575
28854 8576
28858 8577
28862 8578
28866 8579
28870 8580
28874 8582
28878 8583
28882 8584
28886 8585
28890 8586
28894 8588
28898 8589
28902 8590
28906 8591
28910 8592
28914 8593
28918 8594
28922 8596
28926 8597
28930 8598
28934 8599
28938 8600
28942 8602
28946 8603
28950 8604
28954 8605
28958 8606
28962 8608
28966 8609
28970 8610
28974 8611
28978 8612
28982 8614
28986 8615
28990 8616
28994 8617
28998 8618
29002 8619
29006 8621
29010 8622
29014 8623
29018 8624
29022 8625
29026 8627
29030 8628
29034 8629
29038 8630
29042 8631
29046 8633
29050 8634
29054 8635
29058 8636
29062 8637
29066 8638
29070 8640
29074 8641
29078 8642
29082 8643
29086 8644
29090 8646
29094 8647
29098 8648
29102 8649
29106 8651
29110 8652
29114 8653
29118 8654
29122 8655
29126 8657
29130 8658
29134 8659
29138 8660
29142 8661
29146 8662
29150 8664
29154 8665
29158 8666
29162 8667
29166 8668
29170 8670
29174 8671
29178 8672
29182 8673
29186 8674
29190 8676
29194 8677
29198 8678
29202 8679
29206 8680
29210 8682
29214 8683
29218 8684
29222 8685
29226 8686
29230 8688
29234 8689
29238 8690
29242 8691
29246 8692
29250 8693
29254 8695
29258 8696
29262 8697
29266 8698
29270 8699
29274 8701
29278 8702
29282 8703
29286 8704
29290 8705
29294 8707
29298 8708
29302 8709
29306 8710
29310 8711
29314 8713
29318 8714
29322 8715
29326 8716
29330 8717
29334 8718
29338 8720
29342 8721
29346 8722
29350 8723
29354 8724
29358 8726
29362 8727
29366 8728
29370 8729
29374 8730
29378 8732
29382 8733
29386 8734
29390 8735
29394 8736
29398 8738
29402 8739
29406 8740
29410 8741
29414 8742
29418 8744
29422 8745
29426 8746
29430 8747
29434 8749
29438 8750
29442 8751
29446 8752
29450 8753
29454 8755
29458 8756
29462 8757
29466 8758
29470 8759
29474 8761
29478 8762
29482 8763
29486 8764
29490 8765
29494 8767
29498 8768
29502 8769
29506 8770
29510 8772
29514 8773
29518 8774
29522 8775
29526 8776
29530 8778
29534 8779
29538 8780
29542 8781
29546 8782
29550 8784
29554 8785
29558 8786
29562 8787
29566 8788
29570 8790
29574 8791
29578 8792
29582 8793
29586 8794
29590 8796
29594 8797
29598 8798
29602 8799
29606 8801
29610 8802
29614 8803
29618 8804
29622 8805
29626 8807
29630 8808
29634 8809
29638 8810
29642 8811
29646 8813
29650 8814
29654 8815
29658 8816
29662 8817
29666 8819
29670 8820
29674 8821
29678 8822
29682 8824
29686 8825
29690 8826
29694 8827
29698 8828
29702 8830
29706 8831
29710 8832
29714 8833
29718 8834
29722 8836
29726 8837
29730 8838
29734 8839
29738 8840
29742 8842
29746 8843
29750 8844
29754 8845
29758 8846
29762 8848
29766 8849
29770 8850
29774 8851
29778 8852
29782 8854
29786 8855
29790 8856
29794 8857
29798 8858
29802 8860
29806 8861
29810 8862
29814 8863
29818 8864
29822 8866
29826 8867
29830 8868
29834 8869
29838 8870
29842 8872
29846 8873
29850 8874
29854 8875
29858 8876
29862 8877
29866 8879
29870 8880
29874 8881
29878 8882
29882 8883
29886 8884
29890 8886
29894 8887
29898 8888
29902 8889
29906 8890
29910 8892
29914 8893
29918 8894
29922 8895
29926 8896
29930 8898
29934 8899
29938 8900
29942 8901
29946 8902
29950 8903
29954 8904
29958 8906
29962 8907
29966 8908
29970 8909
29974 8910
29978 8911
29982 8912
29986 8914
29990 8915
29994 8916
29998 8917
