10 0
14 0
18 0
22 0
26 1
30 1
34 1
38 2
42 2
46 2
50 3
54 4
58 4
62 5
66 5
70 6
74 7
78 8
82 8
86 9
90 10
94 11
98 12
102 12
106 13
110 14
114 15
118 16
122 17
126 18
130 19
134 20
138 20
142 21
146 22
150 23
154 24
158 25
162 26
166 27
170 28
174 29
178 30
182 31
186 32
190 33
194 34
198 35
202 36
206 37
210 38
214 39
218 40
222 41
226 42
230 43
234 44
238 45
242 46
246 47
250 48
254 49
258 50
262 51
266 52
270 53
274 54
278 55
282 56
286 57
290 58
294 59
298 60
302 61
306 62
310 63
314 64
318 65
322 66
326 67
330 68
334 69
338 70
342 71
346 72
350 73
354 74
358 75
362 76
366 77
370 78
374 79
378 80
382 81
386 82
390 83
394 84
398 85
402 86
406 87
410 88
414 89
418 90
422 91
426 92
430 93
434 94
438 95
442 96
446 97
450 98
454 99
458 100
462 101
466 102
470 103
474 104
478 105
482 106
486 107
490 108
494 109
498 110
502 111
506 112
510 113
514 114
518 115
522 116
526 117
530 118
534 119
538 120
542 121
546 122
550 123
554 124
558 125
562 126
566 127
570 128
574 129
578 130
582 131
586 132
590 133
594 134
598 135
602 136
606 137
610 138
614 139
618 140
622 141
626 142
630 143
634 144
638 145
642 146
646 147
650 148
654 149
658 150
662 151
666 152
670 154
674 154
678 156
682 156
686 158
690 158
694 160
698 161
702 162
706 163
710 164
714 165
718 166
722 167
726 168
730 169
734 170
738 171
742 172
746 173
750 174
754 175
758 176
762 177
766 178
770 179
774 180
778 181
782 182
786 183
790 184
794 185
798 186
802 187
806 188
810 189
814 190
818 191
822 192
826 193
830 194
834 195
838 196
842 197
846 198
850 199
854 200
858 201
862 202
866 203
870 204
874 206
878 207
882 208
886 209
890 210
894 211
898 212
902 213
906 214
910 215
914 216
918 217
922 218
926 219
930 220
934 221
938 222
942 223
946 224
950 225
954 226
958 227
962 228
966 229
970 230
974 231
978 232
982 233
986 234
990 235
994 236
998 238
1002 238
1006 240
1010 240
1014 242
1018 243
1022 244
1026 245
1030 246
1034 247
1038 248
1042 249
1046 250
1050 251
1054 252
1058 253
1062 254
1066 255
1070 256
1074 257
1078 258
1082 259
1086 260
1090 261
1094 262
1098 263
1102 264
1106 265
1110 266
1114 267
1118 268
1122 270
1126 270
1130 272
1134 272
1138 274
1142 275
1146 276
1150 277
1154 278
1158 279
1162 280
1166 281
1170 282
1174 283
1178 284
1182 285
1186 286
1190 287
1194 288
1198 289
1202 290
1206 291
1210 292
1214 293
1218 294
1222 295
1226 296
1230 297
1234 298
1238 299
1242 300
1246 302
1250 302
1254 304
1258 305
1262 306
1266 307
1270 308
1274 309
1278 310
1282 311
1286 312
1290 313
1294 314
1298 315
1302 316
1306 317
1310 318
1314 319
1318 320
1322 321
1326 322
1330 323
1334 324
1338 325
1342 326
1346 327
1350 328
1354 329
1358 330
1362 331
1366 332
1370 333
1374 334
1378 335
1382 336
1386 337
1390 338
1394 339
1398 340
1402 342
1406 343
1410 344
1414 345
1418 346
1422 347
1426 348
1430 349
1434 350
1438 351
1442 352
1446 353
1450 354
1454 355
1458 356
1462 357
1466 358
1470 359
1474 360
1478 361
1482 362
1486 363
1490 364
1494 365
1498 366
1502 367
1506 368
1510 369
1514 370
1518 371
1522 372
1526 374
1530 374
1534 376
1538 376
1542 378
1546 379
1550 380
1554 381
1558 382
1562 383
1566 384
1570 385
1574 386
1578 387
1582 388
1586 389
1590 390
1594 391
1598 392
1602 393
1606 394
1610 395
1614 396
1618 397
1622 398
1626 399
1630 400
1634 401
1638 402
1642 403
1646 404
1650 405
1654 406
1658 407
1662 408
1666 409
1670 410
1674 411
1678 412
1682 413
1686 414
1690 415
1694 416
1698 417
1702 418
1706 419
1710 420
1714 421
1718 422
1722 423
1726 424
1730 425
1734 426
1738 427
1742 428
1746 429
1750 430
1754 431
1758 432
1762 433
1766 434
1770 435
1774 436
1778 437
1782 438
1786 439
1790 440
1794 441
1798 442
1802 443
1806 444
1810 445
1814 446
1818 447
1822 448
1826 449
1830 450
1834 451
1838 452
1842 453
1846 454
1850 455
1854 456
1858 457
1862 458
1866 459
1870 460
1874 461
1878 462
1882 463
1886 464
1890 465
1894 466
1898 467
1902 468
1906 469
1910 470
1914 471
1918 472
1922 473
1926 474
1930 475
1934 476
1938 477
1942 478
1946 479
1950 480
1954 481
1958 482
1962 483
1966 484
1970 485
1974 486
1978 487
1982 488
1986 489
1990 490
1994 491
1998 492
2002 493
2006 494
2010 496
2014 496
2018 498
2022 498
2026 500
2030 501
2034 502
2038 503
2042 504
2046 505
2050 506
2054 507
2058 508
2062 509
2066 510
2070 511
2074 512
2078 513
2082 514
2086 515
2090 516
2094 517
2098 518
2102 519
2106 520
2110 521
2114 522
2118 523
2122 524
2126 525
2130 526
2134 527
2138 528
2142 529
2146 530
2150 531
2154 532
2158 533
2162 534
2166 535
2170 536
2174 537
2178 538
2182 539
2186 540
2190 542
2194 542
2198 544
2202 545
2206 546
2210 547
2214 548
2218 549
2222 550
2226 551
2230 552
2234 553
2238 554
2242 555
2246 556
2250 557
2254 558
2258 559
2262 560
2266 561
2270 562
2274 563
2278 564
2282 565
2286 566
2290 567
2294 568
2298 569
2302 570
2306 571
2310 572
2314 573
2318 574
2322 575
2326 576
2330 577
2334 578
2338 579
2342 580
2346 582
2350 582
2354 584
2358 584
2362 586
2366 587
2370 588
2374 589
2378 590
2382 591
2386 592
2390 593
2394 594
2398 595
2402 596
2406 597
2410 598
2414 599
2418 600
2422 601
2426 602
2430 603
2434 604
2438 605
2442 606
2446 607
2450 608
2454 609
2458 610
2462 611
2466 612
2470 614
2474 614
2478 616
2482 616
2486 618
2490 619
2494 620
2498 621
2502 622
2506 623
2510 624
2514 625
2518 626
2522 627
2526 628
2530 629
2534 630
2538 631
2542 632
2546 633
2550 634
2554 635
2558 636
2562 637
2566 638
2570 639
2574 640
2578 641
2582 642
2586 643
2590 644
2594 645
2598 646
2602 648
2606 648
2610 650
2614 650
2618 652
2622 653
2626 654
2630 655
2634 656
2638 657
2642 658
2646 659
2650 660
2654 661
2658 662
2662 663
2666 664
2670 665
2674 666
2678 667
2682 668
2686 669
2690 670
2694 671
2698 672
2702 673
2706 674
2710 675
2714 676
2718 677
2722 678
2726 680
2730 680
2734 682
2738 682
2742 684
2746 685
2750 686
2754 687
2758 688
2762 689
2766 690
2770 691
2774 692
2778 693
2782 694
2786 695
2790 696
2794 697
2798 698
2802 699
2806 700
2810 701
2814 702
2818 703
2822 704
2826 705
2830 706
2834 707
2838 708
2842 709
2846 710
2850 712
2854 712
2858 714
2862 714
2866 716
2870 717
2874 718
2878 719
2882 720
2886 721
2890 722
2894 723
2898 724
2902 725
2906 726
2910 727
2914 728
2918 729
2922 730
2926 731
2930 732
2934 733
2938 734
2942 735
2946 736
2950 737
2954 738
2958 739
2962 740
2966 741
2970 742
2974 743
2978 744
2982 745
2986 746
2990 747
2994 748
2998 749
3002 750
3006 751
3010 752
3014 753
3018 754
3022 755
3026 756
3030 757
3034 758
3038 759
3042 760
3046 761
3050 762
3054 763
3058 764
3062 765
3066 766
3070 767
3074 768
3078 769
3082 770
3086 771
3090 772
3094 773
3098 774
3102 775
3106 776
3110 777
3114 778
3118 779
3122 780
3126 781
3130 782
3134 783
3138 784
3142 785
3146 786
3150 787
3154 788
3158 789
3162 790
3166 791
3170 792
3174 793
3178 794
3182 795
3186 796
3190 797
3194 798
3198 799
3202 800
3206 801
3210 802
3214 803
3218 804
3222 805
3226 806
3230 807
3234 808
3238 809
3242 810
3246 811
3250 812
3254 813
3258 814
3262 815
3266 816
3270 817
3274 818
3278 819
3282 820
3286 821
3290 822
3294 823
3298 824
3302 825
3306 826
3310 827
3314 828
3318 829
3322 830
3326 831
3330 832
3334 833
3338 834
3342 835
3346 836
3350 837
3354 838
3358 839
3362 840
3366 841
3370 842
3374 843
3378 844
3382 846
3386 846
3390 848
3394 848
3398 850
3402 851
3406 852
3410 853
3414 854
3418 855
3422 856
3426 857
3430 858
3434 859
3438 860
3442 861
3446 862
3450 863
3454 864
3458 865
3462 866
3466 867
3470 868
3474 869
3478 870
3482 871
3486 872
3490 873
3494 874
3498 875
3502 876
3506 877
3510 878
3514 879
3518 880
3522 881
3526 882
3530 883
3534 884
3538 885
3542 886
3546 888
3550 888
3554 890
3558 890
3562 892
3566 892
3570 894
3574 895
3578 896
3582 897
3586 898
3590 899
3594 900
3598 901
3602 902
3606 903
3610 904
3614 905
3618 906
3622 907
3626 908
3630 909
3634 910
3638 911
3642 912
3646 913
3650 914
3654 915
3658 916
3662 917
3666 918
3670 919
3674 920
3678 921
3682 922
3686 923
3690 924
3694 925
3698 926
3702 927
3706 928
3710 929
3714 930
3718 931
3722 932
3726 934
3730 934
3734 936
3738 936
3742 938
3746 938
3750 940
3754 941
3758 942
3762 943
3766 944
3770 945
3774 946
3778 947
3782 948
3786 949
3790 950
3794 951
3798 952
3802 953
3806 954
3810 955
3814 956
3818 957
3822 958
3826 959
3830 960
3834 961
3838 962
3842 963
3846 964
3850 965
3854 966
3858 967
3862 968
3866 969
3870 970
3874 972
3878 972
3882 974
3886 975
3890 976
3894 977
3898 978
3902 979
3906 980
3910 981
3914 982
3918 983
3922 984
3926 985
3930 986
3934 987
3938 988
3942 989
3946 990
3950 991
3954 992
3958 993
3962 994
3966 995
3970 996
3974 997
3978 998
3982 999
3986 1000
3990 1002
3994 1002
3998 1004
4002 1005
4006 1006
4010 1007
4014 1008
4018 1009
4022 1010
4026 1011
4030 1012
4034 1013
4038 1014
4042 1015
4046 1016
4050 1017
4054 1018
4058 1019
4062 1020
4066 1021
4070 1022
4074 1023
4078 1024
4082 1025
4086 1026
4090 1028
4094 1028
4098 1030
4102 1031
4106 1032
4110 1033
4114 1034
4118 1035
4122 1036
4126 1037
4130 1038
4134 1039
4138 1040
4142 1041
4146 1042
4150 1043
4154 1044
4158 1045
4162 1046
4166 1047
4170 1048
4174 1049
4178 1050
4182 1051
4186 1052
4190 1053
4194 1054
4198 1055
4202 1056
4206 1057
4210 1058
4214 1059
4218 1060
4222 1062
4226 1063
4230 1064
4234 1065
4238 1066
4242 1067
4246 1068
4250 1069
4254 1070
4258 1071
4262 1072
4266 1073
4270 1074
4274 1075
4278 1076
4282 1077
4286 1078
4290 1079
4294 1080
4298 1081
4302 1082
4306 1083
4310 1084
4314 1085
4318 1086
4322 1087
4326 1088
4330 1089
4334 1090
4338 1091
4342 1092
4346 1093
4350 1094
4354 1095
4358 1096
4362 1097
4366 1098
4370 1099
4374 1100
4378 1101
4382 1102
4386 1103
4390 1104
4394 1105
4398 1106
4402 1108
4406 1108
4410 1110
4414 1110
4418 1112
4422 1112
4426 1114
4430 1115
4434 1116
4438 1117
4442 1118
4446 1119
4450 1120
4454 1121
4458 1122
4462 1123
4466 1124
4470 1125
4474 1126
4478 1127
4482 1128
4486 1129
4490 1130
4494 1131
4498 1132
4502 1132
4506 1134
4510 1134
4514 1136
4518 1136
4522 1138
4526 1138
4530 1140
4534 1140
4538 1142
4542 1142
4546 1144
4550 1145
4554 1146
4558 1146
4562 1148
4566 1148
4570 1150
4574 1150
4578 1152
4582 1153
4586 1154
4590 1154
4594 1156
4598 1156
4602 1158
4606 1158
4610 1160
4614 1161
4618 1162
4622 1162
4626 1164
4630 1165
4634 1166
4638 1167
4642 1168
4646 1169
4650 1170
4654 1171
4658 1172
4662 1173
4666 1174
4670 1175
4674 1176
4678 1177
4682 1178
4686 1179
4690 1180
4694 1181
4698 1182
4702 1183
4706 1184
4710 1185
4714 1186
4718 1187
4722 1188
4726 1189
4730 1190
4734 1191
4738 1192
4742 1193
4746 1194
4750 1195
4754 1196
4758 1197
4762 1198
4766 1199
4770 1200
4774 1201
4778 1202
4782 1203
4786 1204
4790 1205
4794 1206
4798 1207
4802 1208
4806 1209
4810 1210
4814 1211
4818 1212
4822 1213
4826 1214
4830 1215
4834 1216
4838 1218
4842 1218
4846 1220
4850 1220
4854 1222
4858 1222
4862 1224
4866 1225
4870 1226
4874 1227
4878 1228
4882 1229
4886 1230
4890 1231
4894 1232
4898 1233
4902 1234
4906 1235
4910 1236
4914 1237
4918 1238
4922 1239
4926 1240
4930 1241
4934 1242
4938 1243
4942 1244
4946 1245
4950 1246
4954 1247
4958 1248
4962 1249
4966 1250
4970 1251
4974 1252
4978 1253
4982 1254
4986 1255
4990 1256
4994 1257
4998 1258
5002 1259
5006 1260
5010 1261
5014 1262
5018 1263
5022 1264
5026 1266
5030 1266
5034 1268
5038 1268
5042 1270
5046 1270
5050 1272
5054 1272
5058 1274
5062 1274
5066 1276
5070 1276
5074 1278
5078 1279
5082 1280
5086 1281
5090 1282
5094 1283
5098 1284
5102 1285
5106 1286
5110 1287
5114 1288
5118 1289
5122 1290
5126 1291
5130 1292
5134 1293
5138 1294
5142 1295
5146 1296
5150 1297
5154 1298
5158 1299
5162 1300
5166 1301
5170 1302
5174 1303
5178 1304
5182 1305
5186 1306
5190 1307
5194 1308
5198 1309
5202 1310
5206 1311
5210 1312
5214 1314
5218 1314
5222 1316
5226 1317
5230 1318
5234 1319
5238 1320
5242 1321
5246 1322
5250 1323
5254 1324
5258 1325
5262 1326
5266 1327
5270 1328
5274 1329
5278 1330
5282 1331
5286 1332
5290 1333
5294 1334
5298 1335
5302 1336
5306 1337
5310 1338
5314 1339
5318 1340
5322 1342
5326 1342
5330 1344
5334 1344
5338 1346
5342 1347
5346 1348
5350 1349
5354 1350
5358 1351
5362 1352
5366 1353
5370 1354
5374 1355
5378 1356
5382 1357
5386 1358
5390 1359
5394 1360
5398 1361
5402 1362
5406 1363
5410 1364
5414 1365
5418 1366
5422 1367
5426 1368
5430 1370
5434 1370
5438 1372
5442 1372
5446 1374
5450 1375
5454 1376
5458 1377
5462 1378
5466 1379
5470 1380
5474 1381
5478 1382
5482 1383
5486 1384
5490 1385
5494 1386
5498 1387
5502 1388
5506 1389
5510 1390
5514 1391
5518 1392
5522 1393
5526 1394
5530 1395
5534 1396
5538 1398
5542 1398
5546 1400
5550 1400
5554 1402
5558 1403
5562 1404
5566 1405
5570 1406
5574 1407
5578 1408
5582 1409
5586 1410
5590 1411
5594 1412
5598 1413
5602 1414
5606 1415
5610 1416
5614 1417
5618 1418
5622 1419
5626 1420
5630 1421
5634 1422
5638 1423
5642 1424
5646 1425
5650 1426
5654 1427
5658 1428
5662 1429
5666 1430
5670 1431
5674 1432
5678 1433
5682 1434
5686 1436
5690 1436
5694 1438
5698 1438
5702 1440
5706 1440
5710 1442
5714 1443
5718 1444
5722 1445
5726 1446
5730 1447
5734 1448
5738 1449
5742 1450
5746 1451
5750 1452
5754 1453
5758 1454
5762 1455
5766 1456
5770 1457
5774 1458
5778 1459
5782 1460
5786 1461
5790 1462
5794 1463
5798 1464
5802 1465
5806 1466
5810 1467
5814 1468
5818 1469
5822 1470
5826 1471
5830 1472
5834 1473
5838 1474
5842 1475
5846 1476
5850 1477
5854 1478
5858 1479
5862 1480
5866 1481
5870 1482
5874 1483
5878 1484
5882 1485
5886 1486
5890 1487
5894 1488
5898 1489
5902 1490
5906 1491
5910 1492
5914 1493
5918 1494
5922 1495
5926 1496
5930 1497
5934 1498
5938 1499
5942 1500
5946 1501
5950 1502
5954 1503
5958 1504
5962 1505
5966 1506
5970 1507
5974 1508
5978 1509
5982 1510
5986 1511
5990 1512
5994 1513
5998 1514
6002 1515
6006 1516
6010 1517
6014 1518
6018 1519
6022 1520
6026 1521
6030 1522
6034 1523
6038 1524
6042 1525
6046 1526
6050 1527
6054 1528
6058 1529
6062 1530
6066 1531
6070 1532
6074 1533
6078 1534
6082 1535
6086 1536
6090 1537
6094 1538
6098 1539
6102 1540
6106 1541
6110 1542
6114 1543
6118 1544
6122 1545
6126 1546
6130 1547
6134 1548
6138 1549
6142 1550
6146 1551
6150 1552
6154 1553
6158 1554
6162 1555
6166 1556
6170 1558
6174 1558
6178 1560
6182 1560
6186 1562
6190 1562
6194 1564
6198 1565
6202 1566
6206 1567
6210 1568
6214 1569
6218 1570
6222 1571
6226 1572
6230 1573
6234 1574
6238 1575
6242 1576
6246 1577
6250 1578
6254 1579
6258 1580
6262 1581
6266 1582
6270 1583
6274 1584
6278 1585
6282 1586
6286 1587
6290 1588
6294 1589
6298 1590
6302 1591
6306 1592
6310 1593
6314 1594
6318 1595
6322 1596
6326 1597
6330 1598
6334 1599
6338 1600
6342 1601
6346 1602
6350 1603
6354 1604
6358 1605
6362 1606
6366 1607
6370 1608
6374 1609
6378 1610
6382 1611
6386 1612
6390 1613
6394 1614
6398 1616
6402 1616
6406 1618
6410 1619
6414 1620
6418 1621
6422 1622
6426 1623
6430 1624
6434 1625
6438 1626
6442 1627
6446 1628
6450 1629
6454 1630
6458 1631
6462 1632
6466 1633
6470 1634
6474 1635
6478 1636
6482 1637
6486 1638
6490 1639
6494 1640
6498 1641
6502 1642
6506 1643
6510 1644
6514 1645
6518 1646
6522 1647
6526 1648
6530 1649
6534 1650
6538 1651
6542 1652
6546 1653
6550 1654
6554 1655
6558 1656
6562 1657
6566 1658
6570 1659
6574 1660
6578 1662
6582 1662
6586 1664
6590 1664
6594 1666
6598 1666
6602 1668
6606 1669
6610 1670
6614 1671
6618 1672
6622 1673
6626 1674
6630 1675
6634 1676
6638 1677
6642 1678
6646 1679
6650 1680
6654 1681
6658 1682
6662 1683
6666 1684
6670 1685
6674 1686
6678 1687
6682 1688
6686 1689
6690 1690
6694 1692
6698 1692
6702 1694
6706 1695
6710 1696
6714 1697
6718 1698
6722 1699
6726 1700
6730 1701
6734 1702
6738 1703
6742 1704
6746 1705
6750 1706
6754 1707
6758 1708
6762 1709
6766 1710
6770 1711
6774 1712
6778 1713
6782 1714
6786 1715
6790 1716
6794 1717
6798 1718
6802 1720
6806 1720
6810 1722
6814 1723
6818 1724
6822 1725
6826 1726
6830 1727
6834 1728
6838 1729
6842 1730
6846 1731
6850 1732
6854 1733
6858 1734
6862 1735
6866 1736
6870 1737
6874 1738
6878 1739
6882 1740
6886 1741
6890 1742
6894 1743
6898 1744
6902 1745
6906 1746
6910 1747
6914 1748
6918 1749
6922 1750
6926 1752
6930 1752
6934 1754
6938 1754
6942 1756
6946 1757
6950 1758
6954 1759
6958 1760
6962 1761
6966 1762
6970 1763
6974 1764
6978 1765
6982 1766
6986 1767
6990 1768
6994 1769
6998 1770
7002 1771
7006 1772
7010 1773
7014 1774
7018 1775
7022 1776
7026 1777
7030 1778
7034 1779
7038 1780
7042 1781
7046 1782
7050 1783
7054 1784
7058 1785
7062 1786
7066 1787
7070 1788
7074 1790
7078 1790
7082 1792
7086 1792
7090 1794
7094 1794
7098 1796
7102 1797
7106 1798
7110 1799
7114 1800
7118 1801
7122 1802
7126 1803
7130 1804
7134 1805
7138 1806
7142 1807
7146 1808
7150 1809
7154 1810
7158 1811
7162 1812
7166 1813
7170 1814
7174 1815
7178 1816
7182 1817
7186 1818
7190 1819
7194 1820
7198 1821
7202 1822
7206 1823
7210 1824
7214 1825
7218 1826
7222 1827
7226 1828
7230 1829
7234 1830
7238 1831
7242 1832
7246 1833
7250 1834
7254 1835
7258 1836
7262 1837
7266 1838
7270 1839
7274 1840
7278 1841
7282 1842
7286 1843
7290 1844
7294 1845
7298 1846
7302 1847
7306 1848
7310 1849
7314 1850
7318 1851
7322 1852
7326 1853
7330 1854
7334 1855
7338 1856
7342 1857
7346 1858
7350 1859
7354 1860
7358 1861
7362 1862
7366 1864
7370 1864
7374 1866
7378 1866
7382 1867
7386 1868
7390 1869
7394 1870
7398 1872
7402 1872
7406 1874
7410 1874
7414 1875
7418 1876
7422 1878
7426 1878
7430 1880
7434 1880
7438 1882
7442 1882
7446 1884
7450 1885
7454 1886
7458 1887
7462 1888
7466 1889
7470 1890
7474 1891
7478 1892
7482 1893
7486 1894
7490 1895
7494 1896
7498 1897
7502 1898
7506 1898
7510 1900
7514 1901
7518 1902
7522 1903
7526 1904
7530 1905
7534 1906
7538 1907
7542 1908
7546 1909
7550 1910
7554 1911
7558 1912
7562 1913
7566 1914
7570 1915
7574 1916
7578 1917
7582 1918
7586 1919
7590 1920
7594 1921
7598 1922
7602 1923
7606 1924
7610 1925
7614 1926
7618 1927
7622 1928
7626 1929
7630 1930
7634 1931
7638 1932
7642 1933
7646 1934
7650 1935
7654 1936
7658 1937
7662 1938
7666 1939
7670 1940
7674 1941
7678 1942
7682 1943
7686 1944
7690 1945
7694 1946
7698 1947
7702 1948
7706 1949
7710 1950
7714 1951
7718 1952
7722 1954
7726 1954
7730 1956
7734 1956
7738 1958
7742 1959
7746 1960
7750 1961
7754 1962
7758 1963
7762 1964
7766 1965
7770 1966
7774 1967
7778 1968
7782 1969
7786 1970
7790 1971
7794 1972
7798 1973
7802 1974
7806 1975
7810 1976
7814 1977
7818 1978
7822 1979
7826 1980
7830 1981
7834 1982
7838 1983
7842 1984
7846 1985
7850 1986
7854 1987
7858 1988
7862 1989
7866 1990
7870 1991
7874 1992
7878 1993
7882 1994
7886 1995
7890 1996
7894 1998
7898 1998
7902 2000
7906 2001
7910 2002
7914 2003
7918 2004
7922 2005
7926 2006
7930 2007
7934 2008
7938 2009
7942 2010
7946 2011
7950 2012
7954 2013
7958 2014
7962 2015
7966 2016
7970 2017
7974 2018
7978 2019
7982 2020
7986 2021
7990 2022
7994 2023
7998 2024
8002 2025
8006 2026
8010 2027
8014 2028
8018 2030
8022 2031
8026 2032
8030 2033
8034 2034
8038 2035
8042 2036
8046 2037
8050 2038
8054 2039
8058 2040
8062 2041
8066 2042
8070 2043
8074 2044
8078 2045
8082 2046
8086 2047
8090 2048
8094 2049
8098 2050
8102 2051
8106 2052
8110 2053
8114 2054
8118 2055
8122 2056
8126 2057
8130 2058
8134 2060
8138 2061
8142 2062
8146 2063
8150 2064
8154 2065
8158 2066
8162 2067
8166 2068
8170 2069
8174 2070
8178 2071
8182 2072
8186 2073
8190 2074
8194 2075
8198 2076
8202 2077
8206 2078
8210 2079
8214 2080
8218 2081
8222 2082
8226 2083
8230 2084
8234 2085
8238 2086
8242 2087
8246 2088
8250 2090
8254 2090
8258 2092
8262 2092
8266 2094
8270 2095
8274 2096
8278 2097
8282 2098
8286 2099
8290 2100
8294 2101
8298 2102
8302 2103
8306 2104
8310 2105
8314 2106
8318 2107
8322 2108
8326 2109
8330 2110
8334 2111
8338 2112
8342 2113
8346 2114
8350 2115
8354 2116
8358 2117
8362 2118
8366 2119
8370 2120
8374 2121
8378 2122
8382 2123
8386 2124
8390 2126
8394 2127
8398 2128
8402 2129
8406 2130
8410 2131
8414 2132
8418 2133
8422 2134
8426 2135
8430 2136
8434 2137
8438 2138
8442 2139
8446 2140
8450 2141
8454 2142
8458 2143
8462 2144
8466 2145
8470 2146
8474 2147
8478 2148
8482 2149
8486 2150
8490 2151
8494 2152
8498 2153
8502 2154
8506 2155
8510 2156
8514 2157
8518 2158
8522 2160
8526 2160
8530 2162
8534 2162
8538 2164
8542 2165
8546 2166
8550 2167
8554 2168
8558 2169
8562 2170
8566 2171
8570 2172
8574 2173
8578 2174
8582 2175
8586 2176
8590 2177
8594 2178
8598 2179
8602 2180
8606 2181
8610 2182
8614 2183
8618 2184
8622 2185
8626 2186
8630 2187
8634 2188
8638 2189
8642 2190
8646 2191
8650 2192
8654 2193
8658 2194
8662 2195
8666 2196
8670 2197
8674 2198
8678 2199
8682 2200
8686 2201
8690 2202
8694 2203
8698 2204
8702 2205
8706 2206
8710 2207
8714 2208
8718 2209
8722 2210
8726 2211
8730 2212
8734 2213
8738 2214
8742 2215
8746 2216
8750 2217
8754 2218
8758 2219
8762 2220
8766 2221
8770 2222
8774 2223
8778 2224
8782 2225
8786 2226
8790 2227
8794 2228
8798 2229
8802 2230
8806 2231
8810 2232
8814 2233
8818 2234
8822 2235
8826 2236
8830 2237
8834 2238
8838 2239
8842 2240
8846 2241
8850 2242
8854 2243
8858 2244
8862 2245
8866 2246
8870 2247
8874 2248
8878 2249
8882 2250
8886 2251
8890 2252
8894 2253
8898 2254
8902 2255
8906 2256
8910 2257
8914 2258
8918 2259
8922 2260
8926 2261
8930 2262
8934 2263
8938 2264
8942 2265
8946 2266
8950 2267
8954 2268
8958 2269
8962 2270
8966 2271
8970 2272
8974 2273
8978 2274
8982 2275
8986 2276
8990 2277
8994 2278
8998 2279
9002 2280
9006 2281
9010 2282
9014 2283
9018 2284
9022 2286
9026 2286
9030 2288
9034 2288
9038 2290
9042 2291
9046 2292
9050 2293
9054 2294
9058 2295
9062 2296
9066 2297
9070 2298
9074 2299
9078 2300
9082 2301
9086 2302
9090 2303
9094 2304
9098 2305
9102 2306
9106 2307
9110 2308
9114 2309
9118 2310
9122 2311
9126 2312
9130 2313
9134 2314
9138 2315
9142 2316
9146 2317
9150 2318
9154 2319
9158 2320
9162 2321
9166 2322
9170 2323
9174 2324
9178 2325
9182 2326
9186 2328
9190 2328
9194 2330
9198 2330
9202 2332
9206 2332
9210 2334
9214 2335
9218 2336
9222 2337
9226 2338
9230 2339
9234 2340
9238 2341
9242 2342
9246 2343
9250 2344
9254 2345
9258 2346
9262 2347
9266 2348
9270 2349
9274 2350
9278 2351
9282 2352
9286 2353
9290 2354
9294 2355
9298 2356
9302 2357
9306 2358
9310 2359
9314 2360
9318 2361
9322 2362
9326 2363
9330 2364
9334 2365
9338 2366
9342 2368
9346 2368
9350 2370
9354 2370
9358 2372
9362 2373
9366 2374
9370 2375
9374 2376
9378 2377
9382 2378
9386 2379
9390 2380
9394 2381
9398 2382
9402 2383
9406 2384
9410 2385
9414 2386
9418 2387
9422 2388
9426 2389
9430 2390
9434 2391
9438 2392
9442 2393
9446 2394
9450 2395
9454 2396
9458 2397
9462 2398
9466 2399
9470 2400
9474 2401
9478 2402
9482 2404
9486 2404
9490 2406
9494 2406
9498 2408
9502 2409
9506 2410
9510 2411
9514 2412
9518 2413
9522 2414
9526 2415
9530 2416
9534 2417
9538 2418
9542 2419
9546 2420
9550 2421
9554 2422
9558 2423
9562 2424
9566 2425
9570 2426
9574 2427
9578 2428
9582 2429
9586 2430
9590 2431
9594 2432
9598 2433
9602 2434
9606 2436
9610 2437
9614 2438
9618 2439
9622 2440
9626 2441
9630 2442
9634 2443
9638 2444
9642 2445
9646 2446
9650 2447
9654 2448
9658 2449
9662 2450
9666 2451
9670 2452
9674 2453
9678 2454
9682 2455
9686 2456
9690 2457
9694 2458
9698 2459
9702 2460
9706 2461
9710 2462
9714 2463
9718 2464
9722 2466
9726 2466
9730 2468
9734 2469
9738 2470
9742 2471
9746 2472
9750 2473
9754 2474
9758 2475
9762 2476
9766 2477
9770 2478
9774 2479
9778 2480
9782 2481
9786 2482
9790 2483
9794 2484
9798 2485
9802 2486
9806 2487
9810 2488
9814 2489
9818 2490
9822 2491
9826 2492
9830 2493
9834 2494
9838 2495
9842 2496
9846 2497
9850 2498
9854 2500
9858 2500
9862 2502
9866 2503
9870 2504
9874 2505
9878 2506
9882 2507
9886 2508
9890 2509
9894 2510
9898 2511
9902 2512
9906 2513
9910 2514
9914 2515
9918 2516
9922 2517
9926 2518
9930 2519
9934 2520
9938 2521
9942 2522
9946 2523
9950 2524
9954 2525
9958 2526
9962 2527
9966 2528
9970 2529
9974 2530
9978 2532
9982 2532
9986 2534
9990 2534
9994 2536
9998 2537
10002 2538
10006 2539
10010 2540
10014 2541
10018 2542
10022 2543
10026 2544
10030 2545
10034 2546
10038 2547
10042 2548
10046 2549
10050 2550
10054 2551
10058 2552
10062 2553
10066 2554
10070 2555
10074 2556
10078 2557
10082 2558
10086 2559
10090 2560
10094 2561
10098 2562
10102 2563
10106 2564
10110 2565
10114 2566
10118 2567
10122 2568
10126 2569
10130 2570
10134 2571
10138 2572
10142 2573
10146 2574
10150 2575
10154 2576
10158 2577
10162 2578
10166 2579
10170 2580
10174 2581
10178 2582
10182 2583
10186 2584
10190 2585
10194 2586
10198 2587
10202 2588
10206 2589
10210 2590
10214 2591
10218 2592
10222 2593
10226 2594
10230 2595
10234 2596
10238 2597
10242 2598
10246 2599
10250 2600
10254 2601
10258 2602
10262 2603
10266 2604
10270 2605
10274 2606
10278 2607
10282 2608
10286 2609
10290 2610
10294 2611
10298 2612
10302 2613
10306 2614
10310 2615
10314 2616
10318 2617
10322 2618
10326 2619
10330 2620
10334 2621
10338 2622
10342 2623
10346 2624
10350 2625
10354 2626
10358 2627
10362 2628
10366 2629
10370 2630
10374 2631
10378 2632
10382 2633
10386 2634
10390 2635
10394 2636
10398 2637
10402 2638
10406 2639
10410 2640
10414 2641
10418 2642
10422 2643
10426 2644
10430 2645
10434 2646
10438 2647
10442 2648
10446 2649
10450 2650
10454 2652
10458 2652
10462 2654
10466 2655
10470 2656
10474 2657
10478 2658
10482 2659
10486 2660
10490 2661
10494 2662
10498 2663
10502 2664
10506 2665
10510 2666
10514 2667
10518 2668
10522 2669
10526 2670
10530 2671
10534 2672
10538 2673
10542 2674
10546 2675
10550 2676
10554 2677
10558 2678
10562 2679
10566 2680
10570 2681
10574 2682
10578 2683
10582 2684
10586 2685
10590 2686
10594 2687
10598 2688
10602 2690
10606 2690
10610 2692
10614 2692
10618 2694
10622 2694
10626 2696
10630 2697
10634 2698
10638 2699
10642 2700
10646 2701
10650 2702
10654 2703
10658 2704
10662 2705
10666 2706
10670 2707
10674 2708
10678 2709
10682 2710
10686 2711
10690 2712
10694 2713
10698 2714
10702 2715
10706 2716
10710 2717
10714 2718
10718 2719
10722 2720
10726 2721
10730 2722
10734 2723
10738 2724
10742 2725
10746 2726
10750 2727
10754 2728
10758 2729
10762 2730
10766 2731
10770 2732
10774 2733
10778 2734
10782 2736
10786 2736
10790 2738
10794 2738
10798 2740
10802 2741
10806 2742
10810 2743
10814 2744
10818 2745
10822 2746
10826 2747
10830 2748
10834 2749
10838 2750
10842 2751
10846 2752
10850 2753
10854 2754
10858 2755
10862 2756
10866 2757
10870 2758
10874 2759
10878 2760
10882 2761
10886 2762
10890 2763
10894 2764
10898 2765
10902 2766
10906 2767
10910 2768
10914 2769
10918 2770
10922 2771
10926 2772
10930 2774
10934 2774
10938 2776
10942 2776
10946 2778
10950 2779
10954 2780
10958 2781
10962 2782
10966 2783
10970 2784
10974 2785
10978 2786
10982 2787
10986 2788
10990 2789
10994 2790
10998 2791
11002 2792
11006 2793
11010 2794
11014 2795
11018 2796
11022 2797
11026 2798
11030 2799
11034 2800
11038 2802
11042 2802
11046 2804
11050 2805
11054 2806
11058 2807
11062 2808
11066 2809
11070 2810
11074 2811
11078 2812
11082 2813
11086 2814
11090 2815
11094 2816
11098 2817
11102 2818
11106 2819
11110 2820
11114 2821
11118 2822
11122 2823
11126 2824
11130 2825
11134 2826
11138 2827
11142 2828
11146 2829
11150 2830
11154 2832
11158 2833
11162 2834
11166 2835
11170 2836
11174 2837
11178 2838
11182 2839
11186 2840
11190 2841
11194 2842
11198 2843
11202 2844
11206 2845
11210 2846
11214 2847
11218 2848
11222 2849
11226 2850
11230 2851
11234 2852
11238 2853
11242 2854
11246 2855
11250 2856
11254 2857
11258 2858
11262 2859
11266 2860
11270 2861
11274 2862
11278 2864
11282 2864
11286 2866
11290 2866
11294 2868
11298 2869
11302 2870
11306 2871
11310 2872
11314 2873
11318 2874
11322 2875
11326 2876
11330 2877
11334 2878
11338 2879
11342 2880
11346 2881
11350 2882
11354 2883
11358 2884
11362 2885
11366 2886
11370 2887
11374 2888
11378 2889
11382 2890
11386 2891
11390 2892
11394 2893
11398 2894
11402 2895
11406 2896
11410 2897
11414 2898
11418 2899
11422 2900
11426 2901
11430 2902
11434 2903
11438 2904
11442 2905
11446 2906
11450 2907
11454 2908
11458 2909
11462 2910
11466 2911
11470 2912
11474 2914
11478 2914
11482 2916
11486 2916
11490 2918
11494 2918
11498 2920
11502 2921
11506 2922
11510 2923
11514 2924
11518 2925
11522 2926
11526 2926
11530 2928
11534 2928
11538 2930
11542 2930
11546 2932
11550 2932
11554 2934
11558 2934
11562 2936
11566 2936
11570 2938
11574 2938
11578 2939
11582 2940
11586 2941
11590 2942
11594 2944
11598 2944
11602 2946
11606 2946
11610 2947
11614 2948
11618 2949
11622 2950
11626 2951
11630 2952
11634 2953
11638 2954
11642 2955
11646 2956
11650 2957
11654 2958
11658 2959
11662 2960
11666 2961
11670 2962
11674 2963
11678 2964
11682 2966
11686 2966
11690 2968
11694 2968
11698 2970
11702 2970
11706 2972
11710 2972
11714 2974
11718 2975
11722 2976
11726 2977
11730 2978
11734 2978
11738 2980
11742 2981
11746 2982
11750 2983
11754 2984
11758 2985
11762 2986
11766 2987
11770 2988
11774 2989
11778 2990
11782 2991
11786 2992
11790 2993
11794 2994
11798 2995
11802 2996
11806 2997
11810 2998
11814 2999
11818 3000
11822 3001
11826 3002
11830 3003
11834 3004
11838 3005
11842 3006
11846 3007
11850 3008
11854 3009
11858 3010
11862 3011
11866 3012
11870 3013
11874 3014
11878 3015
11882 3016
11886 3017
11890 3018
11894 3020
11898 3020
11902 3022
11906 3022
11910 3024
11914 3024
11918 3026
11922 3027
11926 3028
11930 3029
11934 3030
11938 3031
11942 3032
11946 3033
11950 3034
11954 3035
11958 3036
11962 3037
11966 3038
11970 3039
11974 3040
11978 3041
11982 3042
11986 3043
11990 3044
11994 3045
11998 3046
12002 3047
12006 3048
12010 3049
12014 3050
12018 3051
12022 3052
12026 3053
12030 3054
12034 3055
12038 3056
12042 3057
12046 3058
12050 3059
12054 3060
12058 3061
12062 3062
12066 3063
12070 3064
12074 3065
12078 3066
12082 3067
12086 3068
12090 3069
12094 3070
12098 3072
12102 3072
12106 3074
12110 3074
12114 3076
12118 3076
12122 3078
12126 3079
12130 3080
12134 3081
12138 3082
12142 3083
12146 3084
12150 3085
12154 3086
12158 3087
12162 3088
12166 3089
12170 3090
12174 3091
12178 3092
12182 3093
12186 3094
12190 3095
12194 3096
12198 3097
12202 3098
12206 3099
12210 3100
12214 3101
12218 3102
12222 3103
12226 3104
12230 3105
12234 3106
12238 3107
12242 3108
12246 3109
12250 3110
12254 3111
12258 3112
12262 3114
12266 3114
12270 3116
12274 3117
12278 3118
12282 3119
12286 3120
12290 3121
12294 3122
12298 3123
12302 3124
12306 3125
12310 3126
12314 3127
12318 3128
12322 3129
12326 3130
12330 3131
12334 3132
12338 3133
12342 3134
12346 3135
12350 3136
12354 3137
12358 3138
12362 3139
12366 3140
12370 3141
12374 3142
12378 3143
12382 3144
12386 3146
12390 3146
12394 3148
12398 3149
12402 3150
12406 3151
12410 3152
12414 3153
12418 3154
12422 3155
12426 3156
12430 3157
12434 3158
12438 3159
12442 3160
12446 3161
12450 3162
12454 3163
12458 3164
12462 3165
12466 3166
12470 3167
12474 3168
12478 3169
12482 3170
12486 3171
12490 3172
12494 3174
12498 3174
12502 3176
12506 3177
12510 3178
12514 3179
12518 3180
12522 3181
12526 3182
12530 3183
12534 3184
12538 3185
12542 3186
12546 3187
12550 3188
12554 3189
12558 3190
12562 3191
12566 3192
12570 3193
12574 3194
12578 3195
12582 3196
12586 3197
12590 3198
12594 3200
12598 3200
12602 3202
12606 3202
12610 3204
12614 3205
12618 3206
12622 3207
12626 3208
12630 3209
12634 3210
12638 3211
12642 3212
12646 3213
12650 3214
12654 3215
12658 3216
12662 3217
12666 3218
12670 3219
12674 3220
12678 3221
12682 3222
12686 3223
12690 3224
12694 3225
12698 3226
12702 3227
12706 3228
12710 3229
12714 3230
12718 3231
12722 3232
12726 3233
12730 3234
12734 3236
12738 3236
12742 3238
12746 3238
12750 3240
12754 3240
12758 3242
12762 3243
12766 3244
12770 3245
12774 3246
12778 3247
12782 3248
12786 3249
12790 3250
12794 3251
12798 3252
12802 3253
12806 3254
12810 3255
12814 3256
12818 3257
12822 3258
12826 3259
12830 3260
12834 3261
12838 3262
12842 3263
12846 3264
12850 3265
12854 3266
12858 3267
12862 3268
12866 3269
12870 3270
12874 3271
12878 3272
12882 3273
12886 3274
12890 3275
12894 3276
12898 3277
12902 3278
12906 3279
12910 3280
12914 3281
12918 3282
12922 3283
12926 3284
12930 3285
12934 3286
12938 3287
12942 3288
12946 3289
12950 3290
12954 3291
12958 3292
12962 3293
12966 3294
12970 3295
12974 3296
12978 3297
12982 3298
12986 3299
12990 3300
12994 3301
12998 3302
13002 3303
13006 3304
13010 3305
13014 3306
13018 3307
13022 3308
13026 3309
13030 3310
13034 3311
13038 3312
13042 3313
13046 3314
13050 3315
13054 3316
13058 3317
13062 3318
13066 3319
13070 3320
13074 3321
13078 3322
13082 3323
13086 3324
13090 3325
13094 3326
13098 3327
13102 3328
13106 3329
13110 3330
13114 3331
13118 3332
13122 3333
13126 3334
13130 3335
13134 3336
13138 3337
13142 3338
13146 3339
13150 3340
13154 3341
13158 3342
13162 3343
13166 3344
13170 3345
13174 3346
13178 3347
13182 3348
13186 3350
13190 3350
13194 3352
13198 3352
13202 3354
13206 3355
13210 3356
13214 3357
13218 3358
13222 3359
13226 3360
13230 3361
13234 3362
13238 3363
13242 3364
13246 3365
13250 3366
13254 3367
13258 3368
13262 3369
13266 3370
13270 3371
13274 3372
13278 3373
13282 3374
13286 3375
13290 3376
13294 3377
13298 3378
13302 3379
13306 3380
13310 3381
13314 3382
13318 3383
13322 3384
13326 3385
13330 3386
13334 3387
13338 3388
13342 3389
13346 3390
13350 3391
13354 3392
13358 3393
13362 3394
13366 3395
13370 3396
13374 3397
13378 3398
13382 3400
13386 3400
13390 3402
13394 3402
13398 3404
13402 3405
13406 3406
13410 3406
13414 3408
13418 3409
13422 3410
13426 3411
13430 3412
13434 3413
13438 3414
13442 3415
13446 3416
13450 3417
13454 3418
13458 3419
13462 3420
13466 3421
13470 3422
13474 3423
13478 3424
13482 3425
13486 3426
13490 3427
13494 3428
13498 3429
13502 3430
13506 3431
13510 3432
13514 3433
13518 3434
13522 3435
13526 3436
13530 3437
13534 3438
13538 3439
13542 3440
13546 3441
13550 3442
13554 3443
13558 3444
13562 3445
13566 3446
13570 3447
13574 3448
13578 3449
13582 3450
13586 3451
13590 3452
13594 3453
13598 3454
13602 3456
13606 3456
13610 3458
13614 3458
13618 3460
13622 3461
13626 3462
13630 3463
13634 3464
13638 3465
13642 3466
13646 3467
13650 3468
13654 3469
13658 3470
13662 3471
13666 3472
13670 3473
13674 3474
13678 3475
13682 3476
13686 3477
13690 3478
13694 3479
13698 3480
13702 3481
13706 3482
13710 3483
13714 3484
13718 3485
13722 3486
13726 3488
13730 3488
13734 3490
13738 3491
13742 3492
13746 3493
13750 3494
13754 3495
13758 3496
13762 3497
13766 3498
13770 3499
13774 3500
13778 3501
13782 3502
13786 3503
13790 3504
13794 3505
13798 3506
13802 3507
13806 3508
13810 3509
13814 3510
13818 3511
13822 3512
13826 3514
13830 3515
13834 3516
13838 3517
13842 3518
13846 3519
13850 3520
13854 3521
13858 3522
13862 3523
13866 3524
13870 3525
13874 3526
13878 3527
13882 3528
13886 3529
13890 3530
13894 3531
13898 3532
13902 3533
13906 3534
13910 3535
13914 3536
13918 3537
13922 3538
13926 3539
13930 3540
13934 3541
13938 3542
13942 3544
13946 3545
13950 3546
13954 3547
13958 3548
13962 3549
13966 3550
13970 3551
13974 3552
13978 3553
13982 3554
13986 3555
13990 3556
13994 3557
13998 3558
14002 3559
14006 3560
14010 3561
14014 3562
14018 3563
14022 3564
14026 3565
14030 3566
14034 3567
14038 3568
14042 3569
14046 3570
14050 3571
14054 3572
14058 3573
14062 3574
14066 3575
14070 3576
14074 3577
14078 3578
14082 3579
14086 3580
14090 3582
14094 3582
14098 3584
14102 3584
14106 3586
14110 3586
14114 3588
14118 3589
14122 3590
14126 3591
14130 3592
14134 3593
14138 3594
14142 3595
14146 3596
14150 3597
14154 3598
14158 3599
14162 3600
14166 3601
14170 3602
14174 3603
14178 3604
14182 3605
14186 3606
14190 3607
14194 3608
14198 3609
14202 3610
14206 3611
14210 3612
14214 3613
14218 3614
14222 3615
14226 3616
14230 3617
14234 3618
14238 3619
14242 3620
14246 3621
14250 3622
14254 3623
14258 3624
14262 3625
14266 3626
14270 3627
14274 3628
14278 3629
14282 3630
14286 3631
14290 3632
14294 3634
14298 3634
14302 3636
14306 3637
14310 3638
14314 3639
14318 3640
14322 3641
14326 3642
14330 3643
14334 3644
14338 3645
14342 3646
14346 3647
14350 3648
14354 3649
14358 3650
14362 3651
14366 3652
14370 3653
14374 3654
14378 3655
14382 3656
14386 3657
14390 3658
14394 3659
14398 3660
14402 3661
14406 3662
14410 3663
14414 3664
14418 3665
14422 3666
14426 3667
14430 3668
14434 3669
14438 3670
14442 3671
14446 3672
14450 3673
14454 3674
14458 3675
14462 3676
14466 3677
14470 3678
14474 3679
14478 3680
14482 3681
14486 3682
14490 3683
14494 3684
14498 3685
14502 3686
14506 3687
14510 3688
14514 3689
14518 3690
14522 3691
14526 3692
14530 3693
14534 3694
14538 3695
14542 3696
14546 3697
14550 3698
14554 3699
14558 3700
14562 3701
14566 3702
14570 3703
14574 3704
14578 3705
14582 3706
14586 3707
14590 3708
14594 3709
14598 3710
14602 3711
14606 3712
14610 3713
14614 3714
14618 3715
14622 3716
14626 3717
14630 3718
14634 3719
14638 3720
14642 3721
14646 3722
14650 3723
14654 3724
14658 3725
14662 3726
14666 3727
14670 3728
14674 3729
14678 3730
14682 3731
14686 3732
14690 3733
14694 3734
14698 3735
14702 3736
14706 3737
14710 3738
14714 3739
14718 3740
14722 3742
14726 3742
14730 3744
14734 3744
14738 3746
14742 3747
14746 3748
14750 3748
14754 3750
14758 3751
14762 3752
14766 3753
14770 3754
14774 3755
14778 3756
14782 3757
14786 3758
14790 3759
14794 3760
14798 3761
14802 3762
14806 3763
14810 3764
14814 3765
14818 3766
14822 3767
14826 3768
14830 3769
14834 3770
14838 3771
14842 3772
14846 3773
14850 3774
14854 3775
14858 3776
14862 3777
14866 3778
14870 3779
14874 3780
14878 3781
14882 3782
14886 3783
14890 3784
14894 3785
14898 3786
14902 3787
14906 3788
14910 3789
14914 3790
14918 3792
14922 3792
14926 3794
14930 3794
14934 3796
14938 3796
14942 3798
14946 3799
14950 3800
14954 3801
14958 3802
14962 3803
14966 3804
14970 3805
14974 3806
14978 3807
14982 3808
14986 3809
14990 3810
14994 3811
14998 3812
15002 3813
15006 3814
15010 3815
15014 3816
15018 3817
15022 3818
15026 3819
15030 3820
15034 3821
15038 3822
15042 3823
15046 3824
15050 3825
15054 3826
15058 3828
15062 3829
15066 3830
15070 3831
15074 3832
15078 3833
15082 3834
15086 3835
15090 3836
15094 3837
15098 3838
15102 3839
15106 3840
15110 3841
15114 3842
15118 3843
15122 3844
15126 3845
15130 3846
15134 3847
15138 3848
15142 3849
15146 3850
15150 3851
15154 3852
15158 3853
15162 3854
15166 3855
15170 3856
15174 3858
15178 3859
15182 3860
15186 3861
15190 3862
15194 3863
15198 3864
15202 3865
15206 3866
15210 3867
15214 3868
15218 3869
15222 3870
15226 3871
15230 3872
15234 3873
15238 3874
15242 3875
15246 3876
15250 3877
15254 3878
15258 3879
15262 3880
15266 3881
15270 3882
15274 3884
15278 3884
15282 3886
15286 3886
15290 3888
15294 3889
15298 3890
15302 3891
15306 3892
15310 3893
15314 3894
15318 3895
15322 3896
15326 3897
15330 3898
15334 3899
15338 3900
15342 3901
15346 3902
15350 3903
15354 3904
15358 3905
15362 3906
15366 3907
15370 3908
15374 3909
15378 3910
15382 3911
15386 3912
15390 3913
15394 3914
15398 3915
15402 3916
15406 3917
15410 3918
15414 3920
15418 3920
15422 3922
15426 3923
15430 3924
15434 3925
15438 3926
15442 3927
15446 3928
15450 3929
15454 3930
15458 3931
15462 3932
15466 3933
15470 3934
15474 3935
15478 3936
15482 3937
15486 3938
15490 3939
15494 3940
15498 3941
15502 3942
15506 3943
15510 3944
15514 3945
15518 3946
15522 3947
15526 3948
15530 3949
15534 3950
15538 3951
15542 3952
15546 3953
15550 3954
15554 3956
15558 3956
15562 3958
15566 3959
15570 3960
15574 3961
15578 3962
15582 3963
15586 3964
15590 3965
15594 3966
15598 3967
15602 3968
15606 3969
15610 3970
15614 3971
15618 3972
15622 3973
15626 3974
15630 3975
15634 3976
15638 3977
15642 3978
15646 3979
15650 3980
15654 3981
15658 3982
15662 3983
15666 3984
15670 3985
15674 3986
15678 3987
15682 3988
15686 3989
15690 3990
15694 3991
15698 3992
15702 3993
15706 3994
15710 3995
15714 3996
15718 3997
15722 3998
15726 3999
15730 4000
15734 4001
15738 4002
15742 4003
15746 4004
15750 4005
15754 4006
15758 4007
15762 4008
15766 4009
15770 4010
15774 4011
15778 4012
15782 4013
15786 4014
15790 4015
15794 4016
15798 4017
15802 4018
15806 4019
15810 4020
15814 4021
15818 4022
15822 4023
15826 4024
15830 4025
15834 4026
15838 4027
15842 4028
15846 4029
15850 4030
15854 4031
15858 4032
15862 4033
15866 4034
15870 4035
15874 4036
15878 4037
15882 4038
15886 4039
15890 4040
15894 4041
15898 4042
15902 4043
15906 4044
15910 4045
15914 4046
15918 4047
15922 4048
15926 4049
15930 4050
15934 4051
15938 4052
15942 4053
15946 4054
15950 4055
15954 4056
15958 4057
15962 4058
15966 4059
15970 4060
15974 4061
15978 4062
15982 4063
15986 4064
15990 4065
15994 4066
15998 4067
16002 4068
16006 4069
16010 4070
16014 4071
16018 4072
16022 4073
16026 4074
16030 4075
16034 4076
16038 4078
16042 4078
16046 4080
16050 4080
16054 4082
16058 4082
16062 4084
16066 4084
16070 4086
16074 4086
16078 4088
16082 4088
16086 4090
16090 4091
16094 4092
16098 4093
16102 4094
16106 4095
16110 4096
16114 4097
16118 4098
16122 4099
16126 4100
16130 4101
16134 4102
16138 4103
16142 4104
16146 4105
16150 4106
16154 4107
16158 4108
16162 4109
16166 4110
16170 4111
16174 4112
16178 4113
16182 4114
16186 4115
16190 4116
16194 4117
16198 4118
16202 4119
16206 4120
16210 4121
16214 4122
16218 4123
16222 4124
16226 4125
16230 4126
16234 4127
16238 4128
16242 4130
16246 4130
16250 4132
16254 4132
16258 4134
16262 4134
16266 4136
16270 4137
16274 4138
16278 4139
16282 4140
16286 4141
16290 4142
16294 4143
16298 4144
16302 4145
16306 4146
16310 4147
16314 4148
16318 4149
16322 4150
16326 4151
16330 4152
16334 4153
16338 4154
16342 4155
16346 4156
16350 4157
16354 4158
16358 4159
16362 4160
16366 4161
16370 4162
16374 4163
16378 4164
16382 4165
16386 4166
16390 4168
16394 4168
16398 4170
16402 4170
16406 4172
16410 4173
16414 4174
16418 4175
16422 4176
16426 4177
16430 4178
16434 4179
16438 4180
16442 4181
16446 4182
16450 4183
16454 4184
16458 4185
16462 4186
16466 4187
16470 4188
16474 4189
16478 4190
16482 4191
16486 4192
16490 4193
16494 4194
16498 4195
16502 4196
16506 4197
16510 4198
16514 4199
16518 4200
16522 4201
16526 4202
16530 4203
16534 4204
16538 4206
16542 4206
16546 4208
16550 4208
16554 4210
16558 4211
16562 4212
16566 4213
16570 4214
16574 4215
16578 4216
16582 4217
16586 4218
16590 4219
16594 4220
16598 4221
16602 4222
16606 4223
16610 4224
16614 4225
16618 4226
16622 4227
16626 4228
16630 4229
16634 4230
16638 4231
16642 4232
16646 4233
16650 4234
16654 4235
16658 4236
16662 4238
16666 4238
16670 4240
16674 4241
16678 4242
16682 4243
16686 4244
16690 4245
16694 4246
16698 4247
16702 4248
16706 4249
16710 4250
16714 4251
16718 4252
16722 4253
16726 4254
16730 4255
16734 4256
16738 4257
16742 4258
16746 4259
16750 4260
16754 4261
16758 4262
16762 4263
16766 4264
16770 4265
16774 4266
16778 4268
16782 4268
16786 4270
16790 4271
16794 4272
16798 4273
16802 4274
16806 4275
16810 4276
16814 4277
16818 4278
16822 4279
16826 4280
16830 4281
16834 4282
16838 4283
16842 4284
16846 4285
16850 4286
16854 4287
16858 4288
16862 4289
16866 4290
16870 4291
16874 4292
16878 4293
16882 4294
16886 4295
16890 4296
16894 4297
16898 4298
16902 4299
16906 4300
16910 4302
16914 4303
16918 4304
16922 4305
16926 4306
16930 4307
16934 4308
16938 4309
16942 4310
16946 4311
16950 4312
16954 4313
16958 4314
16962 4315
16966 4316
16970 4317
16974 4318
16978 4319
16982 4320
16986 4321
16990 4322
16994 4323
16998 4324
17002 4325
17006 4326
17010 4327
17014 4328
17018 4329
17022 4330
17026 4332
17030 4332
17034 4334
17038 4334
17042 4336
17046 4336
17050 4338
17054 4339
17058 4340
17062 4341
17066 4342
17070 4343
17074 4344
17078 4345
17082 4346
17086 4347
17090 4348
17094 4349
17098 4350
17102 4351
17106 4352
17110 4353
17114 4354
17118 4355
17122 4356
17126 4357
17130 4358
17134 4359
17138 4360
17142 4361
17146 4362
17150 4363
17154 4364
17158 4365
17162 4366
17166 4367
17170 4368
17174 4369
17178 4370
17182 4371
17186 4372
17190 4373
17194 4374
17198 4375
17202 4376
17206 4377
17210 4378
17214 4379
17218 4380
17222 4381
17226 4382
17230 4383
17234 4384
17238 4385
17242 4386
17246 4387
17250 4388
17254 4389
17258 4390
17262 4391
17266 4392
17270 4393
17274 4394
17278 4395
17282 4396
17286 4397
17290 4398
17294 4399
17298 4400
17302 4401
17306 4402
17310 4403
17314 4404
17318 4405
17322 4406
17326 4407
17330 4408
17334 4409
17338 4410
17342 4411
17346 4412
17350 4413
17354 4414
17358 4415
17362 4416
17366 4417
17370 4418
17374 4419
17378 4420
17382 4421
17386 4422
17390 4423
17394 4424
17398 4425
17402 4426
17406 4427
17410 4428
17414 4429
17418 4430
17422 4431
17426 4432
17430 4433
17434 4434
17438 4435
17442 4436
17446 4437
17450 4438
17454 4439
17458 4440
17462 4441
17466 4442
17470 4443
17474 4444
17478 4445
17482 4446
17486 4447
17490 4448
17494 4449
17498 4450
17502 4451
17506 4452
17510 4453
17514 4454
17518 4455
17522 4456
17526 4457
17530 4458
17534 4460
17538 4460
17542 4462
17546 4462
17550 4464
17554 4464
17558 4466
17562 4467
17566 4468
17570 4469
17574 4470
17578 4471
17582 4472
17586 4473
17590 4474
17594 4475
17598 4476
17602 4477
17606 4478
17610 4479
17614 4480
17618 4481
17622 4482
17626 4483
17630 4484
17634 4485
17638 4486
17642 4487
17646 4488
17650 4489
17654 4490
17658 4491
17662 4492
17666 4493
17670 4494
17674 4495
17678 4496
17682 4497
17686 4498
17690 4499
17694 4500
17698 4501
17702 4502
17706 4503
17710 4504
17714 4506
17718 4506
17722 4508
17726 4508
17730 4510
17734 4511
17738 4512
17742 4513
17746 4514
17750 4515
17754 4516
17758 4517
17762 4518
17766 4519
17770 4520
17774 4521
17778 4522
17782 4523
17786 4524
17790 4525
17794 4526
17798 4527
17802 4528
17806 4529
17810 4530
17814 4531
17818 4532
17822 4533
17826 4534
17830 4535
17834 4536
17838 4537
17842 4538
17846 4539
17850 4540
17854 4541
17858 4542
17862 4543
17866 4544
17870 4545
17874 4546
17878 4547
17882 4548
17886 4550
17890 4550
17894 4552
17898 4552
17902 4554
17906 4555
17910 4556
17914 4557
17918 4558
17922 4559
17926 4560
17930 4561
17934 4562
17938 4563
17942 4564
17946 4565
17950 4566
17954 4567
17958 4568
17962 4569
17966 4570
17970 4571
17974 4572
17978 4573
17982 4574
17986 4575
17990 4576
17994 4577
17998 4578
18002 4579
18006 4580
18010 4581
18014 4582
18018 4583
18022 4584
18026 4586
18030 4587
18034 4588
18038 4589
18042 4590
18046 4591
18050 4592
18054 4593
18058 4594
18062 4595
18066 4596
18070 4597
18074 4598
18078 4599
18082 4600
18086 4601
18090 4602
18094 4603
18098 4604
18102 4605
18106 4606
18110 4607
18114 4608
18118 4610
18122 4610
18126 4612
18130 4612
18134 4614
18138 4615
18142 4616
18146 4617
18150 4618
18154 4619
18158 4620
18162 4621
18166 4622
18170 4623
18174 4624
18178 4625
18182 4626
18186 4627
18190 4628
18194 4629
18198 4630
18202 4631
18206 4632
18210 4633
18214 4634
18218 4635
18222 4636
18226 4637
18230 4638
18234 4640
18238 4640
18242 4642
18246 4643
18250 4644
18254 4645
18258 4646
18262 4647
18266 4648
18270 4649
18274 4650
18278 4651
18282 4652
18286 4653
18290 4654
18294 4655
18298 4656
18302 4657
18306 4658
18310 4659
18314 4660
18318 4661
18322 4662
18326 4663
18330 4664
18334 4665
18338 4666
18342 4667
18346 4668
18350 4670
18354 4670
18358 4672
18362 4672
18366 4674
18370 4674
18374 4676
18378 4677
18382 4678
18386 4679
18390 4680
18394 4681
18398 4682
18402 4683
18406 4684
18410 4685
18414 4686
18418 4687
18422 4688
18426 4689
18430 4690
18434 4691
18438 4692
18442 4693
18446 4694
18450 4695
18454 4696
18458 4697
18462 4698
18466 4699
18470 4700
18474 4701
18478 4702
18482 4703
18486 4704
18490 4705
18494 4706
18498 4707
18502 4708
18506 4709
18510 4710
18514 4711
18518 4712
18522 4713
18526 4714
18530 4715
18534 4716
18538 4717
18542 4718
18546 4719
18550 4720
18554 4721
18558 4722
18562 4723
18566 4724
18570 4725
18574 4726
18578 4727
18582 4728
18586 4729
18590 4730
18594 4731
18598 4732
18602 4733
18606 4734
18610 4735
18614 4736
18618 4737
18622 4738
18626 4739
18630 4740
18634 4741
18638 4742
18642 4743
18646 4744
18650 4745
18654 4746
18658 4747
18662 4748
18666 4749
18670 4750
18674 4751
18678 4752
18682 4753
18686 4754
18690 4755
18694 4756
18698 4757
18702 4758
18706 4759
18710 4760
18714 4761
18718 4762
18722 4763
18726 4764
18730 4765
18734 4766
18738 4767
18742 4768
18746 4769
18750 4770
18754 4771
18758 4772
18762 4773
18766 4774
18770 4775
18774 4776
18778 4777
18782 4778
18786 4779
18790 4780
18794 4781
18798 4782
18802 4783
18806 4784
18810 4785
18814 4786
18818 4787
18822 4788
18826 4789
18830 4790
18834 4791
18838 4792
18842 4793
18846 4794
18850 4795
18854 4796
18858 4797
18862 4798
18866 4800
18870 4800
18874 4802
18878 4802
18882 4804
18886 4804
18890 4806
18894 4807
18898 4808
18902 4809
18906 4810
18910 4811
18914 4812
18918 4813
18922 4814
18926 4815
18930 4816
18934 4817
18938 4818
18942 4819
18946 4820
18950 4821
18954 4822
18958 4823
18962 4824
18966 4825
18970 4826
18974 4827
18978 4828
18982 4829
18986 4830
18990 4831
18994 4832
18998 4833
19002 4834
19006 4835
19010 4836
19014 4837
19018 4838
19022 4839
19026 4840
19030 4841
19034 4842
19038 4844
19042 4844
19046 4846
19050 4846
19054 4848
19058 4848
19062 4850
19066 4850
19070 4852
19074 4852
19078 4854
19082 4855
19086 4856
19090 4857
19094 4858
19098 4859
19102 4860
19106 4861
19110 4862
19114 4863
19118 4864
19122 4865
19126 4866
19130 4867
19134 4868
19138 4869
19142 4870
19146 4871
19150 4872
19154 4873
19158 4874
19162 4875
19166 4876
19170 4877
19174 4878
19178 4879
19182 4880
19186 4881
19190 4882
19194 4883
19198 4884
19202 4885
19206 4886
19210 4887
19214 4888
19218 4889
19222 4890
19226 4891
19230 4892
19234 4893
19238 4894
19242 4895
19246 4896
19250 4897
19254 4898
19258 4899
19262 4900
19266 4902
19270 4903
19274 4904
19278 4905
19282 4906
19286 4907
19290 4908
19294 4909
19298 4910
19302 4911
19306 4912
19310 4913
19314 4914
19318 4915
19322 4916
19326 4917
19330 4918
19334 4919
19338 4920
19342 4921
19346 4922
19350 4923
19354 4924
19358 4925
19362 4926
19366 4927
19370 4928
19374 4929
19378 4930
19382 4932
19386 4933
19390 4934
19394 4935
19398 4936
19402 4937
19406 4938
19410 4939
19414 4940
19418 4941
19422 4942
19426 4943
19430 4944
19434 4945
19438 4946
19442 4947
19446 4948
19450 4949
19454 4950
19458 4951
19462 4952
19466 4953
19470 4954
19474 4955
19478 4956
19482 4958
19486 4958
19490 4960
19494 4961
19498 4962
19502 4963
19506 4964
19510 4965
19514 4966
19518 4967
19522 4968
19526 4969
19530 4970
19534 4971
19538 4972
19542 4973
19546 4974
19550 4975
19554 4976
19558 4977
19562 4978
19566 4979
19570 4980
19574 4981
19578 4982
19582 4984
19586 4985
19590 4986
19594 4987
19598 4988
19602 4989
19606 4990
19610 4991
19614 4992
19618 4993
19622 4994
19626 4995
19630 4996
19634 4997
19638 4998
19642 4999
19646 5000
19650 5001
19654 5002
19658 5003
19662 5004
19666 5005
19670 5006
19674 5007
19678 5008
19682 5009
19686 5010
19690 5011
19694 5012
19698 5013
19702 5014
19706 5016
19710 5016
19714 5018
19718 5018
19722 5020
19726 5021
19730 5022
19734 5023
19738 5024
19742 5025
19746 5026
19750 5027
19754 5028
19758 5029
19762 5030
19766 5031
19770 5032
19774 5033
19778 5034
19782 5035
19786 5036
19790 5037
19794 5038
19798 5039
19802 5040
19806 5041
19810 5042
19814 5043
19818 5044
19822 5045
19826 5046
19830 5047
19834 5048
19838 5049
19842 5050
19846 5051
19850 5052
19854 5053
19858 5054
19862 5055
19866 5056
19870 5057
19874 5058
19878 5059
19882 5060
19886 5061
19890 5062
19894 5063
19898 5064
19902 5065
19906 5066
19910 5067
19914 5068
19918 5070
19922 5070
19926 5071
19930 5072
19934 5074
19938 5074
19942 5076
19946 5076
19950 5078
19954 5078
19958 5080
19962 5080
19966 5082
19970 5082
19974 5084
19978 5084
19982 5086
19986 5086
19990 5088
19994 5088
19998 5090
20002 5090
20006 5092
20010 5092
20014 5094
20018 5094
20022 5096
20026 5097
20030 5098
20034 5099
20038 5100
20042 5101
20046 5102
20050 5103
20054 5104
20058 5105
20062 5106
20066 5107
20070 5108
20074 5109
20078 5110
20082 5111
20086 5112
20090 5113
20094 5114
20098 5115
20102 5116
20106 5116
20110 5118
20114 5119
20118 5120
20122 5121
20126 5122
20130 5123
20134 5124
20138 5125
20142 5126
20146 5127
20150 5128
20154 5129
20158 5130
20162 5131
20166 5132
20170 5133
20174 5134
20178 5135
20182 5136
20186 5137
20190 5138
20194 5139
20198 5140
20202 5141
20206 5142
20210 5143
20214 5144
20218 5145
20222 5146
20226 5147
20230 5148
20234 5149
20238 5150
20242 5151
20246 5152
20250 5153
20254 5154
20258 5155
20262 5156
20266 5157
20270 5158
20274 5159
20278 5160
20282 5161
20286 5162
20290 5163
20294 5164
20298 5165
20302 5166
20306 5167
20310 5168
20314 5169
20318 5170
20322 5171
20326 5172
20330 5173
20334 5174
20338 5175
20342 5176
20346 5177
20350 5178
20354 5180
20358 5180
20362 5182
20366 5182
20370 5184
20374 5184
20378 5186
20382 5187
20386 5188
20390 5189
20394 5190
20398 5191
20402 5192
20406 5193
20410 5194
20414 5195
20418 5196
20422 5197
20426 5198
20430 5199
20434 5200
20438 5201
20442 5202
20446 5203
20450 5204
20454 5205
20458 5206
20462 5207
20466 5208
20470 5209
20474 5210
20478 5211
20482 5212
20486 5213
20490 5214
20494 5215
20498 5216
20502 5217
20506 5218
20510 5219
20514 5220
20518 5221
20522 5222
20526 5223
20530 5224
20534 5225
20538 5226
20542 5227
20546 5228
20550 5229
20554 5230
20558 5232
20562 5232
20566 5234
20570 5234
20574 5236
20578 5236
20582 5238
20586 5239
20590 5240
20594 5241
20598 5242
20602 5243
20606 5244
20610 5245
20614 5246
20618 5247
20622 5248
20626 5249
20630 5250
20634 5251
20638 5252
20642 5253
20646 5254
20650 5255
20654 5256
20658 5257
20662 5258
20666 5259
20670 5260
20674 5261
20678 5262
20682 5263
20686 5264
20690 5265
20694 5266
20698 5267
20702 5268
20706 5270
20710 5270
20714 5272
20718 5272
20722 5274
20726 5275
20730 5276
20734 5277
20738 5278
20742 5279
20746 5280
20750 5281
20754 5282
20758 5283
20762 5284
20766 5285
20770 5286
20774 5287
20778 5288
20782 5289
20786 5290
20790 5291
20794 5292
20798 5293
20802 5294
20806 5295
20810 5296
20814 5297
20818 5298
20822 5300
20826 5300
20830 5302
20834 5302
20838 5304
20842 5305
20846 5306
20850 5307
20854 5308
20858 5309
20862 5310
20866 5311
20870 5312
20874 5313
20878 5314
20882 5315
20886 5316
20890 5317
20894 5318
20898 5319
20902 5320
20906 5321
20910 5322
20914 5323
20918 5324
20922 5325
20926 5326
20930 5328
20934 5328
20938 5330
20942 5331
20946 5332
20950 5333
20954 5334
20958 5335
20962 5336
20966 5337
20970 5338
20974 5339
20978 5340
20982 5341
20986 5342
20990 5343
20994 5344
20998 5345
21002 5346
21006 5347
21010 5348
21014 5349
21018 5350
21022 5351
21026 5352
21030 5353
21034 5354
21038 5355
21042 5356
21046 5357
21050 5358
21054 5360
21058 5360
21062 5362
21066 5362
21070 5364
21074 5365
21078 5366
21082 5367
21086 5368
21090 5369
21094 5370
21098 5371
21102 5372
21106 5373
21110 5374
21114 5375
21118 5376
21122 5377
21126 5378
21130 5379
21134 5380
21138 5381
21142 5382
21146 5383
21150 5384
21154 5385
21158 5386
21162 5387
21166 5388
21170 5389
21174 5390
21178 5391
21182 5392
21186 5393
21190 5394
21194 5395
21198 5396
21202 5397
21206 5398
21210 5399
21214 5400
21218 5401
21222 5402
21226 5404
21230 5404
21234 5406
21238 5406
21242 5408
21246 5409
21250 5410
21254 5411
21258 5412
21262 5413
21266 5414
21270 5415
21274 5416
21278 5417
21282 5418
21286 5419
21290 5420
21294 5421
21298 5422
21302 5423
21306 5424
21310 5425
21314 5426
21318 5427
21322 5428
21326 5429
21330 5430
21334 5431
21338 5432
21342 5433
21346 5434
21350 5435
21354 5436
21358 5437
21362 5438
21366 5439
21370 5440
21374 5441
21378 5442
21382 5443
21386 5444
21390 5445
21394 5446
21398 5447
21402 5448
21406 5449
21410 5450
21414 5451
21418 5452
21422 5453
21426 5454
21430 5455
21434 5456
21438 5457
21442 5458
21446 5459
21450 5460
21454 5461
21458 5462
21462 5463
21466 5464
21470 5465
21474 5466
21478 5467
21482 5468
21486 5469
21490 5470
21494 5471
21498 5472
21502 5473
21506 5474
21510 5475
21514 5476
21518 5477
21522 5478
21526 5479
21530 5480
21534 5481
21538 5482
21542 5483
21546 5484
21550 5485
21554 5486
21558 5487
21562 5488
21566 5489
21570 5490
21574 5491
21578 5492
21582 5493
21586 5494
21590 5495
21594 5496
21598 5497
21602 5498
21606 5499
21610 5500
21614 5501
21618 5502
21622 5503
21626 5504
21630 5505
21634 5506
21638 5507
21642 5508
21646 5509
21650 5510
21654 5511
21658 5512
21662 5513
21666 5514
21670 5515
21674 5516
21678 5517
21682 5518
21686 5519
21690 5520
21694 5521
21698 5522
21702 5523
21706 5524
21710 5525
21714 5526
21718 5527
21722 5528
21726 5529
21730 5530
21734 5531
21738 5532
21742 5534
21746 5534
21750 5536
21754 5536
21758 5538
21762 5539
21766 5540
21770 5541
21774 5542
21778 5543
21782 5544
21786 5545
21790 5546
21794 5547
21798 5548
21802 5549
21806 5550
21810 5551
21814 5552
21818 5553
21822 5554
21826 5555
21830 5556
21834 5557
21838 5558
21842 5559
21846 5560
21850 5561
21854 5562
21858 5563
21862 5564
21866 5565
21870 5566
21874 5567
21878 5568
21882 5569
21886 5570
21890 5571
21894 5572
21898 5573
21902 5574
21906 5575
21910 5576
21914 5577
21918 5578
21922 5579
21926 5580
21930 5581
21934 5582
21938 5583
21942 5584
21946 5586
21950 5586
21954 5588
21958 5588
21962 5590
21966 5591
21970 5592
21974 5593
21978 5594
21982 5595
21986 5596
21990 5597
21994 5598
21998 5599
22002 5600
22006 5601
22010 5602
22014 5603
22018 5604
22022 5605
22026 5606
22030 5607
22034 5608
22038 5609
22042 5610
22046 5611
22050 5612
22054 5613
22058 5614
22062 5615
22066 5616
22070 5617
22074 5618
22078 5619
22082 5620
22086 5621
22090 5622
22094 5623
22098 5624
22102 5626
22106 5626
22110 5628
22114 5629
22118 5630
22122 5631
22126 5632
22130 5633
22134 5634
22138 5635
22142 5636
22146 5637
22150 5638
22154 5639
22158 5640
22162 5641
22166 5642
22170 5643
22174 5644
22178 5645
22182 5646
22186 5647
22190 5648
22194 5649
22198 5650
22202 5651
22206 5652
22210 5654
22214 5654
22218 5656
22222 5657
22226 5658
22230 5659
22234 5660
22238 5661
22242 5662
22246 5663
22250 5664
22254 5665
22258 5666
22262 5667
22266 5668
22270 5669
22274 5670
22278 5671
22282 5672
22286 5673
22290 5674
22294 5675
22298 5676
22302 5677
22306 5678
22310 5679
22314 5680
22318 5681
22322 5682
22326 5684
22330 5684
22334 5686
22338 5686
22342 5688
22346 5689
22350 5690
22354 5691
22358 5692
22362 5693
22366 5694
22370 5695
22374 5696
22378 5697
22382 5698
22386 5699
22390 5700
22394 5701
22398 5702
22402 5703
22406 5704
22410 5705
22414 5706
22418 5707
22422 5708
22426 5709
22430 5710
22434 5711
22438 5712
22442 5713
22446 5714
22450 5715
22454 5716
22458 5717
22462 5718
22466 5720
22470 5720
22474 5722
22478 5723
22482 5724
22486 5725
22490 5726
22494 5727
22498 5728
22502 5729
22506 5730
22510 5731
22514 5732
22518 5733
22522 5734
22526 5735
22530 5736
22534 5737
22538 5738
22542 5739
22546 5740
22550 5741
22554 5742
22558 5743
22562 5744
22566 5745
22570 5746
22574 5747
22578 5748
22582 5749
22586 5750
22590 5751
22594 5752
22598 5754
22602 5754
22606 5756
22610 5757
22614 5758
22618 5759
22622 5760
22626 5761
22630 5762
22634 5763
22638 5764
22642 5765
22646 5766
22650 5767
22654 5768
22658 5769
22662 5770
22666 5771
22670 5772
22674 5773
22678 5774
22682 5775
22686 5776
22690 5777
22694 5778
22698 5779
22702 5780
22706 5781
22710 5782
22714 5783
22718 5784
22722 5785
22726 5786
22730 5787
22734 5788
22738 5789
22742 5790
22746 5791
22750 5792
22754 5793
22758 5794
22762 5795
22766 5796
22770 5797
22774 5798
22778 5799
22782 5800
22786 5802
22790 5802
22794 5804
22798 5804
22802 5805
22806 5806
22810 5807
22814 5808
22818 5809
22822 5810
22826 5811
22830 5812
22834 5813
22838 5814
22842 5815
22846 5816
22850 5817
22854 5818
22858 5819
22862 5820
22866 5821
22870 5822
22874 5824
22878 5824
22882 5826
22886 5826
22890 5827
22894 5828
22898 5829
22902 5830
22906 5832
22910 5832
22914 5833
22918 5834
22922 5835
22926 5836
22930 5837
22934 5838
22938 5839
22942 5840
22946 5841
22950 5842
22954 5843
22958 5844
22962 5845
22966 5846
22970 5847
22974 5848
22978 5849
22982 5850
22986 5851
22990 5852
22994 5853
22998 5854
23002 5855
23006 5856
23010 5857
23014 5858
23018 5859
23022 5860
23026 5861
23030 5862
23034 5863
23038 5864
23042 5865
23046 5866
23050 5868
23054 5868
23058 5870
23062 5871
23066 5872
23070 5873
23074 5874
23078 5875
23082 5876
23086 5877
23090 5878
23094 5879
23098 5880
23102 5881
23106 5882
23110 5883
23114 5884
23118 5885
23122 5886
23126 5887
23130 5888
23134 5889
23138 5890
23142 5891
23146 5892
23150 5893
23154 5894
23158 5895
23162 5896
23166 5897
23170 5898
23174 5899
23178 5900
23182 5901
23186 5902
23190 5903
23194 5904
23198 5905
23202 5906
23206 5907
23210 5908
23214 5909
23218 5910
23222 5911
23226 5912
23230 5913
23234 5914
23238 5916
23242 5916
23246 5918
23250 5918
23254 5920
23258 5921
23262 5922
23266 5923
23270 5924
23274 5925
23278 5926
23282 5927
23286 5928
23290 5929
23294 5930
23298 5931
23302 5932
23306 5933
23310 5934
23314 5935
23318 5936
23322 5937
23326 5938
23330 5939
23334 5940
23338 5941
23342 5942
23346 5943
23350 5944
23354 5945
23358 5946
23362 5947
23366 5948
23370 5949
23374 5950
23378 5951
23382 5952
23386 5953
23390 5954
23394 5955
23398 5956
23402 5958
23406 5958
23410 5960
23414 5961
23418 5962
23422 5963
23426 5964
23430 5965
23434 5966
23438 5967
23442 5968
23446 5969
23450 5970
23454 5971
23458 5972
23462 5973
23466 5974
23470 5975
23474 5976
23478 5977
23482 5978
23486 5979
23490 5980
23494 5981
23498 5982
23502 5983
23506 5984
23510 5985
23514 5986
23518 5987
23522 5988
23526 5989
23530 5990
23534 5991
23538 5992
23542 5994
23546 5994
23550 5996
23554 5997
23558 5998
23562 5999
23566 6000
23570 6001
23574 6002
23578 6003
23582 6004
23586 6005
23590 6006
23594 6007
23598 6008
23602 6009
23606 6010
23610 6011
23614 6012
23618 6013
23622 6014
23626 6015
23630 6016
23634 6017
23638 6018
23642 6019
23646 6020
23650 6021
23654 6022
23658 6023
23662 6024
23666 6026
23670 6027
23674 6028
23678 6029
23682 6030
23686 6031
23690 6032
23694 6033
23698 6034
23702 6035
23706 6036
23710 6037
23714 6038
23718 6039
23722 6040
23726 6041
23730 6042
23734 6043
23738 6044
23742 6045
23746 6046
23750 6047
23754 6048
23758 6049
23762 6050
23766 6051
23770 6052
23774 6053
23778 6054
23782 6056
23786 6057
23790 6058
23794 6059
23798 6060
23802 6061
23806 6062
23810 6063
23814 6064
23818 6065
23822 6066
23826 6067
23830 6068
23834 6069
23838 6070
23842 6071
23846 6072
23850 6073
23854 6074
23858 6075
23862 6076
23866 6077
23870 6078
23874 6079
23878 6080
23882 6081
23886 6082
23890 6083
23894 6084
23898 6086
23902 6087
23906 6088
23910 6089
23914 6090
23918 6091
23922 6092
23926 6093
23930 6094
23934 6095
23938 6096
23942 6097
23946 6098
23950 6099
23954 6100
23958 6101
23962 6102
23966 6103
23970 6104
23974 6105
23978 6106
23982 6107
23986 6108
23990 6109
23994 6110
23998 6111
24002 6112
24006 6113
24010 6114
24014 6115
24018 6116
24022 6118
24026 6118
24030 6120
24034 6120
24038 6122
24042 6123
24046 6124
24050 6125
24054 6126
24058 6127
24062 6128
24066 6129
24070 6130
24074 6131
24078 6132
24082 6133
24086 6134
24090 6135
24094 6136
24098 6137
24102 6138
24106 6139
24110 6140
24114 6141
24118 6142
24122 6143
24126 6144
24130 6145
24134 6146
24138 6147
24142 6148
24146 6149
24150 6150
24154 6151
24158 6152
24162 6153
24166 6154
24170 6155
24174 6156
24178 6157
24182 6158
24186 6159
24190 6160
24194 6161
24198 6162
24202 6163
24206 6164
24210 6165
24214 6166
24218 6167
24222 6168
24226 6169
24230 6170
24234 6171
24238 6172
24242 6173
24246 6174
24250 6175
24254 6176
24258 6177
24262 6178
24266 6179
24270 6180
24274 6181
24278 6182
24282 6183
24286 6184
24290 6185
24294 6186
24298 6187
24302 6188
24306 6189
24310 6190
24314 6191
24318 6192
24322 6193
24326 6194
24330 6195
24334 6196
24338 6197
24342 6198
24346 6199
24350 6200
24354 6201
24358 6202
24362 6203
24366 6204
24370 6205
24374 6206
24378 6207
24382 6208
24386 6209
24390 6210
24394 6211
24398 6212
24402 6213
24406 6214
24410 6215
24414 6216
24418 6217
24422 6218
24426 6219
24430 6220
24434 6221
24438 6222
24442 6223
24446 6224
24450 6225
24454 6226
24458 6227
24462 6228
24466 6229
24470 6230
24474 6231
24478 6232
24482 6233
24486 6234
24490 6235
24494 6236
24498 6237
24502 6238
24506 6239
24510 6240
24514 6241
24518 6242
24522 6243
24526 6244
24530 6245
24534 6246
24538 6247
24542 6248
24546 6249
24550 6250
24554 6251
24558 6252
24562 6254
24566 6254
24570 6256
24574 6256
24578 6258
24582 6259
24586 6260
24590 6261
24594 6262
24598 6263
24602 6264
24606 6265
24610 6266
24614 6267
24618 6268
24622 6269
24626 6270
24630 6271
24634 6272
24638 6273
24642 6274
24646 6275
24650 6276
24654 6277
24658 6278
24662 6279
24666 6280
24670 6281
24674 6282
24678 6283
24682 6284
24686 6285
24690 6286
24694 6287
24698 6288
24702 6289
24706 6290
24710 6291
24714 6292
24718 6293
24722 6294
24726 6295
24730 6296
24734 6298
24738 6298
24742 6300
24746 6300
24750 6302
24754 6303
24758 6304
24762 6305
24766 6306
24770 6307
24774 6308
24778 6309
24782 6310
24786 6311
24790 6312
24794 6313
24798 6314
24802 6315
24806 6316
24810 6317
24814 6318
24818 6319
24822 6320
24826 6321
24830 6322
24834 6323
24838 6324
24842 6325
24846 6326
24850 6327
24854 6328
24858 6329
24862 6330
24866 6331
24870 6332
24874 6333
24878 6334
24882 6335
24886 6336
24890 6337
24894 6338
24898 6339
24902 6340
24906 6342
24910 6342
24914 6344
24918 6344
24922 6346
24926 6346
24930 6348
24934 6349
24938 6350
24942 6351
24946 6352
24950 6353
24954 6354
24958 6355
24962 6356
24966 6357
24970 6358
24974 6359
24978 6360
24982 6361
24986 6362
24990 6363
24994 6364
24998 6365
25002 6366
25006 6367
25010 6368
25014 6369
25018 6370
25022 6371
25026 6372
25030 6373
25034 6374
25038 6375
25042 6376
25046 6378
25050 6378
25054 6380
25058 6381
25062 6382
25066 6383
25070 6384
25074 6385
25078 6386
25082 6387
25086 6388
25090 6389
25094 6390
25098 6391
25102 6392
25106 6393
25110 6394
25114 6395
25118 6396
25122 6397
25126 6398
25130 6399
25134 6400
25138 6401
25142 6402
25146 6403
25150 6404
25154 6405
25158 6406
25162 6408
25166 6408
25170 6410
25174 6411
25178 6412
25182 6413
25186 6414
25190 6415
25194 6416
25198 6417
25202 6418
25206 6419
25210 6420
25214 6421
25218 6422
25222 6423
25226 6424
25230 6425
25234 6426
25238 6427
25242 6428
25246 6429
25250 6430
25254 6432
25258 6432
25262 6434
25266 6434
25270 6436
25274 6436
25278 6438
25282 6439
25286 6440
25290 6441
25294 6442
25298 6443
25302 6444
25306 6445
25310 6446
25314 6447
25318 6448
25322 6449
25326 6450
25330 6451
25334 6452
25338 6453
25342 6454
25346 6455
25350 6456
25354 6457
25358 6458
25362 6459
25366 6460
25370 6461
25374 6462
25378 6463
25382 6464
25386 6465
25390 6466
25394 6468
25398 6469
25402 6470
25406 6471
25410 6472
25414 6473
25418 6474
25422 6475
25426 6476
25430 6477
25434 6478
25438 6479
25442 6480
25446 6481
25450 6482
25454 6483
25458 6484
25462 6485
25466 6486
25470 6487
25474 6488
25478 6489
25482 6490
25486 6491
25490 6492
25494 6493
25498 6494
25502 6495
25506 6496
25510 6497
25514 6498
25518 6499
25522 6500
25526 6501
25530 6502
25534 6503
25538 6504
25542 6505
25546 6506
25550 6507
25554 6508
25558 6509
25562 6510
25566 6511
25570 6512
25574 6513
25578 6514
25582 6515
25586 6516
25590 6517
25594 6518
25598 6519
25602 6520
25606 6521
25610 6522
25614 6523
25618 6524
25622 6525
25626 6526
25630 6527
25634 6528
25638 6529
25642 6530
25646 6531
25650 6532
25654 6533
25658 6534
25662 6535
25666 6536
25670 6537
25674 6538
25678 6539
25682 6540
25686 6541
25690 6542
25694 6543
25698 6544
25702 6545
25706 6546
25710 6547
25714 6548
25718 6549
25722 6550
25726 6551
25730 6552
25734 6553
25738 6554
25742 6555
25746 6556
25750 6557
25754 6558
25758 6559
25762 6560
25766 6561
25770 6562
25774 6563
25778 6564
25782 6565
25786 6566
25790 6567
25794 6568
25798 6569
25802 6570
25806 6571
25810 6572
25814 6573
25818 6574
25822 6575
25826 6576
25830 6577
25834 6578
25838 6579
25842 6580
25846 6582
25850 6582
25854 6584
25858 6584
25862 6586
25866 6586
25870 6588
25874 6589
25878 6590
25882 6591
25886 6592
25890 6593
25894 6594
25898 6595
25902 6596
25906 6597
25910 6598
25914 6599
25918 6600
25922 6601
25926 6602
25930 6603
25934 6604
25938 6605
25942 6606
25946 6607
25950 6608
25954 6609
25958 6610
25962 6611
25966 6612
25970 6613
25974 6614
25978 6615
25982 6616
25986 6617
25990 6618
25994 6619
25998 6620
26002 6621
26006 6622
26010 6623
26014 6624
26018 6625
26022 6626
26026 6627
26030 6628
26034 6630
26038 6630
26042 6632
26046 6632
26050 6634
26054 6635
26058 6636
26062 6637
26066 6638
26070 6639
26074 6640
26078 6641
26082 6642
26086 6643
26090 6644
26094 6645
26098 6646
26102 6647
26106 6648
26110 6649
26114 6650
26118 6651
26122 6652
26126 6653
26130 6654
26134 6655
26138 6656
26142 6657
26146 6658
26150 6659
26154 6660
26158 6661
26162 6662
26166 6663
26170 6664
26174 6665
26178 6666
26182 6667
26186 6668
26190 6669
26194 6670
26198 6671
26202 6672
26206 6673
26210 6674
26214 6675
26218 6676
26222 6677
26226 6678
26230 6680
26234 6680
26238 6682
26242 6682
26246 6684
26250 6685
26254 6686
26258 6687
26262 6688
26266 6689
26270 6690
26274 6691
26278 6692
26282 6693
26286 6694
26290 6695
26294 6696
26298 6697
26302 6698
26306 6699
26310 6700
26314 6701
26318 6702
26322 6703
26326 6704
26330 6705
26334 6706
26338 6707
26342 6708
26346 6709
26350 6710
26354 6711
26358 6712
26362 6713
26366 6714
26370 6715
26374 6716
26378 6717
26382 6718
26386 6720
26390 6720
26394 6722
26398 6722
26402 6724
26406 6725
26410 6726
26414 6727
26418 6728
26422 6729
26426 6730
26430 6731
26434 6732
26438 6733
26442 6734
26446 6735
26450 6736
26454 6737
26458 6738
26462 6739
26466 6740
26470 6741
26474 6742
26478 6743
26482 6744
26486 6745
26490 6746
26494 6748
26498 6748
26502 6750
26506 6751
26510 6752
26514 6753
26518 6754
26522 6755
26526 6756
26530 6757
26534 6758
26538 6759
26542 6760
26546 6761
26550 6762
26554 6763
26558 6764
26562 6765
26566 6766
26570 6767
26574 6768
26578 6769
26582 6770
26586 6771
26590 6772
26594 6774
26598 6774
26602 6776
26606 6777
26610 6778
26614 6779
26618 6780
26622 6781
26626 6782
26630 6783
26634 6784
26638 6785
26642 6786
26646 6787
26650 6788
26654 6789
26658 6790
26662 6791
26666 6792
26670 6793
26674 6794
26678 6795
26682 6796
26686 6797
26690 6798
26694 6799
26698 6800
26702 6802
26706 6802
26710 6804
26714 6804
26718 6806
26722 6807
26726 6808
26730 6809
26734 6810
26738 6811
26742 6812
26746 6813
26750 6814
26754 6815
26758 6816
26762 6817
26766 6818
26770 6819
26774 6820
26778 6821
26782 6822
26786 6823
26790 6824
26794 6825
26798 6826
26802 6827
26806 6828
26810 6829
26814 6830
26818 6831
26822 6832
26826 6833
26830 6834
26834 6835
26838 6836
26842 6837
26846 6838
26850 6839
26854 6840
26858 6841
26862 6842
26866 6844
26870 6844
26874 6846
26878 6846
26882 6848
26886 6848
26890 6850
26894 6851
26898 6852
26902 6853
26906 6854
26910 6855
26914 6856
26918 6857
26922 6858
26926 6859
26930 6860
26934 6861
26938 6862
26942 6863
26946 6864
26950 6865
26954 6866
26958 6867
26962 6868
26966 6869
26970 6870
26974 6871
26978 6872
26982 6873
26986 6874
26990 6875
26994 6876
26998 6877
27002 6878
27006 6879
27010 6880
27014 6881
27018 6882
27022 6883
27026 6884
27030 6885
27034 6886
27038 6887
27042 6888
27046 6889
27050 6890
27054 6891
27058 6892
27062 6893
27066 6894
27070 6895
27074 6896
27078 6897
27082 6898
27086 6899
27090 6900
27094 6901
27098 6902
27102 6903
27106 6904
27110 6905
27114 6906
27118 6907
27122 6908
27126 6909
27130 6910
27134 6911
27138 6912
27142 6913
27146 6914
27150 6915
27154 6916
27158 6917
27162 6918
27166 6919
27170 6920
27174 6921
27178 6922
27182 6923
27186 6924
27190 6925
27194 6926
27198 6927
27202 6928
27206 6929
27210 6930
27214 6931
27218 6932
27222 6933
27226 6934
27230 6935
27234 6936
27238 6937
27242 6938
27246 6939
27250 6940
27254 6941
27258 6942
27262 6943
27266 6944
27270 6945
27274 6946
27278 6947
27282 6948
27286 6949
27290 6950
27294 6951
27298 6952
27302 6953
27306 6954
27310 6955
27314 6956
27318 6957
27322 6958
27326 6959
27330 6960
27334 6961
27338 6962
27342 6963
27346 6964
27350 6965
27354 6966
27358 6967
27362 6968
27366 6969
27370 6970
27374 6972
27378 6973
27382 6974
27386 6975
27390 6976
27394 6977
27398 6978
27402 6979
27406 6980
27410 6981
27414 6982
27418 6983
27422 6984
27426 6985
27430 6986
27434 6987
27438 6988
27442 6989
27446 6990
27450 6991
27454 6992
27458 6993
27462 6994
27466 6995
27470 6996
27474 6997
27478 6998
27482 6999
27486 7000
27490 7001
27494 7002
27498 7003
27502 7004
27506 7005
27510 7006
27514 7007
27518 7008
27522 7009
27526 7010
27530 7011
27534 7012
27538 7013
27542 7014
27546 7015
27550 7016
27554 7017
27558 7018
27562 7019
27566 7020
27570 7021
27574 7022
27578 7023
27582 7024
27586 7026
27590 7026
27594 7028
27598 7028
27602 7030
27606 7030
27610 7032
27614 7032
27618 7034
27622 7034
27626 7036
27630 7037
27634 7038
27638 7039
27642 7040
27646 7041
27650 7042
27654 7043
27658 7044
27662 7045
27666 7046
27670 7047
27674 7048
27678 7049
27682 7050
27686 7051
27690 7052
27694 7053
27698 7054
27702 7055
27706 7056
27710 7057
27714 7058
27718 7059
27722 7060
27726 7061
27730 7062
27734 7063
27738 7064
27742 7065
27746 7066
27750 7067
27754 7068
27758 7070
27762 7071
27766 7072
27770 7073
27774 7074
27778 7075
27782 7076
27786 7077
27790 7078
27794 7079
27798 7080
27802 7081
27806 7082
27810 7083
27814 7084
27818 7085
27822 7086
27826 7087
27830 7088
27834 7089
27838 7090
27842 7091
27846 7092
27850 7093
27854 7094
27858 7096
27862 7096
27866 7098
27870 7099
27874 7100
27878 7101
27882 7102
27886 7103
27890 7104
27894 7105
27898 7106
27902 7107
27906 7108
27910 7109
27914 7110
27918 7111
27922 7112
27926 7113
27930 7114
27934 7115
27938 7116
27942 7117
27946 7118
27950 7119
27954 7120
27958 7121
27962 7122
27966 7124
27970 7124
27974 7126
27978 7126
27982 7128
27986 7129
27990 7130
27994 7131
27998 7132
28002 7133
28006 7134
28010 7135
28014 7136
28018 7137
28022 7138
28026 7139
28030 7140
28034 7141
28038 7142
28042 7143
28046 7144
28050 7145
28054 7146
28058 7147
28062 7148
28066 7149
28070 7150
28074 7151
28078 7152
28082 7154
28086 7154
28090 7156
28094 7156
28098 7158
28102 7159
28106 7160
28110 7161
28114 7162
28118 7163
28122 7164
28126 7165
28130 7166
28134 7167
28138 7168
28142 7169
28146 7170
28150 7171
28154 7172
28158 7173
28162 7174
28166 7175
28170 7176
28174 7177
28178 7178
28182 7179
28186 7180
28190 7181
28194 7182
28198 7183
28202 7184
28206 7185
28210 7186
28214 7187
28218 7188
28222 7189
28226 7190
28230 7192
28234 7192
28238 7194
28242 7194
28246 7196
28250 7197
28254 7198
28258 7199
28262 7200
28266 7201
28270 7202
28274 7203
28278 7204
28282 7205
28286 7206
28290 7207
28294 7208
28298 7209
28302 7210
28306 7211
28310 7212
28314 7213
28318 7214
28322 7215
28326 7216
28330 7217
28334 7218
28338 7219
28342 7220
28346 7221
28350 7222
28354 7223
28358 7224
28362 7225
28366 7226
28370 7227
28374 7228
28378 7229
28382 7230
28386 7231
28390 7232
28394 7233
28398 7234
28402 7235
28406 7236
28410 7237
28414 7238
28418 7239
28422 7240
28426 7241
28430 7242
28434 7243
28438 7244
28442 7245
28446 7246
28450 7247
28454 7248
28458 7249
28462 7250
28466 7251
28470 7252
28474 7253
28478 7254
28482 7255
28486 7256
28490 7258
28494 7258
28498 7259
28502 7260
28506 7261
28510 7262
28514 7264
28518 7264
28522 7266
28526 7266
28530 7268
28534 7268
28538 7270
28542 7270
28546 7272
28550 7272
28554 7274
28558 7274
28562 7275
28566 7276
28570 7278
28574 7278
28578 7280
28582 7280
28586 7282
28590 7282
28594 7284
28598 7284
28602 7286
28606 7287
28610 7288
28614 7289
28618 7290
28622 7290
28626 7292
28630 7292
28634 7294
28638 7294
28642 7296
28646 7296
28650 7298
28654 7298
28658 7300
28662 7300
28666 7302
28670 7302
28674 7304
28678 7304
28682 7306
28686 7306
28690 7308
28694 7309
28698 7310
28702 7311
28706 7312
28710 7313
28714 7314
28718 7315
28722 7316
28726 7317
28730 7318
28734 7319
28738 7320
28742 7321
28746 7322
28750 7323
28754 7324
28758 7325
28762 7326
28766 7327
28770 7328
28774 7329
28778 7330
28782 7331
28786 7332
28790 7333
28794 7334
28798 7335
28802 7336
28806 7337
28810 7338
28814 7339
28818 7340
28822 7341
28826 7342
28830 7343
28834 7344
28838 7345
28842 7346
28846 7347
28850 7348
28854 7349
28858 7350
28862 7351
28866 7352
28870 7353
28874 7354
28878 7355
28882 7356
28886 7357
28890 7358
28894 7360
28898 7360
28902 7362
28906 7363
28910 7364
28914 7365
28918 7366
28922 7367
28926 7368
28930 7369
28934 7370
28938 7371
28942 7372
28946 7373
28950 7374
28954 7375
28958 7376
28962 7377
28966 7378
28970 7379
28974 7380
28978 7381
28982 7382
28986 7383
28990 7384
28994 7385
28998 7386
29002 7387
29006 7388
29010 7389
29014 7390
29018 7391
29022 7392
29026 7393
29030 7394
29034 7395
29038 7396
29042 7397
29046 7398
29050 7399
29054 7400
29058 7401
29062 7402
29066 7403
29070 7404
29074 7406
29078 7407
29082 7408
29086 7409
29090 7410
29094 7411
29098 7412
29102 7413
29106 7414
29110 7415
29114 7416
29118 7417
29122 7418
29126 7419
29130 7420
29134 7421
29138 7422
29142 7423
29146 7424
29150 7425
29154 7426
29158 7427
29162 7428
29166 7429
29170 7430
29174 7431
29178 7432
29182 7433
29186 7434
29190 7435
29194 7436
29198 7438
29202 7438
29206 7440
29210 7440
29214 7442
29218 7443
29222 7444
29226 7445
29230 7446
29234 7447
29238 7448
29242 7449
29246 7450
29250 7451
29254 7452
29258 7453
29262 7454
29266 7455
29270 7456
29274 7457
29278 7458
29282 7459
29286 7460
29290 7461
29294 7462
29298 7463
29302 7464
29306 7465
29310 7466
29314 7468
29318 7468
29322 7470
29326 7470
29330 7472
29334 7473
29338 7474
29342 7475
29346 7476
29350 7477
29354 7478
29358 7479
29362 7480
29366 7481
29370 7482
29374 7483
29378 7484
29382 7485
29386 7486
29390 7487
29394 7488
29398 7489
29402 7490
29406 7491
29410 7492
29414 7493
29418 7494
29422 7495
29426 7496
29430 7497
29434 7498
29438 7500
29442 7500
29446 7502
29450 7503
29454 7504
29458 7505
29462 7506
29466 7507
29470 7508
29474 7509
29478 7510
29482 7511
29486 7512
29490 7513
29494 7514
29498 7515
29502 7516
29506 7517
29510 7518
29514 7519
29518 7520
29522 7521
29526 7522
29530 7523
29534 7524
29538 7525
29542 7526
29546 7527
29550 7528
29554 7529
29558 7530
29562 7531
29566 7532
29570 7534
29574 7534
29578 7536
29582 7536
29586 7538
29590 7538
29594 7540
29598 7541
29602 7542
29606 7543
29610 7544
29614 7545
29618 7546
29622 7547
29626 7548
29630 7549
29634 7550
29638 7551
29642 7552
29646 7553
29650 7554
29654 7555
29658 7556
29662 7557
29666 7558
29670 7559
29674 7560
29678 7561
29682 7562
29686 7563
29690 7564
29694 7565
29698 7566
29702 7567
29706 7568
29710 7569
29714 7570
29718 7572
29722 7572
29726 7574
29730 7575
29734 7576
29738 7577
29742 7578
29746 7579
29750 7580
29754 7581
29758 7582
29762 7583
29766 7584
29770 7585
29774 7586
29778 7587
29782 7588
29786 7589
29790 7590
29794 7591
29798 7592
29802 7593
29806 7594
29810 7595
29814 7596
29818 7597
29822 7598
29826 7599
29830 7600
29834 7601
29838 7602
29842 7603
29846 7604
29850 7605
29854 7606
29858 7607
29862 7608
29866 7609
29870 7610
29874 7611
29878 7612
29882 7613
29886 7614
29890 7615
29894 7616
29898 7617
29902 7618
29906 7619
29910 7620
29914 7621
29918 7622
29922 7623
29926 7624
29930 7625
29934 7626
29938 7627
29942 7628
29946 7629
29950 7630
29954 7631
29958 7632
29962 7633
29966 7634
29970 7635
29974 7636
29978 7637
29982 7638
29986 7639
29990 7640
29994 7641
29998 7642
