10 0
14 0
18 0
22 0
26 0
30 1
34 1
38 2
42 2
46 3
50 3
54 4
58 5
62 6
66 7
70 8
74 9
78 10
82 11
86 12
90 13
94 14
98 15
102 16
106 17
110 19
114 20
118 21
122 23
126 24
130 25
134 27
138 28
142 29
146 30
150 32
154 33
158 35
162 36
166 37
170 39
174 40
178 42
182 43
186 44
190 46
194 47
198 49
202 50
206 51
210 53
214 54
218 56
222 57
226 59
230 60
234 62
238 63
242 65
246 66
250 68
254 69
258 71
262 72
266 73
270 75
274 76
278 78
282 79
286 81
290 82
294 84
298 85
302 87
306 88
310 90
314 91
318 93
322 94
326 96
330 97
334 99
338 100
342 102
346 103
350 105
354 106
358 107
362 109
366 111
370 112
374 113
378 115
382 117
386 118
390 119
394 121
398 122
402 124
406 125
410 127
414 128
418 130
422 131
426 133
430 134
434 136
438 137
442 139
446 140
450 142
454 143
458 145
462 146
466 148
470 149
474 151
478 152
482 154
486 155
490 157
494 158
498 160
502 161
506 163
510 164
514 166
518 167
522 169
526 170
530 172
534 173
538 175
542 176
546 178
550 179
554 181
558 182
562 184
566 185
570 187
574 188
578 190
582 191
586 193
590 194
594 195
598 197
602 199
606 200
610 201
614 203
618 205
622 206
626 207
630 209
634 210
638 212
642 213
646 215
650 216
654 218
658 219
662 221
666 222
670 224
674 225
678 227
682 228
686 230
690 231
694 233
698 234
702 236
706 237
710 239
714 240
718 242
722 243
726 245
730 246
734 247
738 249
742 251
746 252
750 253
754 255
758 256
762 258
766 259
770 261
774 262
778 264
782 265
786 267
790 268
794 269
798 271
802 272
806 274
810 275
814 277
818 278
822 280
826 281
830 283
834 284
838 286
842 287
846 289
850 290
854 291
858 293
862 294
866 296
870 297
874 299
878 300
882 302
886 303
890 305
894 306
898 308
902 309
906 311
910 312
914 313
918 315
922 316
926 318
930 319
934 321
938 322
942 324
946 325
950 327
954 328
958 330
962 331
966 333
970 334
974 336
978 337
982 339
986 340
990 341
994 343
998 344
1002 346
1006 347
1010 349
1014 350
1018 352
1022 353
1026 355
1030 356
1034 358
1038 359
1042 361
1046 362
1050 364
1054 365
1058 367
1062 368
1066 369
1070 371
1074 373
1078 374
1082 375
1086 377
1090 379
1094 380
1098 381
1102 383
1106 384
1110 386
1114 387
1118 389
1122 390
1126 392
1130 393
1134 395
1138 396
1142 398
1146 399
1150 401
1154 402
1158 404
1162 405
1166 407
1170 408
1174 409
1178 411
1182 412
1186 414
1190 415
1194 417
1198 418
1202 420
1206 421
1210 423
1214 424
1218 426
1222 427
1226 429
1230 430
1234 432
1238 433
1242 435
1246 436
1250 438
1254 439
1258 441
1262 442
1266 444
1270 445
1274 447
1278 448
1282 450
1286 451
1290 453
1294 454
1298 456
1302 457
1306 459
1310 460
1314 462
1318 463
1322 465
1326 466
1330 468
1334 469
1338 471
1342 472
1346 474
1350 475
1354 477
1358 478
1362 480
1366 481
1370 483
1374 484
1378 486
1382 487
1386 489
1390 490
1394 492
1398 493
1402 495
1406 496
1410 498
1414 499
1418 501
1422 502
1426 504
1430 505
1434 507
1438 509
1442 510
1446 511
1450 513
1454 515
1458 516
1462 517
1466 519
1470 521
1474 522
1478 523
1482 525
1486 527
1490 528
1494 529
1498 531
1502 533
1506 534
1510 535
1514 537
1518 539
1522 540
1526 542
1530 543
1534 545
1538 546
1542 548
1546 549
1550 551
1554 552
1558 554
1562 555
1566 557
1570 558
1574 560
1578 561
1582 563
1586 564
1590 566
1594 567
1598 569
1602 570
1606 571
1610 573
1614 575
1618 576
1622 577
1626 579
1630 581
1634 582
1638 583
1642 585
1646 587
1650 588
1654 589
1658 591
1662 592
1666 594
1670 595
1674 597
1678 598
1682 600
1686 601
1690 603
1694 604
1698 606
1702 607
1706 609
1710 610
1714 611
1718 613
1722 615
1726 616
1730 617
1734 619
1738 620
1742 622
1746 623
1750 625
1754 626
1758 628
1762 629
1766 631
1770 632
1774 633
1778 635
1782 636
1786 638
1790 639
1794 641
1798 642
1802 644
1806 645
1810 647
1814 648
1818 649
1822 651
1826 652
1830 654
1834 655
1838 657
1842 658
1846 660
1850 661
1854 663
1858 664
1862 665
1866 667
1870 668
1874 670
1878 671
1882 673
1886 674
1890 676
1894 677
1898 679
1902 680
1906 681
1910 683
1914 685
1918 686
1922 687
1926 689
1930 691
1934 692
1938 693
1942 695
1946 696
1950 698
1954 699
1958 701
1962 702
1966 704
1970 705
1974 707
1978 708
1982 710
1986 711
1990 713
1994 714
1998 716
2002 717
2006 719
2010 720
2014 722
2018 723
2022 725
2026 726
2030 728
2034 729
2038 731
2042 732
2046 734
2050 735
2054 737
2058 738
2062 740
2066 741
2070 743
2074 744
2078 745
2082 747
2086 749
2090 750
2094 751
2098 753
2102 755
2106 756
2110 757
2114 759
2118 760
2122 762
2126 763
2130 765
2134 766
2138 768
2142 769
2146 771
2150 772
2154 774
2158 775
2162 777
2166 778
2170 780
2174 781
2178 783
2182 784
2186 786
2190 787
2194 789
2198 790
2202 792
2206 793
2210 795
2214 796
2218 798
2222 799
2226 801
2230 802
2234 804
2238 805
2242 807
2246 808
2250 810
2254 811
2258 813
2262 814
2266 816
2270 817
2274 819
2278 820
2282 822
2286 823
2290 825
2294 826
2298 828
2302 829
2306 831
2310 832
2314 834
2318 835
2322 837
2326 838
2330 840
2334 841
2338 843
2342 844
2346 846
2350 847
2354 849
2358 850
2362 852
2366 853
2370 855
2374 856
2378 858
2382 859
2386 861
2390 862
2394 864
2398 865
2402 867
2406 868
2410 870
2414 871
2418 873
2422 874
2426 876
2430 877
2434 879
2438 880
2442 882
2446 883
2450 885
2454 886
2458 888
2462 889
2466 891
2470 892
2474 894
2478 895
2482 897
2486 898
2490 900
2494 901
2498 903
2502 904
2506 906
2510 907
2514 909
2518 910
2522 912
2526 913
2530 915
2534 916
2538 918
2542 919
2546 921
2550 922
2554 924
2558 925
2562 927
2566 928
2570 930
2574 931
2578 933
2582 934
2586 936
2590 937
2594 939
2598 940
2602 942
2606 943
2610 945
2614 946
2618 947
2622 949
2626 951
2630 952
2634 953
2638 955
2642 957
2646 958
2650 959
2654 961
2658 962
2662 964
2666 965
2670 967
2674 968
2678 970
2682 971
2686 973
2690 974
2694 976
2698 977
2702 979
2706 980
2710 982
2714 983
2718 985
2722 986
2726 987
2730 989
2734 990
2738 992
2742 993
2746 995
2750 996
2754 998
2758 999
2762 1001
2766 1002
2770 1004
2774 1005
2778 1007
2782 1008
2786 1009
2790 1011
2794 1012
2798 1014
2802 1015
2806 1017
2810 1018
2814 1020
2818 1021
2822 1023
2826 1024
2830 1026
2834 1027
2838 1029
2842 1030
2846 1031
2850 1033
2854 1034
2858 1036
2862 1037
2866 1039
2870 1040
2874 1042
2878 1043
2882 1045
2886 1046
2890 1048
2894 1049
2898 1051
2902 1052
2906 1054
2910 1055
2914 1057
2918 1058
2922 1059
2926 1061
2930 1063
2934 1064
2938 1065
2942 1067
2946 1069
2950 1070
2954 1071
2958 1073
2962 1074
2966 1076
2970 1077
2974 1079
2978 1080
2982 1082
2986 1083
2990 1085
2994 1086
2998 1088
3002 1089
3006 1091
3010 1092
3014 1094
3018 1095
3022 1097
3026 1098
3030 1100
3034 1101
3038 1103
3042 1104
3046 1105
3050 1107
3054 1108
3058 1110
3062 1111
3066 1113
3070 1114
3074 1116
3078 1117
3082 1119
3086 1120
3090 1122
3094 1123
3098 1125
3102 1126
3106 1128
3110 1129
3114 1131
3118 1132
3122 1134
3126 1135
3130 1137
3134 1138
3138 1140
3142 1141
3146 1143
3150 1144
3154 1146
3158 1147
3162 1149
3166 1150
3170 1152
3174 1153
3178 1155
3182 1156
3186 1157
3190 1159
3194 1161
3198 1162
3202 1163
3206 1165
3210 1167
3214 1168
3218 1169
3222 1171
3226 1173
3230 1174
3234 1176
3238 1177
3242 1179
3246 1180
3250 1182
3254 1183
3258 1185
3262 1186
3266 1188
3270 1189
3274 1191
3278 1192
3282 1194
3286 1195
3290 1197
3294 1198
3298 1200
3302 1201
3306 1203
3310 1204
3314 1206
3318 1207
3322 1209
3326 1210
3330 1212
3334 1213
3338 1215
3342 1216
3346 1218
3350 1219
3354 1221
3358 1222
3362 1224
3366 1225
3370 1227
3374 1228
3378 1230
3382 1231
3386 1233
3390 1234
3394 1236
3398 1237
3402 1239
3406 1241
3410 1242
3414 1243
3418 1245
3422 1247
3426 1248
3430 1249
3434 1251
3438 1253
3442 1254
3446 1255
3450 1257
3454 1259
3458 1260
3462 1262
3466 1263
3470 1265
3474 1266
3478 1268
3482 1269
3486 1271
3490 1272
3494 1273
3498 1275
3502 1277
3506 1278
3510 1279
3514 1281
3518 1283
3522 1284
3526 1285
3530 1287
3534 1289
3538 1290
3542 1291
3546 1293
3550 1295
3554 1296
3558 1297
3562 1299
3566 1300
3570 1302
3574 1303
3578 1305
3582 1306
3586 1308
3590 1309
3594 1311
3598 1312
3602 1314
3606 1315
3610 1317
3614 1318
3618 1320
3622 1321
3626 1323
3630 1324
3634 1326
3638 1327
3642 1329
3646 1330
3650 1331
3654 1333
3658 1334
3662 1336
3666 1337
3670 1339
3674 1340
3678 1342
3682 1343
3686 1345
3690 1346
3694 1347
3698 1349
3702 1350
3706 1352
3710 1353
3714 1355
3718 1356
3722 1358
3726 1359
3730 1361
3734 1362
3738 1363
3742 1365
3746 1366
3750 1368
3754 1369
3758 1371
3762 1372
3766 1374
3770 1375
3774 1377
3778 1378
3782 1379
3786 1381
3790 1382
3794 1384
3798 1385
3802 1387
3806 1388
3810 1390
3814 1391
3818 1393
3822 1394
3826 1396
3830 1397
3834 1399
3838 1400
3842 1401
3846 1403
3850 1405
3854 1406
3858 1407
3862 1409
3866 1410
3870 1412
3874 1413
3878 1415
3882 1416
3886 1418
3890 1419
3894 1421
3898 1422
3902 1424
3906 1425
3910 1427
3914 1428
3918 1430
3922 1431
3926 1433
3930 1434
3934 1436
3938 1437
3942 1439
3946 1440
3950 1442
3954 1443
3958 1445
3962 1446
3966 1447
3970 1449
3974 1451
3978 1452
3982 1454
3986 1455
3990 1457
3994 1458
3998 1460
4002 1461
4006 1463
4010 1464
4014 1465
4018 1467
4022 1468
4026 1470
4030 1471
4034 1473
4038 1475
4042 1476
4046 1477
4050 1479
4054 1480
4058 1482
4062 1483
4066 1485
4070 1486
4074 1488
4078 1489
4082 1491
4086 1492
4090 1494
4094 1495
4098 1497
4102 1498
4106 1500
4110 1501
4114 1503
4118 1504
4122 1506
4126 1507
4130 1509
4134 1510
4138 1512
4142 1513
4146 1515
4150 1516
4154 1518
4158 1519
4162 1521
4166 1522
4170 1524
4174 1525
4178 1527
4182 1528
4186 1530
4190 1531
4194 1533
4198 1534
4202 1536
4206 1537
4210 1539
4214 1540
4218 1542
4222 1543
4226 1545
4230 1546
4234 1548
4238 1549
4242 1551
4246 1552
4250 1554
4254 1555
4258 1557
4262 1558
4266 1560
4270 1561
4274 1563
4278 1564
4282 1566
4286 1567
4290 1569
4294 1570
4298 1572
4302 1573
4306 1575
4310 1576
4314 1578
4318 1579
4322 1581
4326 1582
4330 1584
4334 1585
4338 1587
4342 1588
4346 1590
4350 1591
4354 1593
4358 1594
4362 1596
4366 1597
4370 1599
4374 1600
4378 1602
4382 1603
4386 1605
4390 1606
4394 1608
4398 1609
4402 1611
4406 1612
4410 1614
4414 1615
4418 1617
4422 1618
4426 1620
4430 1621
4434 1623
4438 1624
4442 1626
4446 1627
4450 1629
4454 1630
4458 1632
4462 1633
4466 1635
4470 1636
4474 1638
4478 1639
4482 1641
4486 1642
4490 1643
4494 1645
4498 1647
4502 1648
4506 1649
4510 1651
4514 1653
4518 1654
4522 1655
4526 1657
4530 1659
4534 1660
4538 1661
4542 1663
4546 1665
4550 1666
4554 1667
4558 1669
4562 1671
4566 1672
4570 1673
4574 1675
4578 1677
4582 1678
4586 1679
4590 1681
4594 1682
4598 1684
4602 1685
4606 1687
4610 1688
4614 1690
4618 1691
4622 1693
4626 1694
4630 1696
4634 1697
4638 1699
4642 1700
4646 1702
4650 1703
4654 1705
4658 1706
4662 1707
4666 1709
4670 1710
4674 1712
4678 1713
4682 1715
4686 1716
4690 1718
4694 1719
4698 1721
4702 1722
4706 1724
4710 1725
4714 1727
4718 1728
4722 1729
4726 1731
4730 1732
4734 1734
4738 1735
4742 1737
4746 1738
4750 1740
4754 1741
4758 1743
4762 1744
4766 1746
4770 1747
4774 1749
4778 1750
4782 1751
4786 1753
4790 1754
4794 1756
4798 1757
4802 1759
4806 1760
4810 1762
4814 1763
4818 1765
4822 1766
4826 1768
4830 1769
4834 1771
4838 1772
4842 1774
4846 1775
4850 1777
4854 1778
4858 1779
4862 1781
4866 1783
4870 1784
4874 1785
4878 1787
4882 1788
4886 1790
4890 1791
4894 1793
4898 1794
4902 1796
4906 1797
4910 1799
4914 1800
4918 1802
4922 1803
4926 1805
4930 1806
4934 1808
4938 1809
4942 1811
4946 1812
4950 1814
4954 1815
4958 1817
4962 1818
4966 1820
4970 1821
4974 1823
4978 1824
4982 1825
4986 1827
4990 1828
4994 1830
4998 1831
5002 1833
5006 1834
5010 1836
5014 1837
5018 1839
5022 1840
5026 1842
5030 1843
5034 1845
5038 1846
5042 1848
5046 1849
5050 1851
5054 1852
5058 1854
5062 1855
5066 1857
5070 1858
5074 1860
5078 1861
5082 1863
5086 1864
5090 1866
5094 1867
5098 1869
5102 1870
5106 1871
5110 1873
5114 1875
5118 1876
5122 1877
5126 1879
5130 1881
5134 1882
5138 1883
5142 1885
5146 1887
5150 1888
5154 1889
5158 1891
5162 1893
5166 1894
5170 1896
5174 1897
5178 1899
5182 1900
5186 1902
5190 1903
5194 1905
5198 1906
5202 1908
5206 1909
5210 1911
5214 1912
5218 1914
5222 1915
5226 1917
5230 1918
5234 1920
5238 1921
5242 1923
5246 1924
5250 1926
5254 1927
5258 1929
5262 1930
5266 1932
5270 1933
5274 1935
5278 1936
5282 1938
5286 1939
5290 1941
5294 1942
5298 1944
5302 1945
5306 1947
5310 1948
5314 1950
5318 1951
5322 1953
5326 1955
5330 1956
5334 1957
5338 1959
5342 1961
5346 1962
5350 1963
5354 1965
5358 1967
5362 1968
5366 1969
5370 1971
5374 1973
5378 1974
5382 1975
5386 1977
5390 1979
5394 1980
5398 1982
5402 1983
5406 1985
5410 1986
5414 1988
5418 1989
5422 1991
5426 1992
5430 1993
5434 1995
5438 1997
5442 1998
5446 1999
5450 2001
5454 2002
5458 2004
5462 2005
5466 2007
5470 2009
5474 2010
5478 2011
5482 2013
5486 2015
5490 2016
5494 2017
5498 2019
5502 2020
5506 2022
5510 2023
5514 2025
5518 2026
5522 2028
5526 2029
5530 2031
5534 2032
5538 2034
5542 2035
5546 2037
5550 2038
5554 2040
5558 2041
5562 2043
5566 2044
5570 2045
5574 2047
5578 2048
5582 2050
5586 2051
5590 2053
5594 2054
5598 2056
5602 2057
5606 2059
5610 2060
5614 2062
5618 2063
5622 2065
5626 2066
5630 2067
5634 2069
5638 2070
5642 2072
5646 2073
5650 2075
5654 2076
5658 2077
5662 2079
5666 2081
5670 2082
5674 2083
5678 2085
5682 2086
5686 2088
5690 2089
5694 2091
5698 2092
5702 2093
5706 2095
5710 2096
5714 2098
5718 2099
5722 2101
5726 2102
5730 2104
5734 2105
5738 2107
5742 2108
5746 2110
5750 2111
5754 2113
5758 2114
5762 2115
5766 2117
5770 2119
5774 2120
5778 2121
5782 2123
5786 2124
5790 2126
5794 2127
5798 2129
5802 2130
5806 2132
5810 2133
5814 2135
5818 2136
5822 2138
5826 2139
5830 2141
5834 2142
5838 2144
5842 2145
5846 2147
5850 2148
5854 2150
5858 2151
5862 2153
5866 2154
5870 2156
5874 2157
5878 2159
5882 2160
5886 2161
5890 2163
5894 2165
5898 2166
5902 2167
5906 2169
5910 2171
5914 2172
5918 2173
5922 2175
5926 2177
5930 2178
5934 2179
5938 2181
5942 2182
5946 2184
5950 2185
5954 2187
5958 2188
5962 2190
5966 2191
5970 2193
5974 2194
5978 2196
5982 2197
5986 2199
5990 2200
5994 2202
5998 2203
6002 2205
6006 2206
6010 2208
6014 2209
6018 2211
6022 2212
6026 2214
6030 2215
6034 2217
6038 2218
6042 2220
6046 2221
6050 2223
6054 2224
6058 2226
6062 2227
6066 2229
6070 2230
6074 2232
6078 2233
6082 2235
6086 2236
6090 2238
6094 2239
6098 2241
6102 2242
6106 2244
6110 2245
6114 2247
6118 2248
6122 2250
6126 2251
6130 2253
6134 2254
6138 2256
6142 2257
6146 2259
6150 2260
6154 2262
6158 2263
6162 2265
6166 2266
6170 2268
6174 2269
6178 2271
6182 2272
6186 2274
6190 2275
6194 2277
6198 2278
6202 2280
6206 2281
6210 2283
6214 2284
6218 2286
6222 2287
6226 2289
6230 2290
6234 2292
6238 2293
6242 2295
6246 2296
6250 2298
6254 2299
6258 2301
6262 2302
6266 2304
6270 2305
6274 2307
6278 2308
6282 2310
6286 2311
6290 2313
6294 2314
6298 2316
6302 2317
6306 2319
6310 2320
6314 2322
6318 2323
6322 2325
6326 2326
6330 2328
6334 2329
6338 2331
6342 2332
6346 2334
6350 2335
6354 2337
6358 2338
6362 2340
6366 2341
6370 2343
6374 2344
6378 2346
6382 2347
6386 2349
6390 2350
6394 2352
6398 2353
6402 2355
6406 2356
6410 2358
6414 2359
6418 2361
6422 2362
6426 2364
6430 2365
6434 2367
6438 2368
6442 2370
6446 2371
6450 2373
6454 2374
6458 2376
6462 2377
6466 2379
6470 2380
6474 2382
6478 2383
6482 2385
6486 2386
6490 2388
6494 2389
6498 2391
6502 2392
6506 2394
6510 2395
6514 2397
6518 2398
6522 2400
6526 2401
6530 2403
6534 2404
6538 2406
6542 2407
6546 2409
6550 2410
6554 2411
6558 2413
6562 2415
6566 2416
6570 2417
6574 2419
6578 2420
6582 2422
6586 2423
6590 2425
6594 2426
6598 2428
6602 2429
6606 2431
6610 2432
6614 2434
6618 2435
6622 2437
6626 2438
6630 2439
6634 2441
6638 2443
6642 2444
6646 2445
6650 2447
6654 2448
6658 2450
6662 2451
6666 2453
6670 2454
6674 2455
6678 2457
6682 2459
6686 2460
6690 2461
6694 2463
6698 2464
6702 2466
6706 2467
6710 2469
6714 2470
6718 2472
6722 2473
6726 2475
6730 2476
6734 2478
6738 2479
6742 2481
6746 2482
6750 2483
6754 2485
6758 2487
6762 2488
6766 2489
6770 2491
6774 2492
6778 2494
6782 2495
6786 2497
6790 2498
6794 2500
6798 2501
6802 2503
6806 2504
6810 2506
6814 2507
6818 2509
6822 2510
6826 2512
6830 2513
6834 2515
6838 2516
6842 2518
6846 2519
6850 2521
6854 2522
6858 2523
6862 2525
6866 2526
6870 2528
6874 2529
6878 2531
6882 2532
6886 2534
6890 2535
6894 2537
6898 2538
6902 2540
6906 2541
6910 2543
6914 2544
6918 2546
6922 2547
6926 2549
6930 2550
6934 2552
6938 2553
6942 2555
6946 2556
6950 2558
6954 2559
6958 2561
6962 2562
6966 2564
6970 2565
6974 2567
6978 2568
6982 2570
6986 2571
6990 2573
6994 2574
6998 2575
7002 2577
7006 2578
7010 2580
7014 2581
7018 2583
7022 2585
7026 2586
7030 2587
7034 2589
7038 2590
7042 2592
7046 2593
7050 2595
7054 2596
7058 2598
7062 2599
7066 2601
7070 2602
7074 2604
7078 2605
7082 2607
7086 2609
7090 2610
7094 2611
7098 2613
7102 2615
7106 2616
7110 2617
7114 2619
7118 2620
7122 2622
7126 2623
7130 2625
7134 2626
7138 2628
7142 2629
7146 2631
7150 2633
7154 2634
7158 2636
7162 2637
7166 2639
7170 2640
7174 2641
7178 2643
7182 2645
7186 2646
7190 2648
7194 2649
7198 2651
7202 2652
7206 2654
7210 2655
7214 2657
7218 2658
7222 2660
7226 2661
7230 2663
7234 2664
7238 2666
7242 2667
7246 2669
7250 2670
7254 2672
7258 2673
7262 2675
7266 2676
7270 2678
7274 2679
7278 2681
7282 2682
7286 2684
7290 2685
7294 2687
7298 2689
7302 2690
7306 2691
7310 2693
7314 2694
7318 2696
7322 2697
7326 2699
7330 2700
7334 2702
7338 2703
7342 2705
7346 2707
7350 2708
7354 2709
7358 2711
7362 2712
7366 2714
7370 2715
7374 2717
7378 2718
7382 2720
7386 2721
7390 2723
7394 2724
7398 2726
7402 2727
7406 2729
7410 2730
7414 2732
7418 2733
7422 2735
7426 2736
7430 2738
7434 2739
7438 2741
7442 2742
7446 2744
7450 2745
7454 2747
7458 2748
7462 2750
7466 2751
7470 2753
7474 2754
7478 2756
7482 2757
7486 2759
7490 2760
7494 2761
7498 2763
7502 2764
7506 2766
7510 2767
7514 2769
7518 2770
7522 2772
7526 2773
7530 2775
7534 2776
7538 2778
7542 2779
7546 2781
7550 2782
7554 2783
7558 2785
7562 2786
7566 2788
7570 2789
7574 2791
7578 2792
7582 2793
7586 2795
7590 2797
7594 2798
7598 2799
7602 2801
7606 2802
7610 2804
7614 2805
7618 2807
7622 2808
7626 2809
7630 2811
7634 2812
7638 2814
7642 2815
7646 2817
7650 2818
7654 2820
7658 2821
7662 2823
7666 2824
7670 2825
7674 2827
7678 2829
7682 2830
7686 2831
7690 2833
7694 2834
7698 2836
7702 2837
7706 2839
7710 2840
7714 2842
7718 2843
7722 2845
7726 2846
7730 2848
7734 2849
7738 2851
7742 2852
7746 2854
7750 2855
7754 2857
7758 2858
7762 2859
7766 2861
7770 2862
7774 2864
7778 2865
7782 2867
7786 2868
7790 2870
7794 2871
7798 2873
7802 2874
7806 2876
7810 2877
7814 2879
7818 2880
7822 2882
7826 2883
7830 2885
7834 2886
7838 2888
7842 2889
7846 2891
7850 2892
7854 2894
7858 2895
7862 2897
7866 2898
7870 2900
7874 2901
7878 2903
7882 2904
7886 2906
7890 2907
7894 2909
7898 2910
7902 2912
7906 2913
7910 2915
7914 2916
7918 2918
7922 2919
7926 2921
7930 2922
7934 2924
7938 2925
7942 2927
7946 2928
7950 2930
7954 2931
7958 2933
7962 2934
7966 2935
7970 2937
7974 2939
7978 2940
7982 2941
7986 2943
7990 2945
7994 2946
7998 2947
8002 2949
8006 2950
8010 2952
8014 2953
8018 2955
8022 2956
8026 2958
8030 2959
8034 2961
8038 2962
8042 2964
8046 2965
8050 2967
8054 2968
8058 2970
8062 2971
8066 2973
8070 2974
8074 2976
8078 2977
8082 2979
8086 2980
8090 2982
8094 2983
8098 2985
8102 2986
8106 2988
8110 2989
8114 2991
8118 2992
8122 2994
8126 2995
8130 2997
8134 2998
8138 3000
8142 3001
8146 3003
8150 3004
8154 3006
8158 3007
8162 3009
8166 3010
8170 3012
8174 3013
8178 3015
8182 3016
8186 3018
8190 3019
8194 3021
8198 3022
8202 3024
8206 3025
8210 3027
8214 3028
8218 3030
8222 3031
8226 3033
8230 3034
8234 3036
8238 3037
8242 3039
8246 3040
8250 3042
8254 3043
8258 3045
8262 3046
8266 3048
8270 3049
8274 3051
8278 3052
8282 3054
8286 3055
8290 3057
8294 3058
8298 3060
8302 3061
8306 3063
8310 3064
8314 3066
8318 3067
8322 3069
8326 3070
8330 3072
8334 3073
8338 3075
8342 3076
8346 3078
8350 3079
8354 3081
8358 3082
8362 3084
8366 3085
8370 3087
8374 3088
8378 3090
8382 3091
8386 3093
8390 3094
8394 3096
8398 3097
8402 3099
8406 3100
8410 3102
8414 3103
8418 3105
8422 3106
8426 3108
8430 3109
8434 3111
8438 3112
8442 3114
8446 3115
8450 3117
8454 3118
8458 3120
8462 3121
8466 3123
8470 3124
8474 3126
8478 3127
8482 3129
8486 3130
8490 3132
8494 3133
8498 3135
8502 3136
8506 3137
8510 3139
8514 3141
8518 3142
8522 3143
8526 3145
8530 3146
8534 3148
8538 3149
8542 3151
8546 3152
8550 3154
8554 3155
8558 3157
8562 3158
8566 3160
8570 3161
8574 3163
8578 3164
8582 3165
8586 3167
8590 3168
8594 3170
8598 3171
8602 3173
8606 3174
8610 3176
8614 3177
8618 3179
8622 3180
8626 3181
8630 3183
8634 3185
8638 3186
8642 3187
8646 3189
8650 3190
8654 3192
8658 3193
8662 3195
8666 3196
8670 3198
8674 3199
8678 3201
8682 3202
8686 3203
8690 3205
8694 3207
8698 3208
8702 3209
8706 3211
8710 3212
8714 3214
8718 3215
8722 3217
8726 3218
8730 3220
8734 3221
8738 3223
8742 3224
8746 3226
8750 3227
8754 3229
8758 3230
8762 3232
8766 3233
8770 3235
8774 3236
8778 3238
8782 3239
8786 3241
8790 3242
8794 3243
8798 3245
8802 3246
8806 3248
8810 3249
8814 3251
8818 3252
8822 3254
8826 3255
8830 3257
8834 3258
8838 3260
8842 3261
8846 3263
8850 3264
8854 3266
8858 3267
8862 3269
8866 3270
8870 3272
8874 3273
8878 3275
8882 3276
8886 3278
8890 3279
8894 3281
8898 3282
8902 3284
8906 3285
8910 3287
8914 3288
8918 3290
8922 3291
8926 3293
8930 3294
8934 3295
8938 3297
8942 3299
8946 3300
8950 3301
8954 3303
8958 3305
8962 3306
8966 3307
8970 3309
8974 3311
8978 3312
8982 3313
8986 3315
8990 3316
8994 3318
8998 3319
9002 3321
9006 3322
9010 3324
9014 3325
9018 3327
9022 3329
9026 3330
9030 3331
9034 3333
9038 3335
9042 3336
9046 3337
9050 3339
9054 3341
9058 3342
9062 3343
9066 3345
9070 3347
9074 3348
9078 3350
9082 3351
9086 3353
9090 3354
9094 3356
9098 3357
9102 3359
9106 3360
9110 3362
9114 3363
9118 3365
9122 3366
9126 3368
9130 3369
9134 3371
9138 3372
9142 3374
9146 3375
9150 3377
9154 3378
9158 3380
9162 3381
9166 3383
9170 3384
9174 3386
9178 3387
9182 3389
9186 3390
9190 3392
9194 3393
9198 3395
9202 3397
9206 3398
9210 3399
9214 3401
9218 3403
9222 3404
9226 3406
9230 3407
9234 3409
9238 3410
9242 3412
9246 3413
9250 3415
9254 3416
9258 3418
9262 3419
9266 3421
9270 3422
9274 3424
9278 3425
9282 3427
9286 3428
9290 3430
9294 3431
9298 3433
9302 3434
9306 3435
9310 3437
9314 3439
9318 3440
9322 3441
9326 3443
9330 3445
9334 3446
9338 3448
9342 3449
9346 3451
9350 3452
9354 3454
9358 3455
9362 3457
9366 3458
9370 3459
9374 3461
9378 3463
9382 3464
9386 3465
9390 3467
9394 3469
9398 3470
9402 3471
9406 3473
9410 3474
9414 3476
9418 3477
9422 3479
9426 3480
9430 3482
9434 3483
9438 3485
9442 3486
9446 3488
9450 3489
9454 3491
9458 3492
9462 3493
9466 3495
9470 3496
9474 3498
9478 3499
9482 3501
9486 3502
9490 3504
9494 3505
9498 3507
9502 3508
9506 3509
9510 3511
9514 3512
9518 3514
9522 3515
9526 3517
9530 3518
9534 3520
9538 3521
9542 3523
9546 3524
9550 3525
9554 3527
9558 3529
9562 3530
9566 3531
9570 3533
9574 3534
9578 3536
9582 3537
9586 3539
9590 3540
9594 3542
9598 3543
9602 3545
9606 3546
9610 3547
9614 3549
9618 3551
9622 3552
9626 3553
9630 3555
9634 3556
9638 3558
9642 3559
9646 3561
9650 3562
9654 3564
9658 3565
9662 3567
9666 3568
9670 3570
9674 3571
9678 3573
9682 3574
9686 3575
9690 3577
9694 3579
9698 3580
9702 3581
9706 3583
9710 3584
9714 3586
9718 3587
9722 3589
9726 3591
9730 3592
9734 3593
9738 3595
9742 3597
9746 3598
9750 3599
9754 3601
9758 3602
9762 3604
9766 3605
9770 3607
9774 3608
9778 3610
9782 3611
9786 3613
9790 3614
9794 3616
9798 3617
9802 3619
9806 3620
9810 3622
9814 3623
9818 3625
9822 3626
9826 3628
9830 3629
9834 3631
9838 3632
9842 3634
9846 3635
9850 3637
9854 3638
9858 3640
9862 3641
9866 3643
9870 3644
9874 3646
9878 3647
9882 3649
9886 3650
9890 3652
9894 3653
9898 3655
9902 3656
9906 3657
9910 3659
9914 3661
9918 3662
9922 3664
9926 3665
9930 3667
9934 3668
9938 3669
9942 3671
9946 3673
9950 3674
9954 3675
9958 3677
9962 3679
9966 3680
9970 3681
9974 3683
9978 3685
9982 3686
9986 3687
9990 3689
9994 3691
9998 3692
10002 3693
10006 3695
10010 3696
10014 3698
10018 3699
10022 3701
10026 3702
10030 3704
10034 3705
10038 3707
10042 3708
10046 3710
10050 3711
10054 3713
10058 3715
10062 3716
10066 3717
10070 3719
10074 3720
10078 3722
10082 3723
10086 3725
10090 3727
10094 3728
10098 3729
10102 3731
10106 3733
10110 3734
10114 3735
10118 3737
10122 3739
10126 3740
10130 3741
10134 3743
10138 3745
10142 3746
10146 3747
10150 3749
10154 3750
10158 3752
10162 3753
10166 3755
10170 3757
10174 3758
10178 3759
10182 3761
10186 3763
10190 3764
10194 3765
10198 3767
10202 3769
10206 3770
10210 3771
10214 3773
10218 3775
10222 3776
10226 3777
10230 3779
10234 3781
10238 3782
10242 3784
10246 3785
10250 3787
10254 3788
10258 3790
10262 3791
10266 3793
10270 3794
10274 3795
10278 3797
10282 3799
10286 3800
10290 3801
10294 3803
10298 3805
10302 3806
10306 3808
10310 3809
10314 3811
10318 3812
10322 3814
10326 3815
10330 3817
10334 3818
10338 3820
10342 3821
10346 3823
10350 3824
10354 3826
10358 3827
10362 3829
10366 3830
10370 3832
10374 3833
10378 3835
10382 3836
10386 3838
10390 3839
10394 3841
10398 3842
10402 3843
10406 3845
10410 3846
10414 3848
10418 3849
10422 3851
10426 3852
10430 3854
10434 3855
10438 3857
10442 3858
10446 3860
10450 3861
10454 3863
10458 3864
10462 3866
10466 3867
10470 3869
10474 3870
10478 3871
10482 3873
10486 3875
10490 3876
10494 3877
10498 3879
10502 3880
10506 3882
10510 3883
10514 3885
10518 3886
10522 3888
10526 3889
10530 3891
10534 3892
10538 3893
10542 3895
10546 3896
10550 3898
10554 3899
10558 3901
10562 3902
10566 3904
10570 3905
10574 3907
10578 3908
10582 3910
10586 3911
10590 3913
10594 3914
10598 3915
10602 3917
10606 3919
10610 3920
10614 3921
10618 3923
10622 3924
10626 3926
10630 3927
10634 3929
10638 3930
10642 3932
10646 3933
10650 3935
10654 3936
10658 3938
10662 3939
10666 3941
10670 3942
10674 3943
10678 3945
10682 3947
10686 3948
10690 3949
10694 3951
10698 3953
10702 3954
10706 3955
10710 3957
10714 3958
10718 3960
10722 3961
10726 3963
10730 3964
10734 3966
10738 3967
10742 3969
10746 3970
10750 3972
10754 3973
10758 3975
10762 3976
10766 3978
10770 3979
10774 3981
10778 3982
10782 3984
10786 3985
10790 3987
10794 3988
10798 3990
10802 3991
10806 3993
10810 3994
10814 3995
10818 3997
10822 3999
10826 4000
10830 4001
10834 4003
10838 4005
10842 4006
10846 4007
10850 4009
10854 4010
10858 4012
10862 4013
10866 4015
10870 4016
10874 4018
10878 4019
10882 4021
10886 4022
10890 4024
10894 4025
10898 4027
10902 4028
10906 4030
10910 4031
10914 4033
10918 4034
10922 4036
10926 4037
10930 4039
10934 4040
10938 4042
10942 4043
10946 4045
10950 4046
10954 4048
10958 4049
10962 4051
10966 4052
10970 4054
10974 4055
10978 4057
10982 4058
10986 4060
10990 4061
10994 4063
10998 4064
11002 4066
11006 4067
11010 4069
11014 4070
11018 4072
11022 4073
11026 4075
11030 4077
11034 4078
11038 4079
11042 4081
11046 4083
11050 4084
11054 4085
11058 4087
11062 4089
11066 4090
11070 4092
11074 4093
11078 4095
11082 4096
11086 4098
11090 4099
11094 4101
11098 4102
11102 4104
11106 4105
11110 4107
11114 4108
11118 4110
11122 4111
11126 4113
11130 4114
11134 4116
11138 4117
11142 4119
11146 4120
11150 4122
11154 4123
11158 4125
11162 4126
11166 4128
11170 4129
11174 4131
11178 4132
11182 4134
11186 4135
11190 4137
11194 4138
11198 4140
11202 4141
11206 4143
11210 4145
11214 4146
11218 4147
11222 4149
11226 4150
11230 4152
11234 4153
11238 4155
11242 4156
11246 4158
11250 4159
11254 4161
11258 4162
11262 4164
11266 4165
11270 4167
11274 4168
11278 4170
11282 4171
11286 4173
11290 4174
11294 4176
11298 4177
11302 4179
11306 4180
11310 4182
11314 4183
11318 4185
11322 4186
11326 4188
11330 4189
11334 4191
11338 4192
11342 4194
11346 4195
11350 4197
11354 4198
11358 4199
11362 4201
11366 4202
11370 4204
11374 4205
11378 4207
11382 4208
11386 4210
11390 4211
11394 4213
11398 4214
11402 4216
11406 4217
11410 4219
11414 4220
11418 4222
11422 4223
11426 4225
11430 4226
11434 4227
11438 4229
11442 4230
11446 4232
11450 4233
11454 4235
11458 4236
11462 4237
11466 4239
11470 4241
11474 4242
11478 4243
11482 4245
11486 4246
11490 4248
11494 4249
11498 4251
11502 4252
11506 4254
11510 4255
11514 4257
11518 4258
11522 4259
11526 4261
11530 4263
11534 4264
11538 4265
11542 4267
11546 4268
11550 4270
11554 4271
11558 4273
11562 4274
11566 4276
11570 4277
11574 4279
11578 4280
11582 4282
11586 4283
11590 4285
11594 4286
11598 4288
11602 4289
11606 4291
11610 4292
11614 4293
11618 4295
11622 4296
11626 4298
11630 4299
11634 4301
11638 4302
11642 4304
11646 4305
11650 4307
11654 4308
11658 4310
11662 4311
11666 4313
11670 4314
11674 4316
11678 4317
11682 4319
11686 4320
11690 4322
11694 4323
11698 4325
11702 4326
11706 4328
11710 4329
11714 4331
11718 4332
11722 4334
11726 4335
11730 4337
11734 4338
11738 4340
11742 4341
11746 4343
11750 4344
11754 4346
11758 4347
11762 4349
11766 4350
11770 4352
11774 4353
11778 4355
11782 4356
11786 4358
11790 4359
11794 4361
11798 4362
11802 4364
11806 4365
11810 4367
11814 4368
11818 4369
11822 4371
11826 4372
11830 4374
11834 4375
11838 4377
11842 4378
11846 4380
11850 4381
11854 4383
11858 4385
11862 4386
11866 4387
11870 4389
11874 4390
11878 4392
11882 4393
11886 4395
11890 4396
11894 4398
11898 4399
11902 4401
11906 4402
11910 4404
11914 4405
11918 4407
11922 4408
11926 4410
11930 4411
11934 4413
11938 4414
11942 4416
11946 4417
11950 4419
11954 4420
11958 4422
11962 4423
11966 4425
11970 4426
11974 4428
11978 4429
11982 4431
11986 4432
11990 4434
11994 4435
11998 4437
12002 4438
12006 4440
12010 4441
12014 4443
12018 4444
12022 4446
12026 4447
12030 4449
12034 4450
12038 4452
12042 4453
12046 4455
12050 4456
12054 4458
12058 4459
12062 4461
12066 4462
12070 4464
12074 4465
12078 4467
12082 4468
12086 4470
12090 4471
12094 4473
12098 4474
12102 4476
12106 4477
12110 4479
12114 4480
12118 4482
12122 4483
12126 4485
12130 4486
12134 4488
12138 4489
12142 4491
12146 4492
12150 4494
12154 4495
12158 4497
12162 4498
12166 4500
12170 4501
12174 4503
12178 4505
12182 4506
12186 4507
12190 4509
12194 4511
12198 4512
12202 4513
12206 4515
12210 4516
12214 4518
12218 4519
12222 4521
12226 4522
12230 4524
12234 4525
12238 4527
12242 4529
12246 4530
12250 4531
12254 4533
12258 4535
12262 4536
12266 4537
12270 4539
12274 4541
12278 4542
12282 4543
12286 4545
12290 4547
12294 4548
12298 4549
12302 4551
12306 4553
12310 4554
12314 4555
12318 4557
12322 4558
12326 4560
12330 4561
12334 4563
12338 4564
12342 4566
12346 4567
12350 4569
12354 4570
12358 4572
12362 4573
12366 4575
12370 4576
12374 4578
12378 4579
12382 4581
12386 4582
12390 4583
12394 4585
12398 4587
12402 4588
12406 4589
12410 4591
12414 4592
12418 4594
12422 4595
12426 4597
12430 4598
12434 4600
12438 4601
12442 4603
12446 4604
12450 4605
12454 4607
12458 4609
12462 4610
12466 4611
12470 4613
12474 4614
12478 4616
12482 4617
12486 4619
12490 4620
12494 4622
12498 4623
12502 4625
12506 4626
12510 4627
12514 4629
12518 4630
12522 4632
12526 4633
12530 4635
12534 4636
12538 4638
12542 4639
12546 4641
12550 4642
12554 4644
12558 4645
12562 4647
12566 4648
12570 4649
12574 4651
12578 4653
12582 4654
12586 4655
12590 4657
12594 4658
12598 4660
12602 4661
12606 4663
12610 4664
12614 4666
12618 4667
12622 4669
12626 4670
12630 4672
12634 4673
12638 4675
12642 4676
12646 4678
12650 4679
12654 4681
12658 4682
12662 4683
12666 4685
12670 4687
12674 4688
12678 4689
12682 4691
12686 4693
12690 4694
12694 4695
12698 4697
12702 4698
12706 4700
12710 4701
12714 4703
12718 4704
12722 4706
12726 4707
12730 4709
12734 4710
12738 4712
12742 4713
12746 4715
12750 4716
12754 4718
12758 4719
12762 4721
12766 4722
12770 4724
12774 4725
12778 4727
12782 4728
12786 4729
12790 4731
12794 4732
12798 4734
12802 4735
12806 4737
12810 4738
12814 4740
12818 4741
12822 4743
12826 4745
12830 4746
12834 4747
12838 4749
12842 4751
12846 4752
12850 4753
12854 4755
12858 4756
12862 4758
12866 4759
12870 4761
12874 4762
12878 4764
12882 4765
12886 4767
12890 4769
12894 4770
12898 4771
12902 4773
12906 4775
12910 4776
12914 4777
12918 4779
12922 4780
12926 4782
12930 4783
12934 4785
12938 4787
12942 4788
12946 4790
12950 4791
12954 4793
12958 4794
12962 4796
12966 4797
12970 4799
12974 4800
12978 4802
12982 4803
12986 4805
12990 4806
12994 4808
12998 4809
13002 4811
13006 4812
13010 4814
13014 4815
13018 4817
13022 4818
13026 4820
13030 4821
13034 4823
13038 4824
13042 4826
13046 4827
13050 4829
13054 4830
13058 4832
13062 4833
13066 4835
13070 4836
13074 4838
13078 4839
13082 4841
13086 4843
13090 4844
13094 4845
13098 4847
13102 4849
13106 4850
13110 4851
13114 4853
13118 4855
13122 4856
13126 4857
13130 4859
13134 4861
13138 4862
13142 4863
13146 4865
13150 4867
13154 4868
13158 4869
13162 4871
13166 4873
13170 4874
13174 4875
13178 4877
13182 4879
13186 4880
13190 4881
13194 4883
13198 4884
13202 4886
13206 4887
13210 4889
13214 4890
13218 4892
13222 4893
13226 4895
13230 4896
13234 4898
13238 4899
13242 4901
13246 4902
13250 4904
13254 4905
13258 4907
13262 4908
13266 4910
13270 4911
13274 4913
13278 4914
13282 4916
13286 4917
13290 4919
13294 4920
13298 4922
13302 4923
13306 4925
13310 4926
13314 4927
13318 4929
13322 4931
13326 4932
13330 4933
13334 4935
13338 4936
13342 4938
13346 4939
13350 4941
13354 4942
13358 4944
13362 4945
13366 4947
13370 4948
13374 4949
13378 4951
13382 4952
13386 4954
13390 4955
13394 4957
13398 4958
13402 4960
13406 4961
13410 4963
13414 4964
13418 4965
13422 4967
13426 4969
13430 4970
13434 4971
13438 4973
13442 4974
13446 4976
13450 4977
13454 4979
13458 4980
13462 4982
13466 4983
13470 4985
13474 4986
13478 4988
13482 4989
13486 4991
13490 4992
13494 4993
13498 4995
13502 4996
13506 4998
13510 4999
13514 5001
13518 5002
13522 5004
13526 5005
13530 5007
13534 5008
13538 5010
13542 5011
13546 5013
13550 5014
13554 5016
13558 5017
13562 5019
13566 5020
13570 5022
13574 5023
13578 5025
13582 5026
13586 5028
13590 5029
13594 5031
13598 5032
13602 5034
13606 5035
13610 5037
13614 5038
13618 5039
13622 5041
13626 5043
13630 5044
13634 5045
13638 5047
13642 5048
13646 5050
13650 5051
13654 5053
13658 5055
13662 5056
13666 5057
13670 5059
13674 5061
13678 5062
13682 5063
13686 5065
13690 5067
13694 5068
13698 5069
13702 5071
13706 5072
13710 5074
13714 5075
13718 5077
13722 5078
13726 5080
13730 5081
13734 5083
13738 5084
13742 5086
13746 5087
13750 5089
13754 5090
13758 5092
13762 5093
13766 5095
13770 5096
13774 5098
13778 5099
13782 5101
13786 5102
13790 5104
13794 5105
13798 5107
13802 5108
13806 5110
13810 5111
13814 5113
13818 5114
13822 5115
13826 5117
13830 5119
13834 5120
13838 5121
13842 5123
13846 5125
13850 5126
13854 5128
13858 5129
13862 5131
13866 5132
13870 5134
13874 5135
13878 5137
13882 5138
13886 5139
13890 5141
13894 5143
13898 5144
13902 5145
13906 5147
13910 5149
13914 5150
13918 5151
13922 5153
13926 5155
13930 5156
13934 5157
13938 5159
13942 5161
13946 5162
13950 5163
13954 5165
13958 5167
13962 5168
13966 5169
13970 5171
13974 5173
13978 5174
13982 5175
13986 5177
13990 5179
13994 5180
13998 5181
14002 5183
14006 5185
14010 5186
14014 5187
14018 5189
14022 5191
14026 5192
14030 5194
14034 5195
14038 5197
14042 5198
14046 5200
14050 5201
14054 5203
14058 5204
14062 5206
14066 5207
14070 5209
14074 5210
14078 5212
14082 5213
14086 5215
14090 5216
14094 5218
14098 5219
14102 5221
14106 5222
14110 5224
14114 5225
14118 5227
14122 5228
14126 5230
14130 5231
14134 5233
14138 5234
14142 5236
14146 5237
14150 5239
14154 5240
14158 5242
14162 5243
14166 5245
14170 5246
14174 5248
14178 5249
14182 5251
14186 5252
14190 5254
14194 5255
14198 5257
14202 5258
14206 5260
14210 5261
14214 5263
14218 5264
14222 5266
14226 5267
14230 5269
14234 5270
14238 5272
14242 5273
14246 5275
14250 5276
14254 5278
14258 5279
14262 5281
14266 5282
14270 5284
14274 5285
14278 5287
14282 5288
14286 5290
14290 5291
14294 5293
14298 5294
14302 5295
14306 5297
14310 5299
14314 5300
14318 5301
14322 5303
14326 5304
14330 5306
14334 5307
14338 5309
14342 5310
14346 5312
14350 5313
14354 5315
14358 5316
14362 5317
14366 5319
14370 5320
14374 5322
14378 5323
14382 5325
14386 5326
14390 5328
14394 5329
14398 5331
14402 5332
14406 5333
14410 5335
14414 5337
14418 5338
14422 5339
14426 5341
14430 5342
14434 5344
14438 5345
14442 5347
14446 5348
14450 5350
14454 5351
14458 5353
14462 5354
14466 5355
14470 5357
14474 5359
14478 5360
14482 5361
14486 5363
14490 5364
14494 5366
14498 5367
14502 5369
14506 5370
14510 5372
14514 5373
14518 5375
14522 5376
14526 5378
14530 5379
14534 5381
14538 5382
14542 5384
14546 5385
14550 5387
14554 5388
14558 5390
14562 5391
14566 5393
14570 5394
14574 5395
14578 5397
14582 5398
14586 5400
14590 5401
14594 5403
14598 5404
14602 5406
14606 5407
14610 5409
14614 5410
14618 5412
14622 5413
14626 5415
14630 5416
14634 5418
14638 5419
14642 5421
14646 5422
14650 5424
14654 5425
14658 5427
14662 5428
14666 5430
14670 5431
14674 5433
14678 5434
14682 5435
14686 5437
14690 5439
14694 5440
14698 5441
14702 5443
14706 5445
14710 5446
14714 5447
14718 5449
14722 5450
14726 5452
14730 5453
14734 5455
14738 5456
14742 5458
14746 5459
14750 5461
14754 5462
14758 5464
14762 5465
14766 5467
14770 5468
14774 5470
14778 5471
14782 5473
14786 5474
14790 5476
14794 5477
14798 5479
14802 5480
14806 5482
14810 5483
14814 5485
14818 5487
14822 5488
14826 5489
14830 5491
14834 5492
14838 5494
14842 5495
14846 5497
14850 5498
14854 5500
14858 5501
14862 5503
14866 5504
14870 5506
14874 5507
14878 5509
14882 5511
14886 5512
14890 5513
14894 5515
14898 5517
14902 5518
14906 5520
14910 5521
14914 5523
14918 5524
14922 5526
14926 5527
14930 5529
14934 5530
14938 5532
14942 5533
14946 5535
14950 5536
14954 5538
14958 5539
14962 5541
14966 5542
14970 5544
14974 5545
14978 5547
14982 5548
14986 5550
14990 5551
14994 5553
14998 5554
15002 5556
15006 5557
15010 5559
15014 5560
15018 5562
15022 5563
15026 5565
15030 5566
15034 5568
15038 5569
15042 5571
15046 5572
15050 5574
15054 5575
15058 5577
15062 5578
15066 5580
15070 5581
15074 5583
15078 5585
15082 5586
15086 5587
15090 5589
15094 5591
15098 5592
15102 5593
15106 5595
15110 5596
15114 5598
15118 5599
15122 5601
15126 5602
15130 5604
15134 5605
15138 5607
15142 5608
15146 5610
15150 5611
15154 5613
15158 5614
15162 5616
15166 5617
15170 5619
15174 5620
15178 5622
15182 5623
15186 5625
15190 5626
15194 5628
15198 5629
15202 5631
15206 5632
15210 5634
15214 5635
15218 5637
15222 5638
15226 5640
15230 5641
15234 5643
15238 5644
15242 5645
15246 5647
15250 5648
15254 5650
15258 5651
15262 5653
15266 5654
15270 5656
15274 5657
15278 5659
15282 5660
15286 5662
15290 5663
15294 5665
15298 5666
15302 5667
15306 5669
15310 5670
15314 5672
15318 5673
15322 5675
15326 5676
15330 5678
15334 5679
15338 5681
15342 5682
15346 5684
15350 5685
15354 5687
15358 5688
15362 5689
15366 5691
15370 5692
15374 5694
15378 5695
15382 5697
15386 5698
15390 5700
15394 5701
15398 5703
15402 5704
15406 5706
15410 5707
15414 5709
15418 5710
15422 5712
15426 5713
15430 5715
15434 5716
15438 5717
15442 5719
15446 5720
15450 5722
15454 5723
15458 5725
15462 5726
15466 5728
15470 5729
15474 5731
15478 5732
15482 5734
15486 5735
15490 5737
15494 5738
15498 5740
15502 5741
15506 5743
15510 5744
15514 5746
15518 5747
15522 5749
15526 5750
15530 5752
15534 5753
15538 5755
15542 5756
15546 5758
15550 5759
15554 5761
15558 5762
15562 5764
15566 5765
15570 5767
15574 5768
15578 5769
15582 5771
15586 5773
15590 5774
15594 5776
15598 5777
15602 5779
15606 5780
15610 5782
15614 5783
15618 5785
15622 5786
15626 5788
15630 5789
15634 5791
15638 5792
15642 5793
15646 5795
15650 5797
15654 5798
15658 5799
15662 5801
15666 5803
15670 5804
15674 5805
15678 5807
15682 5808
15686 5810
15690 5811
15694 5813
15698 5814
15702 5816
15706 5817
15710 5819
15714 5820
15718 5822
15722 5823
15726 5825
15730 5826
15734 5828
15738 5829
15742 5831
15746 5832
15750 5834
15754 5835
15758 5837
15762 5838
15766 5840
15770 5841
15774 5843
15778 5844
15782 5846
15786 5847
15790 5849
15794 5850
15798 5852
15802 5853
15806 5855
15810 5856
15814 5858
15818 5859
15822 5861
15826 5862
15830 5864
15834 5865
15838 5867
15842 5868
15846 5870
15850 5871
15854 5873
15858 5874
15862 5876
15866 5877
15870 5879
15874 5880
15878 5882
15882 5883
15886 5885
15890 5886
15894 5888
15898 5889
15902 5891
15906 5892
15910 5894
15914 5895
15918 5897
15922 5898
15926 5900
15930 5901
15934 5903
15938 5904
15942 5906
15946 5907
15950 5909
15954 5910
15958 5912
15962 5913
15966 5915
15970 5916
15974 5918
15978 5919
15982 5921
15986 5922
15990 5924
15994 5925
15998 5927
16002 5928
16006 5930
16010 5931
16014 5933
16018 5934
16022 5936
16026 5937
16030 5939
16034 5940
16038 5942
16042 5943
16046 5945
16050 5946
16054 5948
16058 5949
16062 5951
16066 5953
16070 5954
16074 5955
16078 5957
16082 5958
16086 5960
16090 5961
16094 5963
16098 5964
16102 5966
16106 5967
16110 5969
16114 5971
16118 5972
16122 5973
16126 5975
16130 5977
16134 5978
16138 5979
16142 5981
16146 5983
16150 5984
16154 5985
16158 5987
16162 5989
16166 5990
16170 5991
16174 5993
16178 5995
16182 5996
16186 5997
16190 5999
16194 6000
16198 6002
16202 6003
16206 6005
16210 6006
16214 6008
16218 6009
16222 6011
16226 6012
16230 6014
16234 6015
16238 6017
16242 6018
16246 6020
16250 6021
16254 6023
16258 6024
16262 6025
16266 6027
16270 6028
16274 6030
16278 6031
16282 6033
16286 6034
16290 6036
16294 6037
16298 6039
16302 6040
16306 6042
16310 6043
16314 6045
16318 6046
16322 6047
16326 6049
16330 6050
16334 6052
16338 6053
16342 6055
16346 6056
16350 6057
16354 6059
16358 6061
16362 6062
16366 6063
16370 6065
16374 6066
16378 6068
16382 6069
16386 6071
16390 6072
16394 6074
16398 6075
16402 6077
16406 6078
16410 6079
16414 6081
16418 6082
16422 6084
16426 6085
16430 6087
16434 6088
16438 6090
16442 6091
16446 6093
16450 6094
16454 6096
16458 6097
16462 6099
16466 6100
16470 6102
16474 6103
16478 6105
16482 6106
16486 6108
16490 6109
16494 6111
16498 6112
16502 6114
16506 6115
16510 6117
16514 6118
16518 6119
16522 6121
16526 6123
16530 6124
16534 6125
16538 6127
16542 6128
16546 6130
16550 6131
16554 6133
16558 6134
16562 6136
16566 6137
16570 6139
16574 6140
16578 6142
16582 6143
16586 6145
16590 6146
16594 6148
16598 6149
16602 6151
16606 6152
16610 6154
16614 6155
16618 6157
16622 6158
16626 6160
16630 6161
16634 6163
16638 6164
16642 6165
16646 6167
16650 6169
16654 6170
16658 6171
16662 6173
16666 6174
16670 6176
16674 6177
16678 6179
16682 6180
16686 6182
16690 6183
16694 6185
16698 6187
16702 6188
16706 6189
16710 6191
16714 6193
16718 6194
16722 6195
16726 6197
16730 6199
16734 6200
16738 6201
16742 6203
16746 6204
16750 6206
16754 6207
16758 6209
16762 6211
16766 6212
16770 6214
16774 6215
16778 6217
16782 6218
16786 6219
16790 6221
16794 6223
16798 6224
16802 6225
16806 6227
16810 6229
16814 6230
16818 6232
16822 6233
16826 6235
16830 6236
16834 6238
16838 6239
16842 6241
16846 6242
16850 6244
16854 6245
16858 6247
16862 6248
16866 6250
16870 6251
16874 6253
16878 6254
16882 6256
16886 6257
16890 6259
16894 6261
16898 6262
16902 6263
16906 6265
16910 6267
16914 6268
16918 6269
16922 6271
16926 6273
16930 6274
16934 6275
16938 6277
16942 6279
16946 6280
16950 6282
16954 6283
16958 6285
16962 6286
16966 6288
16970 6289
16974 6291
16978 6292
16982 6293
16986 6295
16990 6297
16994 6298
16998 6299
17002 6301
17006 6303
17010 6304
17014 6306
17018 6307
17022 6309
17026 6310
17030 6312
17034 6313
17038 6315
17042 6316
17046 6317
17050 6319
17054 6321
17058 6322
17062 6323
17066 6325
17070 6327
17074 6328
17078 6329
17082 6331
17086 6333
17090 6334
17094 6335
17098 6337
17102 6338
17106 6340
17110 6341
17114 6343
17118 6344
17122 6346
17126 6347
17130 6349
17134 6350
17138 6352
17142 6353
17146 6355
17150 6356
17154 6358
17158 6359
17162 6361
17166 6362
17170 6364
17174 6365
17178 6367
17182 6368
17186 6369
17190 6371
17194 6373
17198 6374
17202 6375
17206 6377
17210 6378
17214 6380
17218 6381
17222 6383
17226 6384
17230 6386
17234 6387
17238 6389
17242 6390
17246 6391
17250 6393
17254 6394
17258 6396
17262 6397
17266 6399
17270 6400
17274 6402
17278 6403
17282 6405
17286 6406
17290 6408
17294 6409
17298 6411
17302 6412
17306 6413
17310 6415
17314 6416
17318 6418
17322 6419
17326 6421
17330 6422
17334 6424
17338 6425
17342 6427
17346 6428
17350 6430
17354 6431
17358 6433
17362 6434
17366 6435
17370 6437
17374 6439
17378 6440
17382 6441
17386 6443
17390 6444
17394 6446
17398 6447
17402 6449
17406 6450
17410 6452
17414 6453
17418 6455
17422 6456
17426 6458
17430 6459
17434 6461
17438 6462
17442 6464
17446 6465
17450 6467
17454 6468
17458 6470
17462 6471
17466 6473
17470 6474
17474 6476
17478 6477
17482 6479
17486 6480
17490 6482
17494 6483
17498 6485
17502 6486
17506 6488
17510 6489
17514 6491
17518 6492
17522 6494
17526 6495
17530 6497
17534 6498
17538 6500
17542 6501
17546 6503
17550 6504
17554 6506
17558 6507
17562 6509
17566 6510
17570 6511
17574 6513
17578 6515
17582 6516
17586 6517
17590 6519
17594 6521
17598 6522
17602 6523
17606 6525
17610 6526
17614 6528
17618 6529
17622 6531
17626 6532
17630 6534
17634 6535
17638 6537
17642 6538
17646 6540
17650 6541
17654 6543
17658 6544
17662 6546
17666 6547
17670 6549
17674 6550
17678 6552
17682 6553
17686 6555
17690 6556
17694 6558
17698 6559
17702 6561
17706 6562
17710 6564
17714 6565
17718 6567
17722 6568
17726 6570
17730 6571
17734 6573
17738 6574
17742 6576
17746 6577
17750 6579
17754 6580
17758 6582
17762 6583
17766 6585
17770 6586
17774 6588
17778 6589
17782 6591
17786 6592
17790 6594
17794 6595
17798 6597
17802 6598
17806 6600
17810 6601
17814 6603
17818 6604
17822 6606
17826 6607
17830 6609
17834 6610
17838 6612
17842 6613
17846 6615
17850 6616
17854 6618
17858 6619
17862 6621
17866 6622
17870 6624
17874 6625
17878 6627
17882 6628
17886 6630
17890 6631
17894 6633
17898 6634
17902 6636
17906 6637
17910 6639
17914 6640
17918 6642
17922 6643
17926 6645
17930 6646
17934 6648
17938 6649
17942 6651
17946 6652
17950 6654
17954 6655
17958 6657
17962 6658
17966 6660
17970 6661
17974 6663
17978 6665
17982 6666
17986 6667
17990 6669
17994 6671
17998 6672
18002 6673
18006 6675
18010 6677
18014 6678
18018 6680
18022 6681
18026 6683
18030 6684
18034 6686
18038 6687
18042 6689
18046 6690
18050 6692
18054 6693
18058 6695
18062 6696
18066 6697
18070 6699
18074 6701
18078 6702
18082 6703
18086 6705
18090 6707
18094 6708
18098 6710
18102 6711
18106 6713
18110 6714
18114 6716
18118 6717
18122 6719
18126 6720
18130 6721
18134 6723
18138 6725
18142 6726
18146 6727
18150 6729
18154 6730
18158 6732
18162 6733
18166 6735
18170 6736
18174 6738
18178 6739
18182 6741
18186 6742
18190 6743
18194 6745
18198 6747
18202 6748
18206 6749
18210 6751
18214 6752
18218 6754
18222 6755
18226 6757
18230 6758
18234 6760
18238 6761
18242 6763
18246 6764
18250 6765
18254 6767
18258 6768
18262 6770
18266 6771
18270 6773
18274 6774
18278 6776
18282 6777
18286 6779
18290 6780
18294 6781
18298 6783
18302 6785
18306 6786
18310 6787
18314 6789
18318 6790
18322 6792
18326 6793
18330 6795
18334 6796
18338 6798
18342 6799
18346 6801
18350 6802
18354 6803
18358 6805
18362 6807
18366 6808
18370 6809
18374 6811
18378 6812
18382 6814
18386 6815
18390 6817
18394 6818
18398 6820
18402 6821
18406 6823
18410 6824
18414 6826
18418 6827
18422 6829
18426 6830
18430 6832
18434 6833
18438 6835
18442 6836
18446 6837
18450 6839
18454 6841
18458 6842
18462 6843
18466 6845
18470 6846
18474 6848
18478 6849
18482 6851
18486 6852
18490 6854
18494 6855
18498 6857
18502 6858
18506 6860
18510 6861
18514 6863
18518 6864
18522 6866
18526 6867
18530 6869
18534 6870
18538 6872
18542 6873
18546 6875
18550 6876
18554 6878
18558 6879
18562 6881
18566 6882
18570 6884
18574 6885
18578 6887
18582 6888
18586 6890
18590 6891
18594 6893
18598 6894
18602 6895
18606 6897
18610 6899
18614 6900
18618 6901
18622 6903
18626 6905
18630 6906
18634 6907
18638 6909
18642 6911
18646 6912
18650 6913
18654 6915
18658 6917
18662 6918
18666 6919
18670 6921
18674 6923
18678 6924
18682 6925
18686 6927
18690 6929
18694 6930
18698 6931
18702 6933
18706 6935
18710 6936
18714 6938
18718 6939
18722 6941
18726 6942
18730 6944
18734 6945
18738 6947
18742 6948
18746 6950
18750 6951
18754 6953
18758 6954
18762 6956
18766 6957
18770 6959
18774 6960
18778 6962
18782 6963
18786 6965
18790 6966
18794 6968
18798 6969
18802 6971
18806 6972
18810 6974
18814 6975
18818 6977
18822 6979
18826 6980
18830 6981
18834 6983
18838 6985
18842 6986
18846 6987
18850 6989
18854 6990
18858 6992
18862 6993
18866 6995
18870 6997
18874 6998
18878 6999
18882 7001
18886 7003
18890 7004
18894 7005
18898 7007
18902 7009
18906 7010
18910 7011
18914 7013
18918 7015
18922 7016
18926 7017
18930 7019
18934 7021
18938 7022
18942 7023
18946 7025
18950 7027
18954 7028
18958 7029
18962 7031
18966 7033
18970 7034
18974 7035
18978 7037
18982 7038
18986 7040
18990 7041
18994 7043
18998 7044
19002 7046
19006 7047
19010 7049
19014 7050
19018 7052
19022 7053
19026 7055
19030 7056
19034 7058
19038 7059
19042 7061
19046 7062
19050 7064
19054 7065
19058 7067
19062 7068
19066 7070
19070 7071
19074 7073
19078 7074
19082 7076
19086 7077
19090 7079
19094 7080
19098 7082
19102 7083
19106 7085
19110 7086
19114 7087
19118 7089
19122 7090
19126 7092
19130 7093
19134 7095
19138 7096
19142 7098
19146 7099
19150 7101
19154 7102
19158 7104
19162 7105
19166 7107
19170 7108
19174 7109
19178 7111
19182 7112
19186 7114
19190 7115
19194 7117
19198 7118
19202 7120
19206 7121
19210 7123
19214 7124
19218 7126
19222 7127
19226 7129
19230 7130
19234 7131
19238 7133
19242 7134
19246 7136
19250 7137
19254 7139
19258 7140
19262 7142
19266 7143
19270 7145
19274 7146
19278 7148
19282 7149
19286 7151
19290 7152
19294 7153
19298 7155
19302 7157
19306 7158
19310 7159
19314 7161
19318 7162
19322 7164
19326 7165
19330 7167
19334 7168
19338 7170
19342 7171
19346 7173
19350 7174
19354 7176
19358 7177
19362 7179
19366 7180
19370 7182
19374 7183
19378 7185
19382 7186
19386 7188
19390 7189
19394 7191
19398 7192
19402 7194
19406 7195
19410 7197
19414 7198
19418 7200
19422 7201
19426 7203
19430 7204
19434 7206
19438 7207
19442 7209
19446 7210
19450 7212
19454 7213
19458 7215
19462 7216
19466 7218
19470 7219
19474 7221
19478 7222
19482 7224
19486 7225
19490 7227
19494 7228
19498 7229
19502 7231
19506 7233
19510 7234
19514 7235
19518 7237
19522 7239
19526 7240
19530 7241
19534 7243
19538 7244
19542 7246
19546 7247
19550 7249
19554 7250
19558 7252
19562 7253
19566 7255
19570 7256
19574 7258
19578 7259
19582 7261
19586 7262
19590 7264
19594 7265
19598 7267
19602 7268
19606 7270
19610 7271
19614 7273
19618 7274
19622 7276
19626 7277
19630 7279
19634 7280
19638 7282
19642 7283
19646 7285
19650 7286
19654 7288
19658 7289
19662 7291
19666 7292
19670 7294
19674 7295
19678 7297
19682 7298
19686 7300
19690 7301
19694 7303
19698 7304
19702 7306
19706 7307
19710 7309
19714 7310
19718 7312
19722 7313
19726 7315
19730 7316
19734 7318
19738 7319
19742 7321
19746 7322
19750 7324
19754 7325
19758 7327
19762 7328
19766 7330
19770 7331
19774 7333
19778 7334
19782 7336
19786 7337
19790 7339
19794 7340
19798 7342
19802 7343
19806 7345
19810 7346
19814 7348
19818 7349
19822 7351
19826 7352
19830 7354
19834 7355
19838 7357
19842 7358
19846 7360
19850 7361
19854 7363
19858 7364
19862 7366
19866 7367
19870 7369
19874 7370
19878 7372
19882 7373
19886 7375
19890 7376
19894 7378
19898 7379
19902 7381
19906 7382
19910 7384
19914 7385
19918 7387
19922 7388
19926 7390
19930 7391
19934 7393
19938 7394
19942 7396
19946 7397
19950 7399
19954 7400
19958 7402
19962 7403
19966 7405
19970 7406
19974 7408
19978 7409
19982 7411
19986 7412
19990 7414
19994 7415
19998 7417
20002 7418
20006 7420
20010 7421
20014 7423
20018 7424
20022 7426
20026 7427
20030 7429
20034 7431
20038 7432
20042 7433
20046 7435
20050 7436
20054 7438
20058 7439
20062 7441
20066 7442
20070 7444
20074 7445
20078 7447
20082 7448
20086 7450
20090 7451
20094 7453
20098 7454
20102 7456
20106 7457
20110 7459
20114 7460
20118 7461
20122 7463
20126 7464
20130 7466
20134 7467
20138 7469
20142 7470
20146 7472
20150 7473
20154 7475
20158 7476
20162 7477
20166 7479
20170 7481
20174 7482
20178 7483
20182 7485
20186 7486
20190 7488
20194 7489
20198 7491
20202 7492
20206 7493
20210 7495
20214 7496
20218 7498
20222 7499
20226 7501
20230 7502
20234 7504
20238 7505
20242 7507
20246 7508
20250 7509
20254 7511
20258 7513
20262 7514
20266 7515
20270 7517
20274 7518
20278 7520
20282 7521
20286 7523
20290 7524
20294 7526
20298 7527
20302 7529
20306 7530
20310 7531
20314 7533
20318 7535
20322 7536
20326 7537
20330 7539
20334 7540
20338 7542
20342 7543
20346 7545
20350 7546
20354 7548
20358 7549
20362 7551
20366 7552
20370 7554
20374 7555
20378 7557
20382 7558
20386 7560
20390 7561
20394 7563
20398 7564
20402 7566
20406 7567
20410 7569
20414 7570
20418 7572
20422 7573
20426 7575
20430 7576
20434 7578
20438 7579
20442 7581
20446 7582
20450 7583
20454 7585
20458 7587
20462 7588
20466 7589
20470 7591
20474 7592
20478 7594
20482 7595
20486 7597
20490 7598
20494 7600
20498 7601
20502 7603
20506 7604
20510 7606
20514 7607
20518 7609
20522 7610
20526 7612
20530 7613
20534 7615
20538 7616
20542 7618
20546 7619
20550 7621
20554 7622
20558 7624
20562 7625
20566 7627
20570 7628
20574 7630
20578 7631
20582 7633
20586 7634
20590 7636
20594 7637
20598 7639
20602 7640
20606 7642
20610 7643
20614 7645
20618 7646
20622 7648
20626 7649
20630 7651
20634 7652
20638 7654
20642 7655
20646 7657
20650 7658
20654 7660
20658 7661
20662 7663
20666 7664
20670 7666
20674 7667
20678 7669
20682 7671
20686 7672
20690 7673
20694 7675
20698 7677
20702 7678
20706 7679
20710 7681
20714 7683
20718 7684
20722 7685
20726 7687
20730 7689
20734 7690
20738 7692
20742 7693
20746 7695
20750 7696
20754 7698
20758 7699
20762 7701
20766 7702
20770 7704
20774 7705
20778 7707
20782 7708
20786 7710
20790 7711
20794 7713
20798 7714
20802 7716
20806 7717
20810 7719
20814 7720
20818 7722
20822 7723
20826 7725
20830 7726
20834 7728
20838 7729
20842 7731
20846 7732
20850 7734
20854 7735
20858 7737
20862 7738
20866 7740
20870 7741
20874 7743
20878 7744
20882 7746
20886 7747
20890 7749
20894 7750
20898 7752
20902 7753
20906 7755
20910 7756
20914 7758
20918 7759
20922 7761
20926 7762
20930 7764
20934 7765
20938 7767
20942 7768
20946 7770
20950 7771
20954 7773
20958 7774
20962 7776
20966 7777
20970 7779
20974 7780
20978 7782
20982 7783
20986 7785
20990 7786
20994 7788
20998 7789
21002 7791
21006 7792
21010 7793
21014 7795
21018 7797
21022 7798
21026 7799
21030 7801
21034 7802
21038 7804
21042 7805
21046 7807
21050 7808
21054 7810
21058 7811
21062 7813
21066 7814
21070 7815
21074 7817
21078 7819
21082 7820
21086 7821
21090 7823
21094 7824
21098 7826
21102 7827
21106 7829
21110 7830
21114 7832
21118 7833
21122 7835
21126 7836
21130 7837
21134 7839
21138 7841
21142 7842
21146 7843
21150 7845
21154 7846
21158 7848
21162 7849
21166 7851
21170 7852
21174 7854
21178 7855
21182 7857
21186 7858
21190 7859
21194 7861
21198 7863
21202 7864
21206 7865
21210 7867
21214 7868
21218 7870
21222 7871
21226 7873
21230 7874
21234 7876
21238 7877
21242 7879
21246 7880
21250 7882
21254 7883
21258 7885
21262 7886
21266 7888
21270 7889
21274 7891
21278 7892
21282 7894
21286 7895
21290 7897
21294 7898
21298 7899
21302 7901
21306 7903
21310 7904
21314 7905
21318 7907
21322 7909
21326 7910
21330 7911
21334 7913
21338 7914
21342 7916
21346 7917
21350 7919
21354 7920
21358 7922
21362 7923
21366 7925
21370 7926
21374 7928
21378 7929
21382 7931
21386 7932
21390 7934
21394 7935
21398 7937
21402 7938
21406 7940
21410 7941
21414 7943
21418 7944
21422 7946
21426 7947
21430 7949
21434 7950
21438 7952
21442 7953
21446 7955
21450 7956
21454 7958
21458 7959
21462 7961
21466 7962
21470 7964
21474 7965
21478 7967
21482 7968
21486 7970
21490 7971
21494 7973
21498 7974
21502 7975
21506 7977
21510 7979
21514 7980
21518 7981
21522 7983
21526 7985
21530 7986
21534 7987
21538 7989
21542 7990
21546 7992
21550 7993
21554 7995
21558 7996
21562 7998
21566 7999
21570 8001
21574 8002
21578 8004
21582 8005
21586 8007
21590 8008
21594 8010
21598 8011
21602 8013
21606 8014
21610 8016
21614 8017
21618 8019
21622 8020
21626 8022
21630 8023
21634 8025
21638 8026
21642 8028
21646 8029
21650 8031
21654 8032
21658 8034
21662 8035
21666 8037
21670 8038
21674 8040
21678 8041
21682 8043
21686 8044
21690 8046
21694 8047
21698 8049
21702 8050
21706 8052
21710 8053
21714 8055
21718 8056
21722 8058
21726 8059
21730 8061
21734 8062
21738 8064
21742 8065
21746 8067
21750 8068
21754 8070
21758 8071
21762 8073
21766 8074
21770 8076
21774 8077
21778 8079
21782 8081
21786 8082
21790 8083
21794 8085
21798 8087
21802 8088
21806 8089
21810 8091
21814 8093
21818 8094
21822 8095
21826 8097
21830 8099
21834 8100
21838 8102
21842 8103
21846 8105
21850 8106
21854 8108
21858 8109
21862 8111
21866 8112
21870 8114
21874 8115
21878 8117
21882 8118
21886 8120
21890 8121
21894 8123
21898 8124
21902 8126
21906 8127
21910 8129
21914 8130
21918 8132
21922 8133
21926 8135
21930 8136
21934 8138
21938 8139
21942 8141
21946 8142
21950 8144
21954 8145
21958 8147
21962 8148
21966 8150
21970 8151
21974 8153
21978 8154
21982 8156
21986 8157
21990 8159
21994 8160
21998 8161
22002 8163
22006 8165
22010 8166
22014 8167
22018 8169
22022 8170
22026 8172
22030 8173
22034 8175
22038 8176
22042 8178
22046 8179
22050 8181
22054 8182
22058 8184
22062 8185
22066 8187
22070 8188
22074 8189
22078 8191
22082 8192
22086 8194
22090 8195
22094 8197
22098 8198
22102 8200
22106 8201
22110 8203
22114 8204
22118 8205
22122 8207
22126 8209
22130 8210
22134 8211
22138 8213
22142 8214
22146 8216
22150 8217
22154 8219
22158 8220
22162 8221
22166 8223
22170 8225
22174 8226
22178 8227
22182 8229
22186 8230
22190 8232
22194 8233
22198 8235
22202 8236
22206 8238
22210 8239
22214 8241
22218 8242
22222 8243
22226 8245
22230 8247
22234 8248
22238 8249
22242 8251
22246 8252
22250 8254
22254 8255
22258 8257
22262 8258
22266 8260
22270 8261
22274 8263
22278 8264
22282 8266
22286 8267
22290 8269
22294 8270
22298 8272
22302 8273
22306 8275
22310 8276
22314 8278
22318 8279
22322 8281
22326 8282
22330 8284
22334 8285
22338 8287
22342 8288
22346 8289
22350 8291
22354 8293
22358 8294
22362 8295
22366 8297
22370 8299
22374 8300
22378 8301
22382 8303
22386 8304
22390 8306
22394 8307
22398 8309
22402 8310
22406 8312
22410 8313
22414 8315
22418 8316
22422 8318
22426 8319
22430 8321
22434 8322
22438 8324
22442 8325
22446 8327
22450 8328
22454 8330
22458 8331
22462 8333
22466 8334
22470 8336
22474 8337
22478 8339
22482 8340
22486 8342
22490 8343
22494 8345
22498 8346
22502 8348
22506 8349
22510 8351
22514 8352
22518 8354
22522 8355
22526 8357
22530 8358
22534 8360
22538 8361
22542 8363
22546 8364
22550 8366
22554 8367
22558 8369
22562 8370
22566 8372
22570 8373
22574 8375
22578 8376
22582 8378
22586 8379
22590 8381
22594 8382
22598 8384
22602 8385
22606 8387
22610 8388
22614 8390
22618 8391
22622 8393
22626 8394
22630 8396
22634 8397
22638 8399
22642 8400
22646 8402
22650 8403
22654 8405
22658 8407
22662 8408
22666 8409
22670 8411
22674 8413
22678 8414
22682 8415
22686 8417
22690 8419
22694 8420
22698 8422
22702 8423
22706 8425
22710 8426
22714 8428
22718 8429
22722 8431
22726 8432
22730 8434
22734 8435
22738 8437
22742 8438
22746 8440
22750 8441
22754 8443
22758 8444
22762 8446
22766 8447
22770 8449
22774 8450
22778 8452
22782 8453
22786 8455
22790 8456
22794 8458
22798 8459
22802 8461
22806 8462
22810 8464
22814 8465
22818 8467
22822 8468
22826 8470
22830 8471
22834 8473
22838 8474
22842 8476
22846 8477
22850 8479
22854 8480
22858 8481
22862 8483
22866 8485
22870 8486
22874 8488
22878 8489
22882 8491
22886 8492
22890 8494
22894 8495
22898 8497
22902 8498
22906 8499
22910 8501
22914 8503
22918 8504
22922 8505
22926 8507
22930 8509
22934 8510
22938 8511
22942 8513
22946 8515
22950 8516
22954 8517
22958 8519
22962 8520
22966 8522
22970 8523
22974 8525
22978 8526
22982 8528
22986 8529
22990 8531
22994 8532
22998 8534
23002 8535
23006 8537
23010 8538
23014 8539
23018 8541
23022 8542
23026 8544
23030 8545
23034 8547
23038 8548
23042 8550
23046 8551
23050 8553
23054 8554
23058 8556
23062 8557
23066 8559
23070 8560
23074 8561
23078 8563
23082 8564
23086 8566
23090 8567
23094 8569
23098 8570
23102 8572
23106 8573
23110 8575
23114 8576
23118 8578
23122 8579
23126 8581
23130 8582
23134 8584
23138 8585
23142 8587
23146 8588
23150 8589
23154 8591
23158 8592
23162 8594
23166 8595
23170 8597
23174 8598
23178 8600
23182 8601
23186 8603
23190 8604
23194 8606
23198 8607
23202 8609
23206 8610
23210 8612
23214 8613
23218 8615
23222 8616
23226 8617
23230 8619
23234 8621
23238 8622
23242 8623
23246 8625
23250 8626
23254 8628
23258 8630
23262 8631
23266 8633
23270 8634
23274 8635
23278 8637
23282 8639
23286 8640
23290 8641
23294 8643
23298 8645
23302 8646
23306 8647
23310 8649
23314 8650
23318 8652
23322 8653
23326 8655
23330 8656
23334 8658
23338 8659
23342 8661
23346 8662
23350 8664
23354 8665
23358 8667
23362 8668
23366 8670
23370 8671
23374 8673
23378 8674
23382 8676
23386 8677
23390 8679
23394 8680
23398 8682
23402 8683
23406 8685
23410 8686
23414 8688
23418 8689
23422 8691
23426 8692
23430 8693
23434 8695
23438 8697
23442 8698
23446 8699
23450 8701
23454 8703
23458 8704
23462 8705
23466 8707
23470 8709
23474 8710
23478 8711
23482 8713
23486 8714
23490 8716
23494 8717
23498 8719
23502 8720
23506 8722
23510 8723
23514 8725
23518 8727
23522 8728
23526 8729
23530 8731
23534 8732
23538 8734
23542 8735
23546 8737
23550 8738
23554 8740
23558 8741
23562 8743
23566 8744
23570 8746
23574 8747
23578 8749
23582 8750
23586 8752
23590 8753
23594 8755
23598 8757
23602 8758
23606 8759
23610 8761
23614 8762
23618 8764
23622 8765
23626 8767
23630 8768
23634 8770
23638 8771
23642 8773
23646 8775
23650 8776
23654 8777
23658 8779
23662 8781
23666 8782
23670 8783
23674 8785
23678 8787
23682 8788
23686 8789
23690 8791
23694 8793
23698 8794
23702 8796
23706 8797
23710 8799
23714 8800
23718 8802
23722 8803
23726 8805
23730 8806
23734 8808
23738 8809
23742 8811
23746 8812
23750 8814
23754 8815
23758 8817
23762 8818
23766 8820
23770 8821
23774 8823
23778 8824
23782 8826
23786 8827
23790 8829
23794 8830
23798 8832
23802 8833
23806 8835
23810 8836
23814 8838
23818 8839
23822 8841
23826 8842
23830 8844
23834 8845
23838 8847
23842 8848
23846 8850
23850 8851
23854 8853
23858 8854
23862 8856
23866 8857
23870 8859
23874 8860
23878 8862
23882 8863
23886 8865
23890 8866
23894 8868
23898 8869
23902 8871
23906 8872
23910 8874
23914 8875
23918 8877
23922 8878
23926 8880
23930 8881
23934 8883
23938 8884
23942 8886
23946 8887
23950 8889
23954 8890
23958 8892
23962 8893
23966 8895
23970 8896
23974 8897
23978 8899
23982 8900
23986 8902
23990 8903
23994 8905
23998 8906
24002 8908
24006 8909
24010 8911
24014 8912
24018 8914
24022 8915
24026 8916
24030 8918
24034 8919
24038 8921
24042 8922
24046 8924
24050 8925
24054 8927
24058 8928
24062 8929
24066 8931
24070 8932
24074 8934
24078 8935
24082 8937
24086 8938
24090 8940
24094 8941
24098 8943
24102 8944
24106 8946
24110 8947
24114 8949
24118 8950
24122 8951
24126 8953
24130 8954
24134 8956
24138 8957
24142 8959
24146 8960
24150 8962
24154 8963
24158 8965
24162 8966
24166 8968
24170 8969
24174 8971
24178 8972
24182 8973
24186 8975
24190 8976
24194 8978
24198 8979
24202 8981
24206 8982
24210 8984
24214 8985
24218 8987
24222 8988
24226 8990
24230 8991
24234 8993
24238 8994
24242 8996
24246 8997
24250 8999
24254 9000
24258 9002
24262 9003
24266 9005
24270 9006
24274 9007
24278 9009
24282 9011
24286 9012
24290 9014
24294 9015
24298 9017
24302 9018
24306 9019
24310 9021
24314 9023
24318 9024
24322 9025
24326 9027
24330 9028
24334 9030
24338 9031
24342 9033
24346 9034
24350 9036
24354 9037
24358 9039
24362 9040
24366 9042
24370 9043
24374 9045
24378 9046
24382 9048
24386 9049
24390 9051
24394 9052
24398 9054
24402 9055
24406 9057
24410 9058
24414 9060
24418 9061
24422 9063
24426 9064
24430 9066
24434 9067
24438 9069
24442 9070
24446 9072
24450 9073
24454 9075
24458 9076
24462 9078
24466 9079
24470 9081
24474 9082
24478 9084
24482 9085
24486 9087
24490 9088
24494 9090
24498 9091
24502 9093
24506 9094
24510 9096
24514 9097
24518 9099
24522 9100
24526 9102
24530 9103
24534 9105
24538 9106
24542 9108
24546 9109
24550 9111
24554 9113
24558 9114
24562 9115
24566 9117
24570 9119
24574 9120
24578 9121
24582 9123
24586 9125
24590 9126
24594 9128
24598 9129
24602 9131
24606 9132
24610 9134
24614 9135
24618 9137
24622 9138
24626 9140
24630 9141
24634 9143
24638 9144
24642 9146
24646 9147
24650 9149
24654 9150
24658 9152
24662 9153
24666 9155
24670 9156
24674 9158
24678 9159
24682 9161
24686 9162
24690 9164
24694 9165
24698 9167
24702 9168
24706 9170
24710 9171
24714 9173
24718 9174
24722 9176
24726 9177
24730 9179
24734 9180
24738 9182
24742 9183
24746 9185
24750 9186
24754 9188
24758 9189
24762 9191
24766 9192
24770 9194
24774 9195
24778 9197
24782 9198
24786 9200
24790 9201
24794 9203
24798 9204
24802 9206
24806 9207
24810 9209
24814 9210
24818 9212
24822 9213
24826 9215
24830 9216
24834 9218
24838 9219
24842 9221
24846 9222
24850 9224
24854 9225
24858 9227
24862 9228
24866 9230
24870 9231
24874 9233
24878 9234
24882 9235
24886 9237
24890 9239
24894 9240
24898 9241
24902 9243
24906 9244
24910 9246
24914 9247
24918 9249
24922 9250
24926 9252
24930 9253
24934 9255
24938 9256
24942 9258
24946 9259
24950 9261
24954 9262
24958 9263
24962 9265
24966 9267
24970 9268
24974 9269
24978 9271
24982 9272
24986 9274
24990 9275
24994 9277
24998 9278
25002 9280
25006 9281
25010 9283
25014 9284
25018 9285
25022 9287
25026 9288
25030 9290
25034 9291
25038 9293
25042 9294
25046 9296
25050 9297
25054 9299
25058 9300
25062 9302
25066 9303
25070 9305
25074 9306
25078 9307
25082 9309
25086 9311
25090 9312
25094 9313
25098 9315
25102 9316
25106 9318
25110 9319
25114 9321
25118 9322
25122 9324
25126 9325
25130 9327
25134 9328
25138 9330
25142 9331
25146 9333
25150 9334
25154 9336
25158 9337
25162 9339
25166 9340
25170 9342
25174 9343
25178 9345
25182 9346
25186 9348
25190 9349
25194 9351
25198 9352
25202 9354
25206 9355
25210 9357
25214 9358
25218 9359
25222 9361
25226 9363
25230 9364
25234 9365
25238 9367
25242 9368
25246 9370
25250 9371
25254 9373
25258 9374
25262 9376
25266 9377
25270 9379
25274 9380
25278 9382
25282 9383
25286 9385
25290 9386
25294 9388
25298 9389
25302 9391
25306 9392
25310 9394
25314 9395
25318 9397
25322 9398
25326 9400
25330 9401
25334 9403
25338 9404
25342 9406
25346 9407
25350 9409
25354 9410
25358 9411
25362 9413
25366 9415
25370 9416
25374 9417
25378 9419
25382 9420
25386 9422
25390 9423
25394 9425
25398 9426
25402 9428
25406 9429
25410 9431
25414 9432
25418 9434
25422 9435
25426 9437
25430 9438
25434 9440
25438 9441
25442 9443
25446 9444
25450 9446
25454 9447
25458 9449
25462 9450
25466 9452
25470 9453
25474 9455
25478 9456
25482 9458
25486 9459
25490 9461
25494 9462
25498 9464
25502 9465
25506 9467
25510 9468
25514 9470
25518 9471
25522 9473
25526 9474
25530 9476
25534 9477
25538 9479
25542 9480
25546 9482
25550 9483
25554 9485
25558 9486
25562 9488
25566 9489
25570 9491
25574 9492
25578 9494
25582 9495
25586 9497
25590 9499
25594 9500
25598 9501
25602 9503
25606 9505
25610 9506
25614 9507
25618 9509
25622 9511
25626 9512
25630 9513
25634 9515
25638 9517
25642 9518
25646 9520
25650 9521
25654 9523
25658 9524
25662 9526
25666 9527
25670 9529
25674 9530
25678 9532
25682 9533
25686 9535
25690 9536
25694 9538
25698 9539
25702 9541
25706 9542
25710 9544
25714 9545
25718 9547
25722 9548
25726 9550
25730 9551
25734 9553
25738 9554
25742 9556
25746 9557
25750 9559
25754 9560
25758 9562
25762 9563
25766 9565
25770 9566
25774 9568
25778 9569
25782 9571
25786 9572
25790 9574
25794 9575
25798 9577
25802 9578
25806 9580
25810 9581
25814 9583
25818 9584
25822 9586
25826 9587
25830 9589
25834 9590
25838 9592
25842 9593
25846 9595
25850 9596
25854 9598
25858 9599
25862 9601
25866 9602
25870 9604
25874 9605
25878 9607
25882 9608
25886 9609
25890 9611
25894 9613
25898 9614
25902 9615
25906 9617
25910 9619
25914 9620
25918 9621
25922 9623
25926 9624
25930 9626
25934 9627
25938 9629
25942 9630
25946 9632
25950 9633
25954 9635
25958 9636
25962 9637
25966 9639
25970 9640
25974 9642
25978 9643
25982 9645
25986 9646
25990 9648
25994 9649
25998 9651
26002 9652
26006 9653
26010 9655
26014 9656
26018 9658
26022 9659
26026 9661
26030 9662
26034 9664
26038 9665
26042 9667
26046 9668
26050 9669
26054 9671
26058 9673
26062 9674
26066 9675
26070 9677
26074 9678
26078 9680
26082 9681
26086 9683
26090 9684
26094 9686
26098 9687
26102 9689
26106 9690
26110 9691
26114 9693
26118 9695
26122 9696
26126 9697
26130 9699
26134 9700
26138 9702
26142 9703
26146 9705
26150 9706
26154 9708
26158 9709
26162 9711
26166 9712
26170 9714
26174 9715
26178 9717
26182 9718
26186 9720
26190 9721
26194 9723
26198 9724
26202 9726
26206 9727
26210 9729
26214 9730
26218 9732
26222 9733
26226 9735
26230 9736
26234 9738
26238 9739
26242 9741
26246 9742
26250 9743
26254 9745
26258 9747
26262 9748
26266 9749
26270 9751
26274 9752
26278 9754
26282 9755
26286 9757
26290 9758
26294 9760
26298 9761
26302 9763
26306 9765
26310 9766
26314 9767
26318 9769
26322 9770
26326 9772
26330 9773
26334 9775
26338 9776
26342 9778
26346 9779
26350 9781
26354 9782
26358 9784
26362 9785
26366 9787
26370 9788
26374 9790
26378 9791
26382 9793
26386 9794
26390 9796
26394 9797
26398 9799
26402 9800
26406 9802
26410 9803
26414 9805
26418 9807
26422 9808
26426 9809
26430 9811
26434 9812
26438 9814
26442 9815
26446 9817
26450 9818
26454 9820
26458 9821
26462 9823
26466 9824
26470 9826
26474 9827
26478 9829
26482 9831
26486 9832
26490 9833
26494 9835
26498 9837
26502 9838
26506 9840
26510 9841
26514 9843
26518 9844
26522 9846
26526 9847
26530 9849
26534 9850
26538 9852
26542 9853
26546 9855
26550 9856
26554 9858
26558 9859
26562 9861
26566 9862
26570 9864
26574 9865
26578 9867
26582 9868
26586 9870
26590 9871
26594 9873
26598 9874
26602 9876
26606 9877
26610 9879
26614 9880
26618 9882
26622 9883
26626 9885
26630 9886
26634 9888
26638 9889
26642 9891
26646 9892
26650 9894
26654 9895
26658 9897
26662 9898
26666 9900
26670 9901
26674 9903
26678 9904
26682 9906
26686 9907
26690 9909
26694 9910
26698 9912
26702 9913
26706 9915
26710 9916
26714 9918
26718 9919
26722 9921
26726 9922
26730 9924
26734 9925
26738 9927
26742 9928
26746 9930
26750 9931
26754 9933
26758 9934
26762 9936
26766 9937
26770 9939
26774 9940
26778 9941
26782 9943
26786 9945
26790 9946
26794 9947
26798 9949
26802 9951
26806 9952
26810 9953
26814 9955
26818 9956
26822 9958
26826 9959
26830 9961
26834 9962
26838 9964
26842 9965
26846 9967
26850 9968
26854 9970
26858 9971
26862 9973
26866 9974
26870 9976
26874 9977
26878 9979
26882 9980
26886 9981
26890 9983
26894 9984
26898 9986
26902 9987
26906 9989
26910 9990
26914 9992
26918 9993
26922 9995
26926 9996
26930 9997
26934 9999
26938 10001
26942 10002
26946 10003
26950 10005
26954 10006
26958 10008
26962 10009
26966 10011
26970 10012
26974 10014
26978 10015
26982 10017
26986 10018
26990 10020
26994 10021
26998 10023
27002 10024
27006 10025
27010 10027
27014 10028
27018 10030
27022 10031
27026 10033
27030 10034
27034 10036
27038 10037
27042 10039
27046 10040
27050 10042
27054 10043
27058 10045
27062 10046
27066 10048
27070 10049
27074 10051
27078 10052
27082 10054
27086 10055
27090 10057
27094 10058
27098 10059
27102 10061
27106 10063
27110 10064
27114 10065
27118 10067
27122 10069
27126 10070
27130 10071
27134 10073
27138 10075
27142 10076
27146 10077
27150 10079
27154 10080
27158 10082
27162 10083
27166 10085
27170 10086
27174 10088
27178 10089
27182 10091
27186 10092
27190 10094
27194 10095
27198 10097
27202 10098
27206 10100
27210 10101
27214 10103
27218 10104
27222 10106
27226 10107
27230 10109
27234 10110
27238 10112
27242 10113
27246 10115
27250 10116
27254 10118
27258 10119
27262 10121
27266 10122
27270 10123
27274 10125
27278 10127
27282 10128
27286 10129
27290 10131
27294 10132
27298 10134
27302 10135
27306 10137
27310 10138
27314 10140
27318 10141
27322 10143
27326 10144
27330 10146
27334 10147
27338 10149
27342 10150
27346 10152
27350 10153
27354 10155
27358 10156
27362 10158
27366 10159
27370 10161
27374 10162
27378 10164
27382 10165
27386 10167
27390 10168
27394 10170
27398 10171
27402 10173
27406 10174
27410 10176
27414 10177
27418 10179
27422 10180
27426 10182
27430 10183
27434 10185
27438 10186
27442 10188
27446 10189
27450 10191
27454 10192
27458 10194
27462 10195
27466 10197
27470 10198
27474 10200
27478 10201
27482 10203
27486 10204
27490 10206
27494 10207
27498 10209
27502 10210
27506 10212
27510 10213
27514 10215
27518 10216
27522 10218
27526 10219
27530 10221
27534 10222
27538 10224
27542 10225
27546 10227
27550 10228
27554 10230
27558 10231
27562 10233
27566 10234
27570 10236
27574 10237
27578 10239
27582 10240
27586 10242
27590 10243
27594 10245
27598 10246
27602 10248
27606 10249
27610 10251
27614 10252
27618 10254
27622 10255
27626 10257
27630 10259
27634 10260
27638 10261
27642 10263
27646 10265
27650 10266
27654 10267
27658 10269
27662 10271
27666 10272
27670 10273
27674 10275
27678 10277
27682 10278
27686 10280
27690 10281
27694 10283
27698 10284
27702 10286
27706 10287
27710 10289
27714 10290
27718 10292
27722 10293
27726 10295
27730 10296
27734 10298
27738 10299
27742 10301
27746 10302
27750 10304
27754 10305
27758 10307
27762 10308
27766 10310
27770 10311
27774 10313
27778 10314
27782 10316
27786 10317
27790 10319
27794 10320
27798 10321
27802 10323
27806 10325
27810 10326
27814 10327
27818 10329
27822 10330
27826 10332
27830 10333
27834 10335
27838 10336
27842 10338
27846 10339
27850 10341
27854 10342
27858 10344
27862 10345
27866 10347
27870 10348
27874 10349
27878 10351
27882 10352
27886 10354
27890 10355
27894 10357
27898 10358
27902 10360
27906 10361
27910 10363
27914 10364
27918 10365
27922 10367
27926 10369
27930 10370
27934 10371
27938 10373
27942 10374
27946 10376
27950 10377
27954 10379
27958 10380
27962 10382
27966 10383
27970 10385
27974 10386
27978 10387
27982 10389
27986 10390
27990 10392
27994 10393
27998 10395
28002 10396
28006 10398
28010 10399
28014 10401
28018 10402
28022 10403
28026 10405
28030 10407
28034 10408
28038 10409
28042 10411
28046 10412
28050 10414
28054 10415
28058 10417
28062 10418
28066 10420
28070 10421
28074 10423
28078 10424
28082 10426
28086 10427
28090 10429
28094 10430
28098 10432
28102 10433
28106 10435
28110 10436
28114 10438
28118 10439
28122 10441
28126 10442
28130 10444
28134 10445
28138 10447
28142 10448
28146 10449
28150 10451
28154 10453
28158 10454
28162 10455
28166 10457
28170 10459
28174 10460
28178 10462
28182 10463
28186 10465
28190 10466
28194 10467
28198 10469
28202 10470
28206 10472
28210 10473
28214 10475
28218 10476
28222 10478
28226 10479
28230 10481
28234 10483
28238 10484
28242 10485
28246 10487
28250 10488
28254 10490
28258 10491
28262 10493
28266 10494
28270 10496
28274 10497
28278 10499
28282 10500
28286 10502
28290 10503
28294 10505
28298 10506
28302 10508
28306 10509
28310 10511
28314 10512
28318 10514
28322 10515
28326 10517
28330 10518
28334 10520
28338 10521
28342 10523
28346 10524
28350 10526
28354 10527
28358 10529
28362 10530
28366 10532
28370 10533
28374 10535
28378 10536
28382 10538
28386 10539
28390 10541
28394 10542
28398 10544
28402 10545
28406 10547
28410 10549
28414 10550
28418 10551
28422 10553
28426 10555
28430 10556
28434 10558
28438 10559
28442 10561
28446 10562
28450 10564
28454 10565
28458 10567
28462 10568
28466 10570
28470 10571
28474 10573
28478 10574
28482 10576
28486 10577
28490 10579
28494 10580
28498 10582
28502 10583
28506 10585
28510 10586
28514 10588
28518 10589
28522 10591
28526 10592
28530 10594
28534 10595
28538 10597
28542 10598
28546 10600
28550 10601
28554 10603
28558 10604
28562 10606
28566 10607
28570 10609
28574 10610
28578 10612
28582 10613
28586 10615
28590 10616
28594 10618
28598 10619
28602 10621
28606 10622
28610 10624
28614 10625
28618 10627
28622 10628
28626 10630
28630 10631
28634 10633
28638 10634
28642 10636
28646 10637
28650 10639
28654 10640
28658 10642
28662 10643
28666 10645
28670 10646
28674 10648
28678 10649
28682 10651
28686 10652
28690 10654
28694 10655
28698 10657
28702 10658
28706 10659
28710 10661
28714 10663
28718 10664
28722 10665
28726 10667
28730 10668
28734 10670
28738 10671
28742 10673
28746 10674
28750 10676
28754 10677
28758 10679
28762 10680
28766 10682
28770 10683
28774 10685
28778 10686
28782 10688
28786 10689
28790 10691
28794 10692
28798 10694
28802 10695
28806 10697
28810 10698
28814 10699
28818 10701
28822 10702
28826 10704
28830 10705
28834 10707
28838 10708
28842 10710
28846 10711
28850 10713
28854 10714
28858 10715
28862 10717
28866 10718
28870 10720
28874 10721
28878 10723
28882 10724
28886 10726
28890 10727
28894 10729
28898 10730
28902 10732
28906 10733
28910 10735
28914 10736
28918 10737
28922 10739
28926 10740
28930 10742
28934 10743
28938 10745
28942 10746
28946 10748
28950 10749
28954 10751
28958 10752
28962 10754
28966 10755
28970 10757
28974 10758
28978 10760
28982 10761
28986 10763
28990 10764
28994 10765
28998 10767
29002 10769
29006 10770
29010 10771
29014 10773
29018 10775
29022 10776
29026 10777
29030 10779
29034 10780
29038 10782
29042 10783
29046 10785
29050 10786
29054 10788
29058 10789
29062 10791
29066 10792
29070 10794
29074 10795
29078 10797
29082 10798
29086 10800
29090 10801
29094 10803
29098 10804
29102 10806
29106 10807
29110 10809
29114 10810
29118 10812
29122 10813
29126 10815
29130 10816
29134 10818
29138 10819
29142 10821
29146 10822
29150 10824
29154 10825
29158 10827
29162 10828
29166 10830
29170 10831
29174 10833
29178 10834
29182 10835
29186 10837
29190 10839
29194 10840
29198 10841
29202 10843
29206 10845
29210 10846
29214 10847
29218 10849
29222 10850
29226 10852
29230 10853
29234 10855
29238 10856
29242 10858
29246 10859
29250 10861
29254 10862
29258 10864
29262 10865
29266 10867
29270 10868
29274 10870
29278 10871
29282 10873
29286 10874
29290 10876
29294 10877
29298 10879
29302 10880
29306 10882
29310 10883
29314 10885
29318 10886
29322 10888
29326 10889
29330 10891
29334 10892
29338 10894
29342 10895
29346 10897
29350 10898
29354 10900
29358 10901
29362 10903
29366 10904
29370 10906
29374 10907
29378 10909
29382 10910
29386 10912
29390 10913
29394 10915
29398 10916
29402 10918
29406 10919
29410 10921
29414 10922
29418 10924
29422 10925
29426 10927
29430 10928
29434 10930
29438 10931
29442 10933
29446 10934
29450 10936
29454 10937
29458 10939
29462 10940
29466 10942
29470 10943
29474 10945
29478 10946
29482 10948
29486 10949
29490 10951
29494 10952
29498 10954
29502 10955
29506 10957
29510 10959
29514 10960
29518 10961
29522 10963
29526 10965
29530 10966
29534 10968
29538 10969
29542 10971
29546 10972
29550 10973
29554 10975
29558 10977
29562 10978
29566 10979
29570 10981
29574 10983
29578 10984
29582 10986
29586 10987
29590 10989
29594 10990
29598 10992
29602 10993
29606 10995
29610 10996
29614 10998
29618 10999
29622 11001
29626 11002
29630 11004
29634 11005
29638 11007
29642 11008
29646 11010
29650 11011
29654 11013
29658 11014
29662 11016
29666 11017
29670 11019
29674 11020
29678 11022
29682 11023
29686 11025
29690 11026
29694 11028
29698 11029
29702 11031
29706 11032
29710 11034
29714 11035
29718 11037
29722 11038
29726 11040
29730 11041
29734 11043
29738 11044
29742 11045
29746 11047
29750 11048
29754 11050
29758 11051
29762 11053
29766 11054
29770 11056
29774 11057
29778 11059
29782 11060
29786 11062
29790 11063
29794 11065
29798 11066
29802 11067
29806 11069
29810 11070
29814 11072
29818 11073
29822 11075
29826 11076
29830 11078
29834 11079
29838 11081
29842 11082
29846 11084
29850 11085
29854 11087
29858 11088
29862 11089
29866 11091
29870 11092
29874 11094
29878 11095
29882 11097
29886 11098
29890 11100
29894 11101
29898 11103
29902 11104
29906 11105
29910 11107
29914 11108
29918 11110
29922 11111
29926 11113
29930 11114
29934 11116
29938 11117
29942 11119
29946 11120
29950 11121
29954 11123
29958 11125
29962 11126
29966 11127
29970 11129
29974 11130
29978 11132
29982 11133
29986 11135
29990 11136
29994 11138
29998 11139
