10 0
14 0
18 0
22 0
26 0
30 0
34 0
38 0
42 0
46 0
50 0
54 0
58 0
62 0
66 1
70 1
74 1
78 1
82 1
86 1
90 1
94 1
98 1
102 1
106 1
110 1
114 1
118 2
122 2
126 2
130 2
134 2
138 2
142 2
146 2
150 2
154 2
158 3
162 3
166 3
170 3
174 3
178 3
182 3
186 3
190 3
194 3
198 3
202 4
206 4
210 4
214 4
218 4
222 4
226 4
230 4
234 4
238 5
242 5
246 5
250 5
254 5
258 5
262 5
266 5
270 5
274 5
278 5
282 6
286 6
290 6
294 6
298 6
302 6
306 6
310 6
314 6
318 7
322 7
326 7
330 7
334 7
338 7
342 7
346 7
350 7
354 7
358 7
362 8
366 8
370 8
374 8
378 8
382 8
386 8
390 8
394 8
398 9
402 9
406 9
410 9
414 9
418 9
422 9
426 9
430 9
434 9
438 9
442 9
446 10
450 10
454 10
458 10
462 10
466 10
470 10
474 10
478 10
482 10
486 11
490 11
494 11
498 11
502 11
506 11
510 11
514 11
518 11
522 11
526 11
530 12
534 12
538 12
542 12
546 12
550 12
554 12
558 12
562 12
566 13
570 13
574 13
578 13
582 13
586 13
590 13
594 13
598 13
602 13
606 13
610 13
614 14
618 14
622 14
626 14
630 14
634 14
638 14
642 14
646 14
650 14
654 15
658 15
662 15
666 15
670 15
674 15
678 15
682 15
686 15
690 15
694 15
698 16
702 16
706 16
710 16
714 16
718 16
722 16
726 16
730 16
734 17
738 17
742 17
746 17
750 17
754 17
758 17
762 17
766 17
770 17
774 17
778 17
782 18
786 18
790 18
794 18
798 18
802 18
806 18
810 18
814 18
818 19
822 19
826 19
830 19
834 19
838 19
842 19
846 19
850 19
854 19
858 19
862 20
866 20
870 20
874 20
878 20
882 20
886 20
890 20
894 20
898 21
902 21
906 21
910 21
914 21
918 21
922 21
926 21
930 21
934 21
938 21
942 22
946 22
950 22
954 22
958 22
962 22
966 22
970 22
974 22
978 23
982 23
986 23
990 23
994 23
998 23
1002 23
1006 23
1010 23
1014 23
1018 23
1022 24
1026 24
1030 24
1034 24
1038 24
1042 24
1046 24
1050 24
1054 24
1058 24
1062 25
1066 25
1070 25
1074 25
1078 25
1082 25
1086 25
1090 25
1094 25
1098 25
1102 25
1106 25
1110 26
1114 26
1118 26
1122 26
1126 26
1130 26
1134 26
1138 26
1142 27
1146 27
1150 27
1154 27
1158 27
1162 27
1166 27
1170 27
1174 27
1178 27
1182 27
1186 27
1190 28
1194 28
1198 28
1202 28
1206 28
1210 28
1214 28
1218 28
1222 28
1226 29
1230 29
1234 29
1238 29
1242 29
1246 29
1250 29
1254 29
1258 29
1262 29
1266 29
1270 29
1274 30
1278 30
1282 30
1286 30
1290 30
1294 30
1298 30
1302 30
1306 31
1310 31
1314 31
1318 31
1322 31
1326 31
1330 31
1334 31
1338 31
1342 31
1346 31
1350 31
1354 32
1358 32
1362 32
1366 32
1370 32
1374 32
1378 32
1382 32
1386 32
1390 32
1394 33
1398 33
1402 33
1406 33
1410 33
1414 33
1418 33
1422 33
1426 33
1430 33
1434 33
1438 33
1442 34
1446 34
1450 34
1454 34
1458 34
1462 34
1466 34
1470 34
1474 34
1478 35
1482 35
1486 35
1490 35
1494 35
1498 35
1502 35
1506 35
1510 35
1514 35
1518 35
1522 36
1526 36
1530 36
1534 36
1538 36
1542 36
1546 36
1550 36
1554 36
1558 37
1562 37
1566 37
1570 37
1574 37
1578 37
1582 37
1586 37
1590 37
1594 37
1598 37
1602 38
1606 38
1610 38
1614 38
1618 38
1622 38
1626 38
1630 38
1634 38
1638 39
1642 39
1646 39
1650 39
1654 39
1658 39
1662 39
1666 39
1670 39
1674 39
1678 39
1682 39
1686 40
1690 40
1694 40
1698 40
1702 40
1706 40
1710 40
1714 40
1718 40
1722 40
1726 41
1730 41
1734 41
1738 41
1742 41
1746 41
1750 41
1754 41
1758 41
1762 41
1766 41
1770 42
1774 42
1778 42
1782 42
1786 42
1790 42
1794 42
1798 42
1802 42
1806 43
1810 43
1814 43
1818 43
1822 43
1826 43
1830 43
1834 43
1838 43
1842 43
1846 43
1850 44
1854 44
1858 44
1862 44
1866 44
1870 44
1874 44
1878 44
1882 44
1886 44
1890 45
1894 45
1898 45
1902 45
1906 45
1910 45
1914 45
1918 45
1922 45
1926 45
1930 45
1934 46
1938 46
1942 46
1946 46
1950 46
1954 46
1958 46
1962 46
1966 46
1970 47
1974 47
1978 47
1982 47
1986 47
1990 47
1994 47
1998 47
2002 47
2006 47
2010 47
2014 47
2018 48
2022 48
2026 48
2030 48
2034 48
2038 48
2042 48
2046 48
2050 48
2054 48
2058 49
2062 49
2066 49
2070 49
2074 49
2078 49
2082 49
2086 49
2090 49
2094 49
2098 49
2102 50
2106 50
2110 50
2114 50
2118 50
2122 50
2126 50
2130 50
2134 50
2138 50
2142 51
2146 51
2150 51
2154 51
2158 51
2162 51
2166 51
2170 51
2174 51
2178 51
2182 51
2186 52
2190 52
2194 52
2198 52
2202 52
2206 52
2210 52
2214 52
2218 52
2222 52
2226 53
2230 53
2234 53
2238 53
2242 53
2246 53
2250 53
2254 53
2258 53
2262 53
2266 53
2270 54
2274 54
2278 54
2282 54
2286 54
2290 54
2294 54
2298 54
2302 54
2306 54
2310 54
2314 55
2318 55
2322 55
2326 55
2330 55
2334 55
2338 55
2342 55
2346 55
2350 55
2354 55
2358 55
2362 56
2366 56
2370 56
2374 56
2378 56
2382 56
2386 56
2390 56
2394 56
2398 57
2402 57
2406 57
2410 57
2414 57
2418 57
2422 57
2426 57
2430 57
2434 57
2438 57
2442 58
2446 58
2450 58
2454 58
2458 58
2462 58
2466 58
2470 58
2474 58
2478 58
2482 59
2486 59
2490 59
2494 59
2498 59
2502 59
2506 59
2510 59
2514 59
2518 59
2522 59
2526 59
2530 60
2534 60
2538 60
2542 60
2546 60
2550 60
2554 60
2558 60
2562 60
2566 61
2570 61
2574 61
2578 61
2582 61
2586 61
2590 61
2594 61
2598 61
2602 61
2606 61
2610 62
2614 62
2618 62
2622 62
2626 62
2630 62
2634 62
2638 62
2642 62
2646 62
2650 63
2654 63
2658 63
2662 63
2666 63
2670 63
2674 63
2678 63
2682 63
2686 63
2690 63
2694 63
2698 64
2702 64
2706 64
2710 64
2714 64
2718 64
2722 64
2726 64
2730 64
2734 65
2738 65
2742 65
2746 65
2750 65
2754 65
2758 65
2762 65
2766 65
2770 65
2774 65
2778 65
2782 66
2786 66
2790 66
2794 66
2798 66
2802 66
2806 66
2810 66
2814 66
2818 67
2822 67
2826 67
2830 67
2834 67
2838 67
2842 67
2846 67
2850 67
2854 67
2858 67
2862 68
2866 68
2870 68
2874 68
2878 68
2882 68
2886 68
2890 68
2894 68
2898 68
2902 69
2906 69
2910 69
2914 69
2918 69
2922 69
2926 69
2930 69
2934 69
2938 69
2942 69
2946 69
2950 70
2954 70
2958 70
2962 70
2966 70
2970 70
2974 70
2978 70
2982 70
2986 70
2990 71
2994 71
2998 71
3002 71
3006 71
3010 71
3014 71
3018 71
3022 71
3026 71
3030 71
3034 72
3038 72
3042 72
3046 72
3050 72
3054 72
3058 72
3062 72
3066 72
3070 73
3074 73
3078 73
3082 73
3086 73
3090 73
3094 73
3098 73
3102 73
3106 73
3110 73
3114 73
3118 74
3122 74
3126 74
3130 74
3134 74
3138 74
3142 74
3146 74
3150 74
3154 75
3158 75
3162 75
3166 75
3170 75
3174 75
3178 75
3182 75
3186 75
3190 75
3194 75
3198 76
3202 76
3206 76
3210 76
3214 76
3218 76
3222 76
3226 76
3230 76
3234 77
3238 77
3242 77
3246 77
3250 77
3254 77
3258 77
3262 77
3266 77
3270 77
3274 77
3278 77
3282 78
3286 78
3290 78
3294 78
3298 78
3302 78
3306 78
3310 78
3314 78
3318 79
3322 79
3326 79
3330 79
3334 79
3338 79
3342 79
3346 79
3350 79
3354 79
3358 79
3362 80
3366 80
3370 80
3374 80
3378 80
3382 80
3386 80
3390 80
3394 80
3398 81
3402 81
3406 81
3410 81
3414 81
3418 81
3422 81
3426 81
3430 81
3434 81
3438 81
3442 81
3446 82
3450 82
3454 82
3458 82
3462 82
3466 82
3470 82
3474 82
3478 82
3482 83
3486 83
3490 83
3494 83
3498 83
3502 83
3506 83
3510 83
3514 83
3518 83
3522 83
3526 84
3530 84
3534 84
3538 84
3542 84
3546 84
3550 84
3554 84
3558 84
3562 84
3566 84
3570 85
3574 85
3578 85
3582 85
3586 85
3590 85
3594 85
3598 85
3602 85
3606 85
3610 85
3614 85
3618 86
3622 86
3626 86
3630 86
3634 86
3638 86
3642 86
3646 86
3650 86
3654 87
3658 87
3662 87
3666 87
3670 87
3674 87
3678 87
3682 87
3686 87
3690 87
3694 87
3698 88
3702 88
3706 88
3710 88
3714 88
3718 88
3722 88
3726 88
3730 88
3734 88
3738 89
3742 89
3746 89
3750 89
3754 89
3758 89
3762 89
3766 89
3770 89
3774 89
3778 89
3782 89
3786 90
3790 90
3794 90
3798 90
3802 90
3806 90
3810 90
3814 90
3818 90
3822 91
3826 91
3830 91
3834 91
3838 91
3842 91
3846 91
3850 91
3854 91
3858 91
3862 91
3866 91
3870 92
3874 92
3878 92
3882 92
3886 92
3890 92
3894 92
3898 92
3902 92
3906 92
3910 93
3914 93
3918 93
3922 93
3926 93
3930 93
3934 93
3938 93
3942 93
3946 93
3950 93
3954 94
3958 94
3962 94
3966 94
3970 94
3974 94
3978 94
3982 94
3986 94
3990 94
3994 95
3998 95
4002 95
4006 95
4010 95
4014 95
4018 95
4022 95
4026 95
4030 95
4034 95
4038 96
4042 96
4046 96
4050 96
4054 96
4058 96
4062 96
4066 96
4070 96
4074 97
4078 97
4082 97
4086 97
4090 97
4094 97
4098 97
4102 97
4106 97
4110 97
4114 97
4118 97
4122 98
4126 98
4130 98
4134 98
4138 98
4142 98
4146 98
4150 98
4154 98
4158 99
4162 99
4166 99
4170 99
4174 99
4178 99
4182 99
4186 99
4190 99
4194 99
4198 99
4202 99
4206 99
4210 100
4214 100
4218 100
4222 100
4226 100
4230 100
4234 100
4238 100
4242 100
4246 100
4250 101
4254 101
4258 101
4262 101
4266 101
4270 101
4274 101
4278 101
4282 101
4286 101
4290 101
4294 102
4298 102
4302 102
4306 102
4310 102
4314 102
4318 102
4322 102
4326 102
4330 103
4334 103
4338 103
4342 103
4346 103
4350 103
4354 103
4358 103
4362 103
4366 103
4370 103
4374 103
4378 103
4382 104
4386 104
4390 104
4394 104
4398 104
4402 104
4406 104
4410 104
4414 104
4418 104
4422 105
4426 105
4430 105
4434 105
4438 105
4442 105
4446 105
4450 105
4454 105
4458 105
4462 105
4466 106
4470 106
4474 106
4478 106
4482 106
4486 106
4490 106
4494 106
4498 106
4502 106
4506 107
4510 107
4514 107
4518 107
4522 107
4526 107
4530 107
4534 107
4538 107
4542 107
4546 107
4550 107
4554 108
4558 108
4562 108
4566 108
4570 108
4574 108
4578 108
4582 108
4586 108
4590 108
4594 109
4598 109
4602 109
4606 109
4610 109
4614 109
4618 109
4622 109
4626 109
4630 109
4634 109
4638 110
4642 110
4646 110
4650 110
4654 110
4658 110
4662 110
4666 110
4670 110
4674 111
4678 111
4682 111
4686 111
4690 111
4694 111
4698 111
4702 111
4706 111
4710 111
4714 111
4718 112
4722 112
4726 112
4730 112
4734 112
4738 112
4742 112
4746 112
4750 112
4754 113
4758 113
4762 113
4766 113
4770 113
4774 113
4778 113
4782 113
4786 113
4790 113
4794 113
4798 114
4802 114
4806 114
4810 114
4814 114
4818 114
4822 114
4826 114
4830 114
4834 114
4838 115
4842 115
4846 115
4850 115
4854 115
4858 115
4862 115
4866 115
4870 115
4874 115
4878 115
4882 115
4886 116
4890 116
4894 116
4898 116
4902 116
4906 116
4910 116
4914 116
4918 117
4922 117
4926 117
4930 117
4934 117
4938 117
4942 117
4946 117
4950 117
4954 117
4958 117
4962 118
4966 118
4970 118
4974 118
4978 118
4982 118
4986 118
4990 118
4994 118
4998 119
5002 119
5006 119
5010 119
5014 119
5018 119
5022 119
5026 119
5030 119
5034 119
5038 119
5042 119
5046 120
5050 120
5054 120
5058 120
5062 120
5066 120
5070 120
5074 120
5078 121
5082 121
5086 121
5090 121
5094 121
5098 121
5102 121
5106 121
5110 121
5114 121
5118 121
5122 122
5126 122
5130 122
5134 122
5138 122
5142 122
5146 122
5150 122
5154 122
5158 122
5162 123
5166 123
5170 123
5174 123
5178 123
5182 123
5186 123
5190 123
5194 123
5198 123
5202 123
5206 124
5210 124
5214 124
5218 124
5222 124
5226 124
5230 124
5234 124
5238 124
5242 125
5246 125
5250 125
5254 125
5258 125
5262 125
5266 125
5270 125
5274 125
5278 125
5282 125
5286 126
5290 126
5294 126
5298 126
5302 126
5306 126
5310 126
5314 126
5318 127
5322 127
5326 127
5330 127
5334 127
5338 127
5342 127
5346 127
5350 127
5354 127
5358 127
5362 128
5366 128
5370 128
5374 128
5378 128
5382 128
5386 128
5390 128
5394 128
5398 129
5402 129
5406 129
5410 129
5414 129
5418 129
5422 129
5426 129
5430 129
5434 129
5438 129
5442 129
5446 130
5450 130
5454 130
5458 130
5462 130
5466 130
5470 130
5474 130
5478 130
5482 131
5486 131
5490 131
5494 131
5498 131
5502 131
5506 131
5510 131
5514 131
5518 131
5522 132
5526 132
5530 132
5534 132
5538 132
5542 132
5546 132
5550 132
5554 132
5558 133
5562 133
5566 133
5570 133
5574 133
5578 133
5582 133
5586 133
5590 133
5594 133
5598 133
5602 133
5606 134
5610 134
5614 134
5618 134
5622 134
5626 134
5630 134
5634 134
5638 134
5642 135
5646 135
5650 135
5654 135
5658 135
5662 135
5666 135
5670 135
5674 135
5678 135
5682 136
5686 136
5690 136
5694 136
5698 136
5702 136
5706 136
5710 136
5714 136
5718 137
5722 137
5726 137
5730 137
5734 137
5738 137
5742 137
5746 137
5750 137
5754 137
5758 137
5762 137
5766 138
5770 138
5774 138
5778 138
5782 138
5786 138
5790 138
5794 138
5798 138
5802 139
5806 139
5810 139
5814 139
5818 139
5822 139
5826 139
5830 139
5834 139
5838 139
5842 139
5846 140
5850 140
5854 140
5858 140
5862 140
5866 140
5870 140
5874 140
5878 141
5882 141
5886 141
5890 141
5894 141
5898 141
5902 141
5906 141
5910 141
5914 141
5918 141
5922 142
5926 142
5930 142
5934 142
5938 142
5942 142
5946 142
5950 142
5954 142
5958 143
5962 143
5966 143
5970 143
5974 143
5978 143
5982 143
5986 143
5990 143
5994 143
5998 143
6002 144
6006 144
6010 144
6014 144
6018 144
6022 144
6026 144
6030 144
6034 144
6038 145
6042 145
6046 145
6050 145
6054 145
6058 145
6062 145
6066 145
6070 145
6074 145
6078 145
6082 145
6086 146
6090 146
6094 146
6098 146
6102 146
6106 146
6110 146
6114 146
6118 147
6122 147
6126 147
6130 147
6134 147
6138 147
6142 147
6146 147
6150 147
6154 147
6158 148
6162 148
6166 148
6170 148
6174 148
6178 148
6182 148
6186 148
6190 148
6194 149
6198 149
6202 149
6206 149
6210 149
6214 149
6218 149
6222 149
6226 149
6230 149
6234 149
6238 150
6242 150
6246 150
6250 150
6254 150
6258 150
6262 150
6266 150
6270 150
6274 151
6278 151
6282 151
6286 151
6290 151
6294 151
6298 151
6302 151
6306 151
6310 151
6314 152
6318 152
6322 152
6326 152
6330 152
6334 152
6338 152
6342 152
6346 152
6350 152
6354 153
6358 153
6362 153
6366 153
6370 153
6374 153
6378 153
6382 153
6386 153
6390 153
6394 154
6398 154
6402 154
6406 154
6410 154
6414 154
6418 154
6422 154
6426 155
6430 155
6434 155
6438 155
6442 155
6446 155
6450 155
6454 155
6458 155
6462 155
6466 155
6470 156
6474 156
6478 156
6482 156
6486 156
6490 156
6494 156
6498 156
6502 157
6506 157
6510 157
6514 157
6518 157
6522 157
6526 157
6530 157
6534 157
6538 157
6542 158
6546 158
6550 158
6554 158
6558 158
6562 158
6566 158
6570 158
6574 158
6578 159
6582 159
6586 159
6590 159
6594 159
6598 159
6602 159
6606 159
6610 159
6614 159
6618 159
6622 160
6626 160
6630 160
6634 160
6638 160
6642 160
6646 160
6650 160
6654 160
6658 161
6662 161
6666 161
6670 161
6674 161
6678 161
6682 161
6686 161
6690 161
6694 161
6698 162
6702 162
6706 162
6710 162
6714 162
6718 162
6722 162
6726 162
6730 163
6734 163
6738 163
6742 163
6746 163
6750 163
6754 163
6758 163
6762 163
6766 163
6770 163
6774 164
6778 164
6782 164
6786 164
6790 164
6794 164
6798 164
6802 164
6806 165
6810 165
6814 165
6818 165
6822 165
6826 165
6830 165
6834 165
6838 165
6842 165
6846 165
6850 166
6854 166
6858 166
6862 166
6866 166
6870 166
6874 166
6878 166
6882 167
6886 167
6890 167
6894 167
6898 167
6902 167
6906 167
6910 167
6914 167
6918 167
6922 167
6926 167
6930 168
6934 168
6938 168
6942 168
6946 168
6950 168
6954 168
6958 168
6962 169
6966 169
6970 169
6974 169
6978 169
6982 169
6986 169
6990 169
6994 169
6998 169
7002 169
7006 170
7010 170
7014 170
7018 170
7022 170
7026 170
7030 170
7034 170
7038 170
7042 171
7046 171
7050 171
7054 171
7058 171
7062 171
7066 171
7070 171
7074 171
7078 171
7082 172
7086 172
7090 172
7094 172
7098 172
7102 172
7106 172
7110 172
7114 172
7118 173
7122 173
7126 173
7130 173
7134 173
7138 173
7142 173
7146 173
7150 173
7154 173
7158 174
7162 174
7166 174
7170 174
7174 174
7178 174
7182 174
7186 174
7190 174
7194 174
7198 175
7202 175
7206 175
7210 175
7214 175
7218 175
7222 175
7226 175
7230 175
7234 175
7238 175
7242 176
7246 176
7250 176
7254 176
7258 176
7262 176
7266 176
7270 176
7274 177
7278 177
7282 177
7286 177
7290 177
7294 177
7298 177
7302 177
7306 177
7310 177
7314 178
7318 178
7322 178
7326 178
7330 178
7334 178
7338 178
7342 178
7346 178
7350 179
7354 179
7358 179
7362 179
7366 179
7370 179
7374 179
7378 179
7382 179
7386 179
7390 179
7394 180
7398 180
7402 180
7406 180
7410 180
7414 180
7418 180
7422 180
7426 181
7430 181
7434 181
7438 181
7442 181
7446 181
7450 181
7454 181
7458 181
7462 181
7466 181
7470 182
7474 182
7478 182
7482 182
7486 182
7490 182
7494 182
7498 182
7502 182
7506 183
7510 183
7514 183
7518 183
7522 183
7526 183
7530 183
7534 183
7538 183
7542 183
7546 183
7550 184
7554 184
7558 184
7562 184
7566 184
7570 184
7574 184
7578 184
7582 185
7586 185
7590 185
7594 185
7598 185
7602 185
7606 185
7610 185
7614 185
7618 185
7622 185
7626 186
7630 186
7634 186
7638 186
7642 186
7646 186
7650 186
7654 186
7658 187
7662 187
7666 187
7670 187
7674 187
7678 187
7682 187
7686 187
7690 187
7694 187
7698 187
7702 188
7706 188
7710 188
7714 188
7718 188
7722 188
7726 188
7730 188
7734 189
7738 189
7742 189
7746 189
7750 189
7754 189
7758 189
7762 189
7766 189
7770 189
7774 189
7778 190
7782 190
7786 190
7790 190
7794 190
7798 190
7802 190
7806 190
7810 190
7814 191
7818 191
7822 191
7826 191
7830 191
7834 191
7838 191
7842 191
7846 191
7850 191
7854 192
7858 192
7862 192
7866 192
7870 192
7874 192
7878 192
7882 192
7886 192
7890 193
7894 193
7898 193
7902 193
7906 193
7910 193
7914 193
7918 193
7922 193
7926 193
7930 193
7934 194
7938 194
7942 194
7946 194
7950 194
7954 194
7958 194
7962 194
7966 195
7970 195
7974 195
7978 195
7982 195
7986 195
7990 195
7994 195
7998 195
8002 195
8006 195
8010 196
8014 196
8018 196
8022 196
8026 196
8030 196
8034 196
8038 196
8042 197
8046 197
8050 197
8054 197
8058 197
8062 197
8066 197
8070 197
8074 197
8078 197
8082 197
8086 197
8090 198
8094 198
8098 198
8102 198
8106 198
8110 198
8114 198
8118 198
8122 198
8126 199
8130 199
8134 199
8138 199
8142 199
8146 199
8150 199
8154 199
8158 199
8162 199
8166 199
8170 200
8174 200
8178 200
8182 200
8186 200
8190 200
8194 200
8198 200
8202 200
8206 201
8210 201
8214 201
8218 201
8222 201
8226 201
8230 201
8234 201
8238 201
8242 201
8246 201
8250 202
8254 202
8258 202
8262 202
8266 202
8270 202
8274 202
8278 202
8282 203
8286 203
8290 203
8294 203
8298 203
8302 203
8306 203
8310 203
8314 203
8318 203
8322 203
8326 204
8330 204
8334 204
8338 204
8342 204
8346 204
8350 204
8354 204
8358 204
8362 205
8366 205
8370 205
8374 205
8378 205
8382 205
8386 205
8390 205
8394 205
8398 205
8402 205
8406 206
8410 206
8414 206
8418 206
8422 206
8426 206
8430 206
8434 206
8438 207
8442 207
8446 207
8450 207
8454 207
8458 207
8462 207
8466 207
8470 207
8474 207
8478 208
8482 208
8486 208
8490 208
8494 208
8498 208
8502 208
8506 208
8510 208
8514 209
8518 209
8522 209
8526 209
8530 209
8534 209
8538 209
8542 209
8546 209
8550 209
8554 209
8558 210
8562 210
8566 210
8570 210
8574 210
8578 210
8582 210
8586 210
8590 210
8594 211
8598 211
8602 211
8606 211
8610 211
8614 211
8618 211
8622 211
8626 211
8630 211
8634 211
8638 212
8642 212
8646 212
8650 212
8654 212
8658 212
8662 212
8666 212
8670 212
8674 212
8678 213
8682 213
8686 213
8690 213
8694 213
8698 213
8702 213
8706 213
8710 213
8714 213
8718 213
8722 214
8726 214
8730 214
8734 214
8738 214
8742 214
8746 214
8750 214
8754 215
8758 215
8762 215
8766 215
8770 215
8774 215
8778 215
8782 215
8786 215
8790 215
8794 215
8798 216
8802 216
8806 216
8810 216
8814 216
8818 216
8822 216
8826 216
8830 216
8834 217
8838 217
8842 217
8846 217
8850 217
8854 217
8858 217
8862 217
8866 217
8870 217
8874 218
8878 218
8882 218
8886 218
8890 218
8894 218
8898 218
8902 218
8906 218
8910 219
8914 219
8918 219
8922 219
8926 219
8930 219
8934 219
8938 219
8942 219
8946 219
8950 219
8954 220
8958 220
8962 220
8966 220
8970 220
8974 220
8978 220
8982 220
8986 220
8990 221
8994 221
8998 221
9002 221
9006 221
9010 221
9014 221
9018 221
9022 221
9026 221
9030 222
9034 222
9038 222
9042 222
9046 222
9050 222
9054 222
9058 222
9062 222
9066 223
9070 223
9074 223
9078 223
9082 223
9086 223
9090 223
9094 223
9098 223
9102 223
9106 223
9110 224
9114 224
9118 224
9122 224
9126 224
9130 224
9134 224
9138 224
9142 224
9146 225
9150 225
9154 225
9158 225
9162 225
9166 225
9170 225
9174 225
9178 225
9182 225
9186 226
9190 226
9194 226
9198 226
9202 226
9206 226
9210 226
9214 226
9218 226
9222 227
9226 227
9230 227
9234 227
9238 227
9242 227
9246 227
9250 227
9254 227
9258 227
9262 227
9266 227
9270 228
9274 228
9278 228
9282 228
9286 228
9290 228
9294 228
9298 228
9302 228
9306 228
9310 229
9314 229
9318 229
9322 229
9326 229
9330 229
9334 229
9338 229
9342 229
9346 229
9350 229
9354 230
9358 230
9362 230
9366 230
9370 230
9374 230
9378 230
9382 230
9386 230
9390 231
9394 231
9398 231
9402 231
9406 231
9410 231
9414 231
9418 231
9422 231
9426 231
9430 231
9434 232
9438 232
9442 232
9446 232
9450 232
9454 232
9458 232
9462 232
9466 232
9470 232
9474 233
9478 233
9482 233
9486 233
9490 233
9494 233
9498 233
9502 233
9506 233
9510 233
9514 233
9518 234
9522 234
9526 234
9530 234
9534 234
9538 234
9542 234
9546 234
9550 234
9554 234
9558 235
9562 235
9566 235
9570 235
9574 235
9578 235
9582 235
9586 235
9590 235
9594 235
9598 235
9602 236
9606 236
9610 236
9614 236
9618 236
9622 236
9626 236
9630 236
9634 237
9638 237
9642 237
9646 237
9650 237
9654 237
9658 237
9662 237
9666 237
9670 237
9674 237
9678 238
9682 238
9686 238
9690 238
9694 238
9698 238
9702 238
9706 238
9710 238
9714 239
9718 239
9722 239
9726 239
9730 239
9734 239
9738 239
9742 239
9746 239
9750 239
9754 239
9758 240
9762 240
9766 240
9770 240
9774 240
9778 240
9782 240
9786 240
9790 241
9794 241
9798 241
9802 241
9806 241
9810 241
9814 241
9818 241
9822 241
9826 241
9830 242
9834 242
9838 242
9842 242
9846 242
9850 242
9854 242
9858 242
9862 242
9866 242
9870 243
9874 243
9878 243
9882 243
9886 243
9890 243
9894 243
9898 243
9902 243
9906 243
9910 243
9914 244
9918 244
9922 244
9926 244
9930 244
9934 244
9938 244
9942 244
9946 244
9950 245
9954 245
9958 245
9962 245
9966 245
9970 245
9974 245
9978 245
9982 245
9986 245
9990 245
9994 246
9998 246
10002 246
10006 246
10010 246
10014 246
10018 246
10022 246
10026 246
10030 247
10034 247
10038 247
10042 247
10046 247
10050 247
10054 247
10058 247
10062 247
10066 247
10070 247
10074 247
10078 248
10082 248
10086 248
10090 248
10094 248
10098 248
10102 248
10106 248
10110 248
10114 249
10118 249
10122 249
10126 249
10130 249
10134 249
10138 249
10142 249
10146 249
10150 249
10154 249
10158 249
10162 249
10166 250
10170 250
10174 250
10178 250
10182 250
10186 250
10190 250
10194 250
10198 250
10202 250
10206 251
10210 251
10214 251
10218 251
10222 251
10226 251
10230 251
10234 251
10238 251
10242 251
10246 251
10250 252
10254 252
10258 252
10262 252
10266 252
10270 252
10274 252
10278 252
10282 252
10286 253
10290 253
10294 253
10298 253
10302 253
10306 253
10310 253
10314 253
10318 253
10322 253
10326 253
10330 254
10334 254
10338 254
10342 254
10346 254
10350 254
10354 254
10358 254
10362 254
10366 255
10370 255
10374 255
10378 255
10382 255
10386 255
10390 255
10394 255
10398 255
10402 255
10406 255
10410 256
10414 256
10418 256
10422 256
10426 256
10430 256
10434 256
10438 256
10442 256
10446 257
10450 257
10454 257
10458 257
10462 257
10466 257
10470 257
10474 257
10478 257
10482 257
10486 257
10490 257
10494 258
10498 258
10502 258
10506 258
10510 258
10514 258
10518 258
10522 258
10526 259
10530 259
10534 259
10538 259
10542 259
10546 259
10550 259
10554 259
10558 259
10562 259
10566 259
10570 260
10574 260
10578 260
10582 260
10586 260
10590 260
10594 260
10598 260
10602 261
10606 261
10610 261
10614 261
10618 261
10622 261
10626 261
10630 261
10634 261
10638 261
10642 261
10646 262
10650 262
10654 262
10658 262
10662 262
10666 262
10670 262
10674 262
10678 262
10682 263
10686 263
10690 263
10694 263
10698 263
10702 263
10706 263
10710 263
10714 263
10718 263
10722 263
10726 264
10730 264
10734 264
10738 264
10742 264
10746 264
10750 264
10754 264
10758 264
10762 264
10766 265
10770 265
10774 265
10778 265
10782 265
10786 265
10790 265
10794 265
10798 265
10802 265
10806 265
10810 265
10814 266
10818 266
10822 266
10826 266
10830 266
10834 266
10838 266
10842 266
10846 266
10850 267
10854 267
10858 267
10862 267
10866 267
10870 267
10874 267
10878 267
10882 267
10886 267
10890 267
10894 268
10898 268
10902 268
10906 268
10910 268
10914 268
10918 268
10922 268
10926 268
10930 268
10934 269
10938 269
10942 269
10946 269
10950 269
10954 269
10958 269
10962 269
10966 269
10970 269
10974 269
10978 270
10982 270
10986 270
10990 270
10994 270
10998 270
11002 270
11006 270
11010 270
11014 271
11018 271
11022 271
11026 271
11030 271
11034 271
11038 271
11042 271
11046 271
11050 271
11054 271
11058 272
11062 272
11066 272
11070 272
11074 272
11078 272
11082 272
11086 272
11090 272
11094 272
11098 273
11102 273
11106 273
11110 273
11114 273
11118 273
11122 273
11126 273
11130 273
11134 273
11138 273
11142 274
11146 274
11150 274
11154 274
11158 274
11162 274
11166 274
11170 274
11174 274
11178 275
11182 275
11186 275
11190 275
11194 275
11198 275
11202 275
11206 275
11210 275
11214 275
11218 275
11222 276
11226 276
11230 276
11234 276
11238 276
11242 276
11246 276
11250 276
11254 276
11258 277
11262 277
11266 277
11270 277
11274 277
11278 277
11282 277
11286 277
11290 277
11294 277
11298 277
11302 278
11306 278
11310 278
11314 278
11318 278
11322 278
11326 278
11330 278
11334 278
11338 279
11342 279
11346 279
11350 279
11354 279
11358 279
11362 279
11366 279
11370 279
11374 279
11378 279
11382 279
11386 280
11390 280
11394 280
11398 280
11402 280
11406 280
11410 280
11414 280
11418 280
11422 280
11426 281
11430 281
11434 281
11438 281
11442 281
11446 281
11450 281
11454 281
11458 281
11462 281
11466 281
11470 282
11474 282
11478 282
11482 282
11486 282
11490 282
11494 282
11498 282
11502 282
11506 283
11510 283
11514 283
11518 283
11522 283
11526 283
11530 283
11534 283
11538 283
11542 283
11546 283
11550 283
11554 284
11558 284
11562 284
11566 284
11570 284
11574 284
11578 284
11582 284
11586 284
11590 285
11594 285
11598 285
11602 285
11606 285
11610 285
11614 285
11618 285
11622 285
11626 285
11630 286
11634 286
11638 286
11642 286
11646 286
11650 286
11654 286
11658 286
11662 286
11666 287
11670 287
11674 287
11678 287
11682 287
11686 287
11690 287
11694 287
11698 287
11702 287
11706 287
11710 287
11714 288
11718 288
11722 288
11726 288
11730 288
11734 288
11738 288
11742 288
11746 288
11750 289
11754 289
11758 289
11762 289
11766 289
11770 289
11774 289
11778 289
11782 289
11786 289
11790 289
11794 290
11798 290
11802 290
11806 290
11810 290
11814 290
11818 290
11822 290
11826 291
11830 291
11834 291
11838 291
11842 291
11846 291
11850 291
11854 291
11858 291
11862 291
11866 291
11870 291
11874 292
11878 292
11882 292
11886 292
11890 292
11894 292
11898 292
11902 292
11906 292
11910 293
11914 293
11918 293
11922 293
11926 293
11930 293
11934 293
11938 293
11942 293
11946 293
11950 293
11954 294
11958 294
11962 294
11966 294
11970 294
11974 294
11978 294
11982 294
11986 294
11990 294
11994 295
11998 295
12002 295
12006 295
12010 295
12014 295
12018 295
12022 295
12026 295
12030 295
12034 295
12038 295
12042 296
12046 296
12050 296
12054 296
12058 296
12062 296
12066 296
12070 296
12074 296
12078 297
12082 297
12086 297
12090 297
12094 297
12098 297
12102 297
12106 297
12110 297
12114 297
12118 297
12122 298
12126 298
12130 298
12134 298
12138 298
12142 298
12146 298
12150 298
12154 298
12158 298
12162 299
12166 299
12170 299
12174 299
12178 299
12182 299
12186 299
12190 299
12194 299
12198 299
12202 299
12206 300
12210 300
12214 300
12218 300
12222 300
12226 300
12230 300
12234 300
12238 300
12242 301
12246 301
12250 301
12254 301
12258 301
12262 301
12266 301
12270 301
12274 301
12278 301
12282 301
12286 301
12290 302
12294 302
12298 302
12302 302
12306 302
12310 302
12314 302
12318 302
12322 302
12326 302
12330 303
12334 303
12338 303
12342 303
12346 303
12350 303
12354 303
12358 303
12362 303
12366 303
12370 303
12374 304
12378 304
12382 304
12386 304
12390 304
12394 304
12398 304
12402 304
12406 304
12410 305
12414 305
12418 305
12422 305
12426 305
12430 305
12434 305
12438 305
12442 305
12446 305
12450 305
12454 306
12458 306
12462 306
12466 306
12470 306
12474 306
12478 306
12482 306
12486 306
12490 307
12494 307
12498 307
12502 307
12506 307
12510 307
12514 307
12518 307
12522 307
12526 307
12530 307
12534 308
12538 308
12542 308
12546 308
12550 308
12554 308
12558 308
12562 308
12566 309
12570 309
12574 309
12578 309
12582 309
12586 309
12590 309
12594 309
12598 309
12602 309
12606 309
12610 309
12614 310
12618 310
12622 310
12626 310
12630 310
12634 310
12638 310
12642 310
12646 310
12650 310
12654 311
12658 311
12662 311
12666 311
12670 311
12674 311
12678 311
12682 311
12686 311
12690 311
12694 312
12698 312
12702 312
12706 312
12710 312
12714 312
12718 312
12722 312
12726 312
12730 312
12734 313
12738 313
12742 313
12746 313
12750 313
12754 313
12758 313
12762 313
12766 313
12770 313
12774 313
12778 314
12782 314
12786 314
12790 314
12794 314
12798 314
12802 314
12806 314
12810 314
12814 314
12818 315
12822 315
12826 315
12830 315
12834 315
12838 315
12842 315
12846 315
12850 315
12854 315
12858 315
12862 316
12866 316
12870 316
12874 316
12878 316
12882 316
12886 316
12890 316
12894 316
12898 317
12902 317
12906 317
12910 317
12914 317
12918 317
12922 317
12926 317
12930 317
12934 317
12938 317
12942 317
12946 318
12950 318
12954 318
12958 318
12962 318
12966 318
12970 318
12974 318
12978 318
12982 318
12986 319
12990 319
12994 319
12998 319
13002 319
13006 319
13010 319
13014 319
13018 319
13022 319
13026 319
13030 320
13034 320
13038 320
13042 320
13046 320
13050 320
13054 320
13058 320
13062 320
13066 321
13070 321
13074 321
13078 321
13082 321
13086 321
13090 321
13094 321
13098 321
13102 321
13106 321
13110 321
13114 322
13118 322
13122 322
13126 322
13130 322
13134 322
13138 322
13142 322
13146 322
13150 323
13154 323
13158 323
13162 323
13166 323
13170 323
13174 323
13178 323
13182 323
13186 323
13190 323
13194 324
13198 324
13202 324
13206 324
13210 324
13214 324
13218 324
13222 324
13226 324
13230 324
13234 325
13238 325
13242 325
13246 325
13250 325
13254 325
13258 325
13262 325
13266 325
13270 325
13274 325
13278 326
13282 326
13286 326
13290 326
13294 326
13298 326
13302 326
13306 326
13310 326
13314 327
13318 327
13322 327
13326 327
13330 327
13334 327
13338 327
13342 327
13346 327
13350 327
13354 327
13358 328
13362 328
13366 328
13370 328
13374 328
13378 328
13382 328
13386 328
13390 328
13394 329
13398 329
13402 329
13406 329
13410 329
13414 329
13418 329
13422 329
13426 329
13430 329
13434 329
13438 330
13442 330
13446 330
13450 330
13454 330
13458 330
13462 330
13466 330
13470 331
13474 331
13478 331
13482 331
13486 331
13490 331
13494 331
13498 331
13502 331
13506 331
13510 331
13514 331
13518 332
13522 332
13526 332
13530 332
13534 332
13538 332
13542 332
13546 332
13550 332
13554 333
13558 333
13562 333
13566 333
13570 333
13574 333
13578 333
13582 333
13586 333
13590 333
13594 333
13598 333
13602 334
13606 334
13610 334
13614 334
13618 334
13622 334
13626 334
13630 334
13634 334
13638 335
13642 335
13646 335
13650 335
13654 335
13658 335
13662 335
13666 335
13670 335
13674 335
13678 335
13682 336
13686 336
13690 336
13694 336
13698 336
13702 336
13706 336
13710 336
13714 336
13718 337
13722 337
13726 337
13730 337
13734 337
13738 337
13742 337
13746 337
13750 337
13754 337
13758 337
13762 337
13766 338
13770 338
13774 338
13778 338
13782 338
13786 338
13790 338
13794 338
13798 338
13802 338
13806 339
13810 339
13814 339
13818 339
13822 339
13826 339
13830 339
13834 339
13838 339
13842 339
13846 339
13850 339
13854 339
13858 339
13862 340
13866 340
13870 340
13874 340
13878 340
13882 340
13886 340
13890 340
13894 340
13898 340
13902 341
13906 341
13910 341
13914 341
13918 341
13922 341
13926 341
13930 341
13934 341
13938 341
13942 341
13946 341
13950 342
13954 342
13958 342
13962 342
13966 342
13970 342
13974 342
13978 342
13982 342
13986 342
13990 343
13994 343
13998 343
14002 343
14006 343
14010 343
14014 343
14018 343
14022 343
14026 343
14030 343
14034 343
14038 344
14042 344
14046 344
14050 344
14054 344
14058 344
14062 344
14066 344
14070 344
14074 344
14078 345
14082 345
14086 345
14090 345
14094 345
14098 345
14102 345
14106 345
14110 345
14114 345
14118 345
14122 345
14126 346
14130 346
14134 346
14138 346
14142 346
14146 346
14150 346
14154 346
14158 346
14162 346
14166 347
14170 347
14174 347
14178 347
14182 347
14186 347
14190 347
14194 347
14198 347
14202 347
14206 347
14210 347
14214 347
14218 348
14222 348
14226 348
14230 348
14234 348
14238 348
14242 348
14246 348
14250 348
14254 348
14258 349
14262 349
14266 349
14270 349
14274 349
14278 349
14282 349
14286 349
14290 349
14294 349
14298 349
14302 349
14306 350
14310 350
14314 350
14318 350
14322 350
14326 350
14330 350
14334 350
14338 350
14342 351
14346 351
14350 351
14354 351
14358 351
14362 351
14366 351
14370 351
14374 351
14378 351
14382 351
14386 351
14390 352
14394 352
14398 352
14402 352
14406 352
14410 352
14414 352
14418 352
14422 352
14426 352
14430 353
14434 353
14438 353
14442 353
14446 353
14450 353
14454 353
14458 353
14462 353
14466 353
14470 353
14474 353
14478 354
14482 354
14486 354
14490 354
14494 354
14498 354
14502 354
14506 354
14510 354
14514 354
14518 354
14522 355
14526 355
14530 355
14534 355
14538 355
14542 355
14546 355
14550 355
14554 355
14558 355
14562 355
14566 355
14570 355
14574 356
14578 356
14582 356
14586 356
14590 356
14594 356
14598 356
14602 356
14606 356
14610 357
14614 357
14618 357
14622 357
14626 357
14630 357
14634 357
14638 357
14642 357
14646 357
14650 357
14654 357
14658 358
14662 358
14666 358
14670 358
14674 358
14678 358
14682 358
14686 358
14690 358
14694 358
14698 359
14702 359
14706 359
14710 359
14714 359
14718 359
14722 359
14726 359
14730 359
14734 359
14738 359
14742 359
14746 360
14750 360
14754 360
14758 360
14762 360
14766 360
14770 360
14774 360
14778 360
14782 361
14786 361
14790 361
14794 361
14798 361
14802 361
14806 361
14810 361
14814 361
14818 361
14822 361
14826 362
14830 362
14834 362
14838 362
14842 362
14846 362
14850 362
14854 362
14858 362
14862 362
14866 362
14870 363
14874 363
14878 363
14882 363
14886 363
14890 363
14894 363
14898 363
14902 363
14906 363
14910 363
14914 363
14918 364
14922 364
14926 364
14930 364
14934 364
14938 364
14942 364
14946 364
14950 364
14954 365
14958 365
14962 365
14966 365
14970 365
14974 365
14978 365
14982 365
14986 365
14990 365
14994 365
14998 365
15002 366
15006 366
15010 366
15014 366
15018 366
15022 366
15026 366
15030 366
15034 366
15038 367
15042 367
15046 367
15050 367
15054 367
15058 367
15062 367
15066 367
15070 367
15074 367
15078 367
15082 367
15086 368
15090 368
15094 368
15098 368
15102 368
15106 368
15110 368
15114 368
15118 368
15122 369
15126 369
15130 369
15134 369
15138 369
15142 369
15146 369
15150 369
15154 369
15158 369
15162 369
15166 369
15170 369
15174 369
15178 370
15182 370
15186 370
15190 370
15194 370
15198 370
15202 370
15206 370
15210 370
15214 370
15218 371
15222 371
15226 371
15230 371
15234 371
15238 371
15242 371
15246 371
15250 371
15254 371
15258 371
15262 371
15266 372
15270 372
15274 372
15278 372
15282 372
15286 372
15290 372
15294 372
15298 372
15302 372
15306 373
15310 373
15314 373
15318 373
15322 373
15326 373
15330 373
15334 373
15338 373
15342 373
15346 373
15350 373
15354 373
15358 374
15362 374
15366 374
15370 374
15374 374
15378 374
15382 374
15386 374
15390 374
15394 374
15398 375
15402 375
15406 375
15410 375
15414 375
15418 375
15422 375
15426 375
15430 375
15434 375
15438 375
15442 375
15446 376
15450 376
15454 376
15458 376
15462 376
15466 376
15470 376
15474 376
15478 376
15482 376
15486 377
15490 377
15494 377
15498 377
15502 377
15506 377
15510 377
15514 377
15518 377
15522 377
15526 377
15530 377
15534 377
15538 378
15542 378
15546 378
15550 378
15554 378
15558 378
15562 378
15566 378
15570 378
15574 379
15578 379
15582 379
15586 379
15590 379
15594 379
15598 379
15602 379
15606 379
15610 379
15614 379
15618 379
15622 380
15626 380
15630 380
15634 380
15638 380
15642 380
15646 380
15650 380
15654 380
15658 381
15662 381
15666 381
15670 381
15674 381
15678 381
15682 381
15686 381
15690 381
15694 381
15698 381
15702 381
15706 382
15710 382
15714 382
15718 382
15722 382
15726 382
15730 382
15734 382
15738 382
15742 383
15746 383
15750 383
15754 383
15758 383
15762 383
15766 383
15770 383
15774 383
15778 383
15782 383
15786 383
15790 384
15794 384
15798 384
15802 384
15806 384
15810 384
15814 384
15818 384
15822 384
15826 384
15830 385
15834 385
15838 385
15842 385
15846 385
15850 385
15854 385
15858 385
15862 385
15866 385
15870 385
15874 385
15878 385
15882 386
15886 386
15890 386
15894 386
15898 386
15902 386
15906 386
15910 386
15914 387
15918 387
15922 387
15926 387
15930 387
15934 387
15938 387
15942 387
15946 387
15950 387
15954 387
15958 387
15962 388
15966 388
15970 388
15974 388
15978 388
15982 388
15986 388
15990 388
15994 388
15998 388
16002 389
16006 389
16010 389
16014 389
16018 389
16022 389
16026 389
16030 389
16034 389
16038 389
16042 389
16046 389
16050 390
16054 390
16058 390
16062 390
16066 390
16070 390
16074 390
16078 390
16082 390
16086 391
16090 391
16094 391
16098 391
16102 391
16106 391
16110 391
16114 391
16118 391
16122 391
16126 391
16130 392
16134 392
16138 392
16142 392
16146 392
16150 392
16154 392
16158 392
16162 392
16166 392
16170 392
16174 393
16178 393
16182 393
16186 393
16190 393
16194 393
16198 393
16202 393
16206 393
16210 393
16214 393
16218 393
16222 394
16226 394
16230 394
16234 394
16238 394
16242 394
16246 394
16250 394
16254 394
16258 395
16262 395
16266 395
16270 395
16274 395
16278 395
16282 395
16286 395
16290 395
16294 395
16298 395
16302 396
16306 396
16310 396
16314 396
16318 396
16322 396
16326 396
16330 396
16334 396
16338 397
16342 397
16346 397
16350 397
16354 397
16358 397
16362 397
16366 397
16370 397
16374 397
16378 397
16382 398
16386 398
16390 398
16394 398
16398 398
16402 398
16406 398
16410 398
16414 398
16418 399
16422 399
16426 399
16430 399
16434 399
16438 399
16442 399
16446 399
16450 399
16454 399
16458 399
16462 399
16466 400
16470 400
16474 400
16478 400
16482 400
16486 400
16490 400
16494 400
16498 400
16502 401
16506 401
16510 401
16514 401
16518 401
16522 401
16526 401
16530 401
16534 401
16538 401
16542 401
16546 402
16550 402
16554 402
16558 402
16562 402
16566 402
16570 402
16574 402
16578 403
16582 403
16586 403
16590 403
16594 403
16598 403
16602 403
16606 403
16610 403
16614 403
16618 403
16622 403
16626 404
16630 404
16634 404
16638 404
16642 404
16646 404
16650 404
16654 404
16658 404
16662 405
16666 405
16670 405
16674 405
16678 405
16682 405
16686 405
16690 405
16694 405
16698 405
16702 405
16706 406
16710 406
16714 406
16718 406
16722 406
16726 406
16730 406
16734 406
16738 406
16742 407
16746 407
16750 407
16754 407
16758 407
16762 407
16766 407
16770 407
16774 407
16778 407
16782 407
16786 407
16790 408
16794 408
16798 408
16802 408
16806 408
16810 408
16814 408
16818 408
16822 408
16826 408
16830 409
16834 409
16838 409
16842 409
16846 409
16850 409
16854 409
16858 409
16862 409
16866 409
16870 409
16874 410
16878 410
16882 410
16886 410
16890 410
16894 410
16898 410
16902 410
16906 410
16910 411
16914 411
16918 411
16922 411
16926 411
16930 411
16934 411
16938 411
16942 411
16946 411
16950 411
16954 411
16958 412
16962 412
16966 412
16970 412
16974 412
16978 412
16982 412
16986 412
16990 412
16994 412
16998 413
17002 413
17006 413
17010 413
17014 413
17018 413
17022 413
17026 413
17030 413
17034 413
17038 413
17042 414
17046 414
17050 414
17054 414
17058 414
17062 414
17066 414
17070 414
17074 414
17078 414
17082 414
17086 415
17090 415
17094 415
17098 415
17102 415
17106 415
17110 415
17114 415
17118 415
17122 415
17126 415
17130 415
17134 416
17138 416
17142 416
17146 416
17150 416
17154 416
17158 416
17162 416
17166 417
17170 417
17174 417
17178 417
17182 417
17186 417
17190 417
17194 417
17198 417
17202 417
17206 417
17210 417
17214 418
17218 418
17222 418
17226 418
17230 418
17234 418
17238 418
17242 418
17246 418
17250 419
17254 419
17258 419
17262 419
17266 419
17270 419
17274 419
17278 419
17282 419
17286 419
17290 419
17294 419
17298 420
17302 420
17306 420
17310 420
17314 420
17318 420
17322 420
17326 420
17330 420
17334 421
17338 421
17342 421
17346 421
17350 421
17354 421
17358 421
17362 421
17366 421
17370 421
17374 421
17378 421
17382 422
17386 422
17390 422
17394 422
17398 422
17402 422
17406 422
17410 422
17414 422
17418 422
17422 423
17426 423
17430 423
17434 423
17438 423
17442 423
17446 423
17450 423
17454 423
17458 423
17462 423
17466 423
17470 424
17474 424
17478 424
17482 424
17486 424
17490 424
17494 424
17498 424
17502 424
17506 425
17510 425
17514 425
17518 425
17522 425
17526 425
17530 425
17534 425
17538 425
17542 425
17546 425
17550 425
17554 426
17558 426
17562 426
17566 426
17570 426
17574 426
17578 426
17582 426
17586 426
17590 427
17594 427
17598 427
17602 427
17606 427
17610 427
17614 427
17618 427
17622 427
17626 427
17630 427
17634 427
17638 428
17642 428
17646 428
17650 428
17654 428
17658 428
17662 428
17666 428
17670 428
17674 429
17678 429
17682 429
17686 429
17690 429
17694 429
17698 429
17702 429
17706 429
17710 429
17714 429
17718 429
17722 429
17726 430
17730 430
17734 430
17738 430
17742 430
17746 430
17750 430
17754 430
17758 430
17762 430
17766 431
17770 431
17774 431
17778 431
17782 431
17786 431
17790 431
17794 431
17798 431
17802 431
17806 431
17810 432
17814 432
17818 432
17822 432
17826 432
17830 432
17834 432
17838 432
17842 432
17846 432
17850 433
17854 433
17858 433
17862 433
17866 433
17870 433
17874 433
17878 433
17882 433
17886 433
17890 433
17894 434
17898 434
17902 434
17906 434
17910 434
17914 434
17918 434
17922 434
17926 434
17930 434
17934 435
17938 435
17942 435
17946 435
17950 435
17954 435
17958 435
17962 435
17966 435
17970 435
17974 435
17978 436
17982 436
17986 436
17990 436
17994 436
17998 436
18002 436
18006 436
18010 436
18014 437
18018 437
18022 437
18026 437
18030 437
18034 437
18038 437
18042 437
18046 437
18050 437
18054 437
18058 437
18062 438
18066 438
18070 438
18074 438
18078 438
18082 438
18086 438
18090 438
18094 438
18098 439
18102 439
18106 439
18110 439
18114 439
18118 439
18122 439
18126 439
18130 439
18134 439
18138 439
18142 440
18146 440
18150 440
18154 440
18158 440
18162 440
18166 440
18170 440
18174 440
18178 441
18182 441
18186 441
18190 441
18194 441
18198 441
18202 441
18206 441
18210 441
18214 441
18218 441
18222 441
18226 442
18230 442
18234 442
18238 442
18242 442
18246 442
18250 442
18254 442
18258 442
18262 443
18266 443
18270 443
18274 443
18278 443
18282 443
18286 443
18290 443
18294 443
18298 443
18302 443
18306 443
18310 444
18314 444
18318 444
18322 444
18326 444
18330 444
18334 444
18338 444
18342 444
18346 444
18350 445
18354 445
18358 445
18362 445
18366 445
18370 445
18374 445
18378 445
18382 445
18386 445
18390 445
18394 445
18398 446
18402 446
18406 446
18410 446
18414 446
18418 446
18422 446
18426 446
18430 446
18434 447
18438 447
18442 447
18446 447
18450 447
18454 447
18458 447
18462 447
18466 447
18470 447
18474 447
18478 447
18482 448
18486 448
18490 448
18494 448
18498 448
18502 448
18506 448
18510 448
18514 448
18518 448
18522 449
18526 449
18530 449
18534 449
18538 449
18542 449
18546 449
18550 449
18554 449
18558 449
18562 449
18566 450
18570 450
18574 450
18578 450
18582 450
18586 450
18590 450
18594 450
18598 450
18602 451
18606 451
18610 451
18614 451
18618 451
18622 451
18626 451
18630 451
18634 451
18638 451
18642 451
18646 452
18650 452
18654 452
18658 452
18662 452
18666 452
18670 452
18674 452
18678 452
18682 452
18686 453
18690 453
18694 453
18698 453
18702 453
18706 453
18710 453
18714 453
18718 453
18722 453
18726 453
18730 454
18734 454
18738 454
18742 454
18746 454
18750 454
18754 454
18758 454
18762 454
18766 455
18770 455
18774 455
18778 455
18782 455
18786 455
18790 455
18794 455
18798 455
18802 455
18806 455
18810 456
18814 456
18818 456
18822 456
18826 456
18830 456
18834 456
18838 456
18842 456
18846 457
18850 457
18854 457
18858 457
18862 457
18866 457
18870 457
18874 457
18878 457
18882 457
18886 457
18890 457
18894 458
18898 458
18902 458
18906 458
18910 458
18914 458
18918 458
18922 458
18926 458
18930 459
18934 459
18938 459
18942 459
18946 459
18950 459
18954 459
18958 459
18962 459
18966 459
18970 459
18974 459
18978 459
18982 460
18986 460
18990 460
18994 460
18998 460
19002 460
19006 460
19010 460
19014 460
19018 461
19022 461
19026 461
19030 461
19034 461
19038 461
19042 461
19046 461
19050 461
19054 461
19058 461
19062 462
19066 462
19070 462
19074 462
19078 462
19082 462
19086 462
19090 462
19094 462
19098 462
19102 463
19106 463
19110 463
19114 463
19118 463
19122 463
19126 463
19130 463
19134 463
19138 463
19142 463
19146 463
19150 464
19154 464
19158 464
19162 464
19166 464
19170 464
19174 464
19178 464
19182 464
19186 464
19190 465
19194 465
19198 465
19202 465
19206 465
19210 465
19214 465
19218 465
19222 465
19226 465
19230 465
19234 466
19238 466
19242 466
19246 466
19250 466
19254 466
19258 466
19262 466
19266 466
19270 466
19274 467
19278 467
19282 467
19286 467
19290 467
19294 467
19298 467
19302 467
19306 467
19310 467
19314 467
19318 467
19322 468
19326 468
19330 468
19334 468
19338 468
19342 468
19346 468
19350 468
19354 468
19358 468
19362 469
19366 469
19370 469
19374 469
19378 469
19382 469
19386 469
19390 469
19394 469
19398 469
19402 469
19406 470
19410 470
19414 470
19418 470
19422 470
19426 470
19430 470
19434 470
19438 470
19442 471
19446 471
19450 471
19454 471
19458 471
19462 471
19466 471
19470 471
19474 471
19478 471
19482 471
19486 472
19490 472
19494 472
19498 472
19502 472
19506 472
19510 472
19514 472
19518 472
19522 473
19526 473
19530 473
19534 473
19538 473
19542 473
19546 473
19550 473
19554 473
19558 473
19562 473
19566 474
19570 474
19574 474
19578 474
19582 474
19586 474
19590 474
19594 474
19598 474
19602 474
19606 475
19610 475
19614 475
19618 475
19622 475
19626 475
19630 475
19634 475
19638 475
19642 475
19646 475
19650 475
19654 476
19658 476
19662 476
19666 476
19670 476
19674 476
19678 476
19682 476
19686 477
19690 477
19694 477
19698 477
19702 477
19706 477
19710 477
19714 477
19718 477
19722 477
19726 477
19730 478
19734 478
19738 478
19742 478
19746 478
19750 478
19754 478
19758 478
19762 478
19766 479
19770 479
19774 479
19778 479
19782 479
19786 479
19790 479
19794 479
19798 479
19802 479
19806 479
19810 480
19814 480
19818 480
19822 480
19826 480
19830 480
19834 480
19838 480
19842 480
19846 481
19850 481
19854 481
19858 481
19862 481
19866 481
19870 481
19874 481
19878 481
19882 481
19886 481
19890 482
19894 482
19898 482
19902 482
19906 482
19910 482
19914 482
19918 482
19922 482
19926 482
19930 483
19934 483
19938 483
19942 483
19946 483
19950 483
19954 483
19958 483
19962 483
19966 483
19970 483
19974 484
19978 484
19982 484
19986 484
19990 484
19994 484
19998 484
20002 484
20006 484
20010 485
20014 485
20018 485
20022 485
20026 485
20030 485
20034 485
20038 485
20042 485
20046 485
20050 485
20054 486
20058 486
20062 486
20066 486
20070 486
20074 486
20078 486
20082 486
20086 486
20090 487
20094 487
20098 487
20102 487
20106 487
20110 487
20114 487
20118 487
20122 487
20126 487
20130 488
20134 488
20138 488
20142 488
20146 488
20150 488
20154 488
20158 488
20162 488
20166 489
20170 489
20174 489
20178 489
20182 489
20186 489
20190 489
20194 489
20198 489
20202 489
20206 489
20210 489
20214 490
20218 490
20222 490
20226 490
20230 490
20234 490
20238 490
20242 490
20246 490
20250 491
20254 491
20258 491
20262 491
20266 491
20270 491
20274 491
20278 491
20282 491
20286 491
20290 491
20294 492
20298 492
20302 492
20306 492
20310 492
20314 492
20318 492
20322 492
20326 492
20330 493
20334 493
20338 493
20342 493
20346 493
20350 493
20354 493
20358 493
20362 493
20366 493
20370 493
20374 494
20378 494
20382 494
20386 494
20390 494
20394 494
20398 494
20402 494
20406 494
20410 495
20414 495
20418 495
20422 495
20426 495
20430 495
20434 495
20438 495
20442 495
20446 495
20450 496
20454 496
20458 496
20462 496
20466 496
20470 496
20474 496
20478 496
20482 496
20486 497
20490 497
20494 497
20498 497
20502 497
20506 497
20510 497
20514 497
20518 497
20522 497
20526 497
20530 497
20534 498
20538 498
20542 498
20546 498
20550 498
20554 498
20558 498
20562 498
20566 498
20570 499
20574 499
20578 499
20582 499
20586 499
20590 499
20594 499
20598 499
20602 499
20606 499
20610 499
20614 500
20618 500
20622 500
20626 500
20630 500
20634 500
20638 500
20642 500
20646 501
20650 501
20654 501
20658 501
20662 501
20666 501
20670 501
20674 501
20678 501
20682 501
20686 501
20690 502
20694 502
20698 502
20702 502
20706 502
20710 502
20714 502
20718 502
20722 502
20726 503
20730 503
20734 503
20738 503
20742 503
20746 503
20750 503
20754 503
20758 503
20762 503
20766 503
20770 504
20774 504
20778 504
20782 504
20786 504
20790 504
20794 504
20798 504
20802 504
20806 505
20810 505
20814 505
20818 505
20822 505
20826 505
20830 505
20834 505
20838 505
20842 505
20846 505
20850 505
20854 506
20858 506
20862 506
20866 506
20870 506
20874 506
20878 506
20882 506
20886 507
20890 507
20894 507
20898 507
20902 507
20906 507
20910 507
20914 507
20918 507
20922 507
20926 507
20930 508
20934 508
20938 508
20942 508
20946 508
20950 508
20954 508
20958 508
20962 508
20966 509
20970 509
20974 509
20978 509
20982 509
20986 509
20990 509
20994 509
20998 509
21002 509
21006 509
21010 510
21014 510
21018 510
21022 510
21026 510
21030 510
21034 510
21038 510
21042 511
21046 511
21050 511
21054 511
21058 511
21062 511
21066 511
21070 511
21074 511
21078 511
21082 512
21086 512
21090 512
21094 512
21098 512
21102 512
21106 512
21110 512
21114 512
21118 512
21122 513
21126 513
21130 513
21134 513
21138 513
21142 513
21146 513
21150 513
21154 513
21158 513
21162 514
21166 514
21170 514
21174 514
21178 514
21182 514
21186 514
21190 514
21194 514
21198 515
21202 515
21206 515
21210 515
21214 515
21218 515
21222 515
21226 515
21230 515
21234 515
21238 516
21242 516
21246 516
21250 516
21254 516
21258 516
21262 516
21266 516
21270 516
21274 517
21278 517
21282 517
21286 517
21290 517
21294 517
21298 517
21302 517
21306 517
21310 517
21314 518
21318 518
21322 518
21326 518
21330 518
21334 518
21338 518
21342 518
21346 519
21350 519
21354 519
21358 519
21362 519
21366 519
21370 519
21374 519
21378 519
21382 519
21386 519
21390 519
21394 520
21398 520
21402 520
21406 520
21410 520
21414 520
21418 520
21422 520
21426 520
21430 521
21434 521
21438 521
21442 521
21446 521
21450 521
21454 521
21458 521
21462 521
21466 521
21470 522
21474 522
21478 522
21482 522
21486 522
21490 522
21494 522
21498 522
21502 522
21506 523
21510 523
21514 523
21518 523
21522 523
21526 523
21530 523
21534 523
21538 523
21542 523
21546 524
21550 524
21554 524
21558 524
21562 524
21566 524
21570 524
21574 524
21578 524
21582 525
21586 525
21590 525
21594 525
21598 525
21602 525
21606 525
21610 525
21614 525
21618 525
21622 526
21626 526
21630 526
21634 526
21638 526
21642 526
21646 526
21650 526
21654 526
21658 527
21662 527
21666 527
21670 527
21674 527
21678 527
21682 527
21686 527
21690 527
21694 527
21698 527
21702 527
21706 528
21710 528
21714 528
21718 528
21722 528
21726 528
21730 528
21734 528
21738 528
21742 529
21746 529
21750 529
21754 529
21758 529
21762 529
21766 529
21770 529
21774 529
21778 529
21782 530
21786 530
21790 530
21794 530
21798 530
21802 530
21806 530
21810 530
21814 530
21818 531
21822 531
21826 531
21830 531
21834 531
21838 531
21842 531
21846 531
21850 531
21854 531
21858 532
21862 532
21866 532
21870 532
21874 532
21878 532
21882 532
21886 532
21890 532
21894 533
21898 533
21902 533
21906 533
21910 533
21914 533
21918 533
21922 533
21926 533
21930 533
21934 534
21938 534
21942 534
21946 534
21950 534
21954 534
21958 534
21962 534
21966 534
21970 535
21974 535
21978 535
21982 535
21986 535
21990 535
21994 535
21998 535
22002 535
22006 535
22010 535
22014 536
22018 536
22022 536
22026 536
22030 536
22034 536
22038 536
22042 536
22046 537
22050 537
22054 537
22058 537
22062 537
22066 537
22070 537
22074 537
22078 537
22082 537
22086 537
22090 538
22094 538
22098 538
22102 538
22106 538
22110 538
22114 538
22118 538
22122 538
22126 539
22130 539
22134 539
22138 539
22142 539
22146 539
22150 539
22154 539
22158 539
22162 539
22166 540
22170 540
22174 540
22178 540
22182 540
22186 540
22190 540
22194 540
22198 540
22202 541
22206 541
22210 541
22214 541
22218 541
22222 541
22226 541
22230 541
22234 541
22238 541
22242 542
22246 542
22250 542
22254 542
22258 542
22262 542
22266 542
22270 542
22274 542
22278 543
22282 543
22286 543
22290 543
22294 543
22298 543
22302 543
22306 543
22310 543
22314 543
22318 543
22322 544
22326 544
22330 544
22334 544
22338 544
22342 544
22346 544
22350 544
22354 545
22358 545
22362 545
22366 545
22370 545
22374 545
22378 545
22382 545
22386 545
22390 545
22394 545
22398 546
22402 546
22406 546
22410 546
22414 546
22418 546
22422 546
22426 546
22430 547
22434 547
22438 547
22442 547
22446 547
22450 547
22454 547
22458 547
22462 547
22466 547
22470 548
22474 548
22478 548
22482 548
22486 548
22490 548
22494 548
22498 548
22502 549
22506 549
22510 549
22514 549
22518 549
22522 549
22526 549
22530 549
22534 549
22538 549
22542 549
22546 550
22550 550
22554 550
22558 550
22562 550
22566 550
22570 550
22574 550
22578 550
22582 551
22586 551
22590 551
22594 551
22598 551
22602 551
22606 551
22610 551
22614 551
22618 551
22622 552
22626 552
22630 552
22634 552
22638 552
22642 552
22646 552
22650 552
22654 553
22658 553
22662 553
22666 553
22670 553
22674 553
22678 553
22682 553
22686 553
22690 553
22694 553
22698 554
22702 554
22706 554
22710 554
22714 554
22718 554
22722 554
22726 554
22730 554
22734 555
22738 555
22742 555
22746 555
22750 555
22754 555
22758 555
22762 555
22766 555
22770 555
22774 555
22778 556
22782 556
22786 556
22790 556
22794 556
22798 556
22802 556
22806 556
22810 556
22814 557
22818 557
22822 557
22826 557
22830 557
22834 557
22838 557
22842 557
22846 557
22850 557
22854 557
22858 557
22862 558
22866 558
22870 558
22874 558
22878 558
22882 558
22886 558
22890 558
22894 559
22898 559
22902 559
22906 559
22910 559
22914 559
22918 559
22922 559
22926 559
22930 559
22934 559
22938 560
22942 560
22946 560
22950 560
22954 560
22958 560
22962 560
22966 560
22970 560
22974 561
22978 561
22982 561
22986 561
22990 561
22994 561
22998 561
23002 561
23006 561
23010 561
23014 561
23018 562
23022 562
23026 562
23030 562
23034 562
23038 562
23042 562
23046 562
23050 562
23054 563
23058 563
23062 563
23066 563
23070 563
23074 563
23078 563
23082 563
23086 563
23090 563
23094 563
23098 564
23102 564
23106 564
23110 564
23114 564
23118 564
23122 564
23126 564
23130 564
23134 565
23138 565
23142 565
23146 565
23150 565
23154 565
23158 565
23162 565
23166 565
23170 565
23174 565
23178 566
23182 566
23186 566
23190 566
23194 566
23198 566
23202 566
23206 566
23210 567
23214 567
23218 567
23222 567
23226 567
23230 567
23234 567
23238 567
23242 567
23246 567
23250 567
23254 568
23258 568
23262 568
23266 568
23270 568
23274 568
23278 568
23282 568
23286 568
23290 569
23294 569
23298 569
23302 569
23306 569
23310 569
23314 569
23318 569
23322 569
23326 569
23330 569
23334 570
23338 570
23342 570
23346 570
23350 570
23354 570
23358 570
23362 570
23366 571
23370 571
23374 571
23378 571
23382 571
23386 571
23390 571
23394 571
23398 571
23402 571
23406 571
23410 572
23414 572
23418 572
23422 572
23426 572
23430 572
23434 572
23438 572
23442 572
23446 572
23450 573
23454 573
23458 573
23462 573
23466 573
23470 573
23474 573
23478 573
23482 573
23486 573
23490 573
23494 574
23498 574
23502 574
23506 574
23510 574
23514 574
23518 574
23522 574
23526 574
23530 575
23534 575
23538 575
23542 575
23546 575
23550 575
23554 575
23558 575
23562 575
23566 575
23570 575
23574 576
23578 576
23582 576
23586 576
23590 576
23594 576
23598 576
23602 576
23606 576
23610 577
23614 577
23618 577
23622 577
23626 577
23630 577
23634 577
23638 577
23642 577
23646 577
23650 577
23654 578
23658 578
23662 578
23666 578
23670 578
23674 578
23678 578
23682 578
23686 579
23690 579
23694 579
23698 579
23702 579
23706 579
23710 579
23714 579
23718 579
23722 579
23726 579
23730 579
23734 580
23738 580
23742 580
23746 580
23750 580
23754 580
23758 580
23762 580
23766 580
23770 581
23774 581
23778 581
23782 581
23786 581
23790 581
23794 581
23798 581
23802 581
23806 581
23810 582
23814 582
23818 582
23822 582
23826 582
23830 582
23834 582
23838 582
23842 583
23846 583
23850 583
23854 583
23858 583
23862 583
23866 583
23870 583
23874 583
23878 583
23882 583
23886 584
23890 584
23894 584
23898 584
23902 584
23906 584
23910 584
23914 584
23918 584
23922 585
23926 585
23930 585
23934 585
23938 585
23942 585
23946 585
23950 585
23954 585
23958 585
23962 585
23966 586
23970 586
23974 586
23978 586
23982 586
23986 586
23990 586
23994 586
23998 587
24002 587
24006 587
24010 587
24014 587
24018 587
24022 587
24026 587
24030 587
24034 587
24038 587
24042 587
24046 588
24050 588
24054 588
24058 588
24062 588
24066 588
24070 588
24074 588
24078 588
24082 588
24086 589
24090 589
24094 589
24098 589
24102 589
24106 589
24110 589
24114 589
24118 589
24122 589
24126 589
24130 590
24134 590
24138 590
24142 590
24146 590
24150 590
24154 590
24158 590
24162 590
24166 591
24170 591
24174 591
24178 591
24182 591
24186 591
24190 591
24194 591
24198 591
24202 591
24206 591
24210 592
24214 592
24218 592
24222 592
24226 592
24230 592
24234 592
24238 592
24242 592
24246 593
24250 593
24254 593
24258 593
24262 593
24266 593
24270 593
24274 593
24278 593
24282 593
24286 593
24290 594
24294 594
24298 594
24302 594
24306 594
24310 594
24314 594
24318 594
24322 594
24326 594
24330 595
24334 595
24338 595
24342 595
24346 595
24350 595
24354 595
24358 595
24362 595
24366 595
24370 595
24374 596
24378 596
24382 596
24386 596
24390 596
24394 596
24398 596
24402 596
24406 597
24410 597
24414 597
24418 597
24422 597
24426 597
24430 597
24434 597
24438 597
24442 597
24446 597
24450 598
24454 598
24458 598
24462 598
24466 598
24470 598
24474 598
24478 598
24482 598
24486 599
24490 599
24494 599
24498 599
24502 599
24506 599
24510 599
24514 599
24518 599
24522 599
24526 599
24530 600
24534 600
24538 600
24542 600
24546 600
24550 600
24554 600
24558 600
24562 601
24566 601
24570 601
24574 601
24578 601
24582 601
24586 601
24590 601
24594 601
24598 601
24602 601
24606 602
24610 602
24614 602
24618 602
24622 602
24626 602
24630 602
24634 602
24638 602
24642 603
24646 603
24650 603
24654 603
24658 603
24662 603
24666 603
24670 603
24674 603
24678 603
24682 603
24686 604
24690 604
24694 604
24698 604
24702 604
24706 604
24710 604
24714 604
24718 604
24722 605
24726 605
24730 605
24734 605
24738 605
24742 605
24746 605
24750 605
24754 605
24758 605
24762 605
24766 605
24770 606
24774 606
24778 606
24782 606
24786 606
24790 606
24794 606
24798 606
24802 606
24806 607
24810 607
24814 607
24818 607
24822 607
24826 607
24830 607
24834 607
24838 607
24842 607
24846 607
24850 608
24854 608
24858 608
24862 608
24866 608
24870 608
24874 608
24878 608
24882 608
24886 608
24890 609
24894 609
24898 609
24902 609
24906 609
24910 609
24914 609
24918 609
24922 609
24926 609
24930 609
24934 609
24938 609
24942 610
24946 610
24950 610
24954 610
24958 610
24962 610
24966 610
24970 610
24974 610
24978 611
24982 611
24986 611
24990 611
24994 611
24998 611
25002 611
25006 611
25010 611
25014 611
25018 611
25022 612
25026 612
25030 612
25034 612
25038 612
25042 612
25046 612
25050 612
25054 612
25058 613
25062 613
25066 613
25070 613
25074 613
25078 613
25082 613
25086 613
25090 613
25094 613
25098 613
25102 613
25106 614
25110 614
25114 614
25118 614
25122 614
25126 614
25130 614
25134 614
25138 614
25142 615
25146 615
25150 615
25154 615
25158 615
25162 615
25166 615
25170 615
25174 615
25178 615
25182 616
25186 616
25190 616
25194 616
25198 616
25202 616
25206 616
25210 616
25214 616
25218 617
25222 617
25226 617
25230 617
25234 617
25238 617
25242 617
25246 617
25250 617
25254 617
25258 617
25262 617
25266 618
25270 618
25274 618
25278 618
25282 618
25286 618
25290 618
25294 618
25298 619
25302 619
25306 619
25310 619
25314 619
25318 619
25322 619
25326 619
25330 619
25334 619
25338 619
25342 620
25346 620
25350 620
25354 620
25358 620
25362 620
25366 620
25370 620
25374 621
25378 621
25382 621
25386 621
25390 621
25394 621
25398 621
25402 621
25406 621
25410 621
25414 621
25418 622
25422 622
25426 622
25430 622
25434 622
25438 622
25442 622
25446 622
25450 622
25454 623
25458 623
25462 623
25466 623
25470 623
25474 623
25478 623
25482 623
25486 623
25490 623
25494 623
25498 624
25502 624
25506 624
25510 624
25514 624
25518 624
25522 624
25526 624
25530 624
25534 624
25538 625
25542 625
25546 625
25550 625
25554 625
25558 625
25562 625
25566 625
25570 625
25574 625
25578 625
25582 625
25586 626
25590 626
25594 626
25598 626
25602 626
25606 626
25610 626
25614 626
25618 626
25622 627
25626 627
25630 627
25634 627
25638 627
25642 627
25646 627
25650 627
25654 627
25658 627
25662 627
25666 628
25670 628
25674 628
25678 628
25682 628
25686 628
25690 628
25694 628
25698 628
25702 629
25706 629
25710 629
25714 629
25718 629
25722 629
25726 629
25730 629
25734 629
25738 629
25742 629
25746 629
25750 630
25754 630
25758 630
25762 630
25766 630
25770 630
25774 630
25778 630
25782 631
25786 631
25790 631
25794 631
25798 631
25802 631
25806 631
25810 631
25814 631
25818 631
25822 631
25826 632
25830 632
25834 632
25838 632
25842 632
25846 632
25850 632
25854 632
25858 632
25862 632
25866 633
25870 633
25874 633
25878 633
25882 633
25886 633
25890 633
25894 633
25898 633
25902 633
25906 633
25910 634
25914 634
25918 634
25922 634
25926 634
25930 634
25934 634
25938 634
25942 634
25946 635
25950 635
25954 635
25958 635
25962 635
25966 635
25970 635
25974 635
25978 635
25982 635
25986 635
25990 636
25994 636
25998 636
26002 636
26006 636
26010 636
26014 636
26018 636
26022 636
26026 637
26030 637
26034 637
26038 637
26042 637
26046 637
26050 637
26054 637
26058 637
26062 637
26066 637
26070 638
26074 638
26078 638
26082 638
26086 638
26090 638
26094 638
26098 638
26102 638
26106 638
26110 639
26114 639
26118 639
26122 639
26126 639
26130 639
26134 639
26138 639
26142 639
26146 639
26150 639
26154 639
26158 640
26162 640
26166 640
26170 640
26174 640
26178 640
26182 640
26186 640
26190 640
26194 640
26198 641
26202 641
26206 641
26210 641
26214 641
26218 641
26222 641
26226 641
26230 641
26234 641
26238 641
26242 642
26246 642
26250 642
26254 642
26258 642
26262 642
26266 642
26270 642
26274 642
26278 643
26282 643
26286 643
26290 643
26294 643
26298 643
26302 643
26306 643
26310 643
26314 643
26318 643
26322 643
26326 644
26330 644
26334 644
26338 644
26342 644
26346 644
26350 644
26354 644
26358 644
26362 645
26366 645
26370 645
26374 645
26378 645
26382 645
26386 645
26390 645
26394 645
26398 645
26402 645
26406 646
26410 646
26414 646
26418 646
26422 646
26426 646
26430 646
26434 646
26438 646
26442 647
26446 647
26450 647
26454 647
26458 647
26462 647
26466 647
26470 647
26474 647
26478 647
26482 647
26486 647
26490 647
26494 648
26498 648
26502 648
26506 648
26510 648
26514 648
26518 648
26522 648
26526 648
26530 649
26534 649
26538 649
26542 649
26546 649
26550 649
26554 649
26558 649
26562 649
26566 649
26570 649
26574 650
26578 650
26582 650
26586 650
26590 650
26594 650
26598 650
26602 650
26606 650
26610 651
26614 651
26618 651
26622 651
26626 651
26630 651
26634 651
26638 651
26642 651
26646 651
26650 651
26654 652
26658 652
26662 652
26666 652
26670 652
26674 652
26678 652
26682 652
26686 652
26690 653
26694 653
26698 653
26702 653
26706 653
26710 653
26714 653
26718 653
26722 653
26726 653
26730 653
26734 654
26738 654
26742 654
26746 654
26750 654
26754 654
26758 654
26762 654
26766 654
26770 654
26774 654
26778 655
26782 655
26786 655
26790 655
26794 655
26798 655
26802 655
26806 655
26810 655
26814 655
26818 655
26822 655
26826 656
26830 656
26834 656
26838 656
26842 656
26846 656
26850 656
26854 656
26858 657
26862 657
26866 657
26870 657
26874 657
26878 657
26882 657
26886 657
26890 657
26894 657
26898 657
26902 657
26906 658
26910 658
26914 658
26918 658
26922 658
26926 658
26930 658
26934 658
26938 658
26942 659
26946 659
26950 659
26954 659
26958 659
26962 659
26966 659
26970 659
26974 659
26978 659
26982 659
26986 659
26990 660
26994 660
26998 660
27002 660
27006 660
27010 660
27014 660
27018 660
27022 660
27026 661
27030 661
27034 661
27038 661
27042 661
27046 661
27050 661
27054 661
27058 661
27062 661
27066 661
27070 662
27074 662
27078 662
27082 662
27086 662
27090 662
27094 662
27098 662
27102 662
27106 662
27110 663
27114 663
27118 663
27122 663
27126 663
27130 663
27134 663
27138 663
27142 663
27146 663
27150 663
27154 663
27158 664
27162 664
27166 664
27170 664
27174 664
27178 664
27182 664
27186 664
27190 664
27194 665
27198 665
27202 665
27206 665
27210 665
27214 665
27218 665
27222 665
27226 665
27230 665
27234 665
27238 666
27242 666
27246 666
27250 666
27254 666
27258 666
27262 666
27266 666
27270 666
27274 667
27278 667
27282 667
27286 667
27290 667
27294 667
27298 667
27302 667
27306 667
27310 667
27314 667
27318 668
27322 668
27326 668
27330 668
27334 668
27338 668
27342 668
27346 668
27350 668
27354 669
27358 669
27362 669
27366 669
27370 669
27374 669
27378 669
27382 669
27386 669
27390 669
27394 669
27398 669
27402 670
27406 670
27410 670
27414 670
27418 670
27422 670
27426 670
27430 670
27434 670
27438 671
27442 671
27446 671
27450 671
27454 671
27458 671
27462 671
27466 671
27470 671
27474 671
27478 671
27482 672
27486 672
27490 672
27494 672
27498 672
27502 672
27506 672
27510 672
27514 672
27518 673
27522 673
27526 673
27530 673
27534 673
27538 673
27542 673
27546 673
27550 673
27554 673
27558 673
27562 674
27566 674
27570 674
27574 674
27578 674
27582 674
27586 674
27590 674
27594 674
27598 674
27602 675
27606 675
27610 675
27614 675
27618 675
27622 675
27626 675
27630 675
27634 675
27638 675
27642 675
27646 676
27650 676
27654 676
27658 676
27662 676
27666 676
27670 676
27674 676
27678 676
27682 677
27686 677
27690 677
27694 677
27698 677
27702 677
27706 677
27710 677
27714 677
27718 677
27722 677
27726 677
27730 678
27734 678
27738 678
27742 678
27746 678
27750 678
27754 678
27758 678
27762 678
27766 678
27770 679
27774 679
27778 679
27782 679
27786 679
27790 679
27794 679
27798 679
27802 679
27806 679
27810 679
27814 680
27818 680
27822 680
27826 680
27830 680
27834 680
27838 680
27842 680
27846 680
27850 681
27854 681
27858 681
27862 681
27866 681
27870 681
27874 681
27878 681
27882 681
27886 681
27890 681
27894 682
27898 682
27902 682
27906 682
27910 682
27914 682
27918 682
27922 682
27926 682
27930 683
27934 683
27938 683
27942 683
27946 683
27950 683
27954 683
27958 683
27962 683
27966 683
27970 683
27974 683
27978 684
27982 684
27986 684
27990 684
27994 684
27998 684
28002 684
28006 684
28010 684
28014 684
28018 685
28022 685
28026 685
28030 685
28034 685
28038 685
28042 685
28046 685
28050 685
28054 685
28058 685
28062 686
28066 686
28070 686
28074 686
28078 686
28082 686
28086 686
28090 686
28094 687
28098 687
28102 687
28106 687
28110 687
28114 687
28118 687
28122 687
28126 687
28130 687
28134 687
28138 688
28142 688
28146 688
28150 688
28154 688
28158 688
28162 688
28166 688
28170 688
28174 689
28178 689
28182 689
28186 689
28190 689
28194 689
28198 689
28202 689
28206 689
28210 689
28214 689
28218 689
28222 690
28226 690
28230 690
28234 690
28238 690
28242 690
28246 690
28250 690
28254 691
28258 691
28262 691
28266 691
28270 691
28274 691
28278 691
28282 691
28286 691
28290 691
28294 691
28298 692
28302 692
28306 692
28310 692
28314 692
28318 692
28322 692
28326 692
28330 692
28334 692
28338 693
28342 693
28346 693
28350 693
28354 693
28358 693
28362 693
28366 693
28370 693
28374 693
28378 693
28382 694
28386 694
28390 694
28394 694
28398 694
28402 694
28406 694
28410 694
28414 695
28418 695
28422 695
28426 695
28430 695
28434 695
28438 695
28442 695
28446 695
28450 695
28454 695
28458 695
28462 696
28466 696
28470 696
28474 696
28478 696
28482 696
28486 696
28490 696
28494 696
28498 697
28502 697
28506 697
28510 697
28514 697
28518 697
28522 697
28526 697
28530 697
28534 697
28538 697
28542 698
28546 698
28550 698
28554 698
28558 698
28562 698
28566 698
28570 698
28574 698
28578 699
28582 699
28586 699
28590 699
28594 699
28598 699
28602 699
28606 699
28610 699
28614 699
28618 699
28622 699
28626 699
28630 699
28634 700
28638 700
28642 700
28646 700
28650 700
28654 700
28658 700
28662 700
28666 700
28670 700
28674 701
28678 701
28682 701
28686 701
28690 701
28694 701
28698 701
28702 701
28706 701
28710 701
28714 701
28718 702
28722 702
28726 702
28730 702
28734 702
28738 702
28742 702
28746 702
28750 702
28754 702
28758 703
28762 703
28766 703
28770 703
28774 703
28778 703
28782 703
28786 703
28790 703
28794 703
28798 703
28802 703
28806 704
28810 704
28814 704
28818 704
28822 704
28826 704
28830 704
28834 704
28838 704
28842 705
28846 705
28850 705
28854 705
28858 705
28862 705
28866 705
28870 705
28874 705
28878 705
28882 705
28886 705
28890 706
28894 706
28898 706
28902 706
28906 706
28910 706
28914 706
28918 706
28922 706
28926 707
28930 707
28934 707
28938 707
28942 707
28946 707
28950 707
28954 707
28958 707
28962 707
28966 707
28970 707
28974 707
28978 708
28982 708
28986 708
28990 708
28994 708
28998 708
29002 708
29006 708
29010 708
29014 708
29018 709
29022 709
29026 709
29030 709
29034 709
29038 709
29042 709
29046 709
29050 709
29054 709
29058 709
29062 709
29066 710
29070 710
29074 710
29078 710
29082 710
29086 710
29090 710
29094 710
29098 710
29102 711
29106 711
29110 711
29114 711
29118 711
29122 711
29126 711
29130 711
29134 711
29138 711
29142 711
29146 711
29150 712
29154 712
29158 712
29162 712
29166 712
29170 712
29174 712
29178 712
29182 712
29186 712
29190 713
29194 713
29198 713
29202 713
29206 713
29210 713
29214 713
29218 713
29222 713
29226 713
29230 713
29234 713
29238 714
29242 714
29246 714
29250 714
29254 714
29258 714
29262 714
29266 714
29270 714
29274 714
29278 715
29282 715
29286 715
29290 715
29294 715
29298 715
29302 715
29306 715
29310 715
29314 715
29318 715
29322 715
29326 715
29330 716
29334 716
29338 716
29342 716
29346 716
29350 716
29354 716
29358 716
29362 716
29366 717
29370 717
29374 717
29378 717
29382 717
29386 717
29390 717
29394 717
29398 717
29402 717
29406 717
29410 717
29414 718
29418 718
29422 718
29426 718
29430 718
29434 718
29438 718
29442 718
29446 718
29450 718
29454 719
29458 719
29462 719
29466 719
29470 719
29474 719
29478 719
29482 719
29486 719
29490 719
29494 719
29498 719
29502 720
29506 720
29510 720
29514 720
29518 720
29522 720
29526 720
29530 720
29534 720
29538 721
29542 721
29546 721
29550 721
29554 721
29558 721
29562 721
29566 721
29570 721
29574 721
29578 721
29582 721
29586 722
29590 722
29594 722
29598 722
29602 722
29606 722
29610 722
29614 722
29618 722
29622 722
29626 723
29630 723
29634 723
29638 723
29642 723
29646 723
29650 723
29654 723
29658 723
29662 723
29666 723
29670 723
29674 724
29678 724
29682 724
29686 724
29690 724
29694 724
29698 724
29702 724
29706 724
29710 725
29714 725
29718 725
29722 725
29726 725
29730 725
29734 725
29738 725
29742 725
29746 725
29750 725
29754 725
29758 726
29762 726
29766 726
29770 726
29774 726
29778 726
29782 726
29786 726
29790 726
29794 727
29798 727
29802 727
29806 727
29810 727
29814 727
29818 727
29822 727
29826 727
29830 727
29834 727
29838 727
29842 728
29846 728
29850 728
29854 728
29858 728
29862 728
29866 728
29870 728
29874 728
29878 729
29882 729
29886 729
29890 729
29894 729
29898 729
29902 729
29906 729
29910 729
29914 729
29918 729
29922 729
29926 729
29930 730
29934 730
29938 730
29942 730
29946 730
29950 730
29954 730
29958 730
29962 730
29966 730
29970 730
29974 731
29978 731
29982 731
29986 731
29990 731
29994 731
29998 731
