10 0
14 0
18 0
22 1
26 1
30 1
34 1
38 1
42 2
46 2
50 3
54 3
58 4
62 4
66 5
70 5
74 6
78 7
82 7
86 8
90 9
94 9
98 10
102 11
106 12
110 12
114 13
118 14
122 15
126 16
130 16
134 17
138 18
142 19
146 20
150 21
154 21
158 22
162 23
166 24
170 25
174 26
178 27
182 27
186 28
190 29
194 30
198 31
202 32
206 33
210 33
214 34
218 35
222 36
226 37
230 38
234 39
238 40
242 41
246 41
250 42
254 43
258 44
262 45
266 46
270 47
274 47
278 48
282 49
286 50
290 51
294 52
298 53
302 54
306 55
310 55
314 56
318 57
322 58
326 59
330 60
334 61
338 62
342 63
346 63
350 64
354 65
358 66
362 67
366 68
370 69
374 70
378 71
382 71
386 72
390 73
394 74
398 75
402 76
406 77
410 78
414 79
418 79
422 80
426 81
430 82
434 83
438 84
442 85
446 85
450 86
454 87
458 88
462 89
466 90
470 91
474 92
478 93
482 93
486 94
490 95
494 96
498 97
502 98
506 99
510 99
514 100
518 101
522 102
526 103
530 104
534 105
538 106
542 107
546 107
550 108
554 109
558 110
562 111
566 112
570 113
574 113
578 114
582 115
586 116
590 117
594 118
598 119
602 120
606 121
610 121
614 122
618 123
622 124
626 125
630 126
634 127
638 128
642 129
646 129
650 130
654 131
658 132
662 133
666 134
670 135
674 136
678 136
682 137
686 138
690 139
694 140
698 141
702 142
706 143
710 143
714 144
718 145
722 146
726 147
730 148
734 149
738 150
742 151
746 151
750 152
754 153
758 154
762 155
766 156
770 157
774 157
778 158
782 159
786 160
790 161
794 162
798 163
802 163
806 164
810 165
814 166
818 167
822 168
826 169
830 170
834 171
838 171
842 172
846 173
850 174
854 175
858 176
862 177
866 177
870 178
874 179
878 180
882 181
886 182
890 183
894 183
898 184
902 185
906 186
910 187
914 188
918 189
922 189
926 190
930 191
934 192
938 193
942 194
946 195
950 196
954 196
958 197
962 198
966 199
970 200
974 201
978 201
982 202
986 203
990 204
994 205
998 206
1002 207
1006 207
1010 208
1014 209
1018 210
1022 211
1026 212
1030 213
1034 213
1038 214
1042 215
1046 216
1050 217
1054 218
1058 219
1062 220
1066 220
1070 221
1074 222
1078 223
1082 224
1086 225
1090 226
1094 226
1098 227
1102 228
1106 229
1110 230
1114 231
1118 231
1122 232
1126 233
1130 234
1134 235
1138 236
1142 237
1146 237
1150 238
1154 239
1158 240
1162 241
1166 242
1170 243
1174 244
1178 245
1182 245
1186 246
1190 247
1194 248
1198 249
1202 250
1206 251
1210 251
1214 252
1218 253
1222 254
1226 255
1230 256
1234 257
1238 257
1242 258
1246 259
1250 260
1254 261
1258 262
1262 263
1266 264
1270 265
1274 265
1278 266
1282 267
1286 268
1290 269
1294 270
1298 271
1302 272
1306 273
1310 273
1314 274
1318 275
1322 276
1326 277
1330 278
1334 279
1338 279
1342 280
1346 281
1350 282
1354 283
1358 284
1362 285
1366 286
1370 287
1374 287
1378 288
1382 289
1386 290
1390 291
1394 292
1398 293
1402 294
1406 294
1410 295
1414 296
1418 297
1422 298
1426 299
1430 300
1434 301
1438 301
1442 302
1446 303
1450 304
1454 305
1458 306
1462 307
1466 308
1470 309
1474 309
1478 310
1482 311
1486 312
1490 313
1494 314
1498 315
1502 315
1506 316
1510 317
1514 318
1518 319
1522 320
1526 321
1530 322
1534 323
1538 323
1542 324
1546 325
1550 326
1554 327
1558 328
1562 329
1566 329
1570 330
1574 331
1578 332
1582 333
1586 334
1590 335
1594 336
1598 337
1602 337
1606 338
1610 339
1614 340
1618 341
1622 342
1626 343
1630 344
1634 345
1638 345
1642 346
1646 347
1650 348
1654 349
1658 350
1662 351
1666 351
1670 352
1674 353
1678 354
1682 355
1686 356
1690 357
1694 358
1698 359
1702 359
1706 360
1710 361
1714 362
1718 363
1722 364
1726 365
1730 366
1734 367
1738 367
1742 368
1746 369
1750 370
1754 371
1758 372
1762 373
1766 373
1770 374
1774 375
1778 376
1782 377
1786 378
1790 379
1794 380
1798 381
1802 381
1806 382
1810 383
1814 384
1818 385
1822 386
1826 387
1830 388
1834 389
1838 389
1842 390
1846 391
1850 392
1854 393
1858 394
1862 395
1866 396
1870 397
1874 397
1878 398
1882 399
1886 400
1890 401
1894 402
1898 403
1902 404
1906 405
1910 405
1914 406
1918 407
1922 408
1926 409
1930 410
1934 411
1938 412
1942 413
1946 413
1950 414
1954 415
1958 416
1962 417
1966 418
1970 419
1974 420
1978 421
1982 421
1986 422
1990 423
1994 424
1998 425
2002 426
2006 427
2010 428
2014 429
2018 429
2022 430
2026 431
2030 432
2034 433
2038 434
2042 435
2046 436
2050 437
2054 437
2058 438
2062 439
2066 440
2070 441
2074 442
2078 443
2082 444
2086 445
2090 445
2094 446
2098 447
2102 448
2106 449
2110 450
2114 451
2118 452
2122 453
2126 453
2130 454
2134 455
2138 456
2142 457
2146 458
2150 459
2154 460
2158 461
2162 461
2166 462
2170 463
2174 464
2178 465
2182 466
2186 467
2190 468
2194 468
2198 469
2202 470
2206 471
2210 472
2214 473
2218 474
2222 475
2226 475
2230 476
2234 477
2238 478
2242 479
2246 480
2250 481
2254 482
2258 483
2262 483
2266 484
2270 485
2274 486
2278 487
2282 488
2286 489
2290 490
2294 491
2298 491
2302 492
2306 493
2310 494
2314 495
2318 496
2322 497
2326 497
2330 498
2334 499
2338 500
2342 501
2346 502
2350 503
2354 504
2358 505
2362 505
2366 506
2370 507
2374 508
2378 509
2382 510
2386 511
2390 511
2394 512
2398 513
2402 514
2406 515
2410 516
2414 517
2418 517
2422 518
2426 519
2430 520
2434 521
2438 522
2442 523
2446 523
2450 524
2454 525
2458 526
2462 527
2466 528
2470 529
2474 530
2478 531
2482 531
2486 532
2490 533
2494 534
2498 535
2502 536
2506 537
2510 537
2514 538
2518 539
2522 540
2526 541
2530 542
2534 543
2538 543
2542 544
2546 545
2550 546
2554 547
2558 548
2562 549
2566 549
2570 550
2574 551
2578 552
2582 553
2586 554
2590 555
2594 555
2598 556
2602 557
2606 558
2610 559
2614 560
2618 561
2622 561
2626 562
2630 563
2634 564
2638 565
2642 566
2646 567
2650 567
2654 568
2658 569
2662 570
2666 571
2670 572
2674 573
2678 574
2682 574
2686 575
2690 576
2694 577
2698 578
2702 579
2706 580
2710 581
2714 581
2718 582
2722 583
2726 584
2730 585
2734 586
2738 587
2742 587
2746 588
2750 589
2754 590
2758 591
2762 592
2766 593
2770 593
2774 594
2778 595
2782 596
2786 597
2790 598
2794 599
2798 600
2802 601
2806 601
2810 602
2814 603
2818 604
2822 605
2826 606
2830 607
2834 607
2838 608
2842 609
2846 610
2850 611
2854 612
2858 613
2862 613
2866 614
2870 615
2874 616
2878 617
2882 618
2886 619
2890 620
2894 621
2898 621
2902 622
2906 623
2910 624
2914 625
2918 626
2922 627
2926 628
2930 628
2934 629
2938 630
2942 631
2946 632
2950 633
2954 634
2958 635
2962 635
2966 636
2970 637
2974 638
2978 639
2982 640
2986 641
2990 641
2994 642
2998 643
3002 644
3006 645
3010 646
3014 647
3018 648
3022 649
3026 649
3030 650
3034 651
3038 652
3042 653
3046 654
3050 655
3054 655
3058 656
3062 657
3066 658
3070 659
3074 660
3078 661
3082 661
3086 662
3090 663
3094 664
3098 665
3102 666
3106 667
3110 668
3114 669
3118 669
3122 670
3126 671
3130 672
3134 673
3138 674
3142 675
3146 676
3150 677
3154 677
3158 678
3162 679
3166 680
3170 681
3174 682
3178 683
3182 683
3186 684
3190 685
3194 686
3198 687
3202 688
3206 689
3210 689
3214 690
3218 691
3222 692
3226 693
3230 694
3234 695
3238 696
3242 697
3246 697
3250 698
3254 699
3258 700
3262 701
3266 702
3270 703
3274 704
3278 705
3282 705
3286 706
3290 707
3294 708
3298 709
3302 710
3306 711
3310 712
3314 713
3318 713
3322 714
3326 715
3330 716
3334 717
3338 718
3342 719
3346 720
3350 721
3354 721
3358 722
3362 723
3366 724
3370 725
3374 726
3378 727
3382 728
3386 729
3390 729
3394 730
3398 731
3402 732
3406 733
3410 734
3414 735
3418 735
3422 736
3426 737
3430 738
3434 739
3438 740
3442 741
3446 742
3450 743
3454 744
3458 745
3462 745
3466 746
3470 747
3474 748
3478 749
3482 750
3486 751
3490 752
3494 752
3498 753
3502 754
3506 755
3510 756
3514 757
3518 758
3522 759
3526 759
3530 760
3534 761
3538 762
3542 763
3546 764
3550 765
3554 766
3558 767
3562 767
3566 768
3570 769
3574 770
3578 771
3582 772
3586 773
3590 774
3594 775
3598 775
3602 776
3606 777
3610 778
3614 779
3618 780
3622 781
3626 782
3630 783
3634 783
3638 784
3642 785
3646 786
3650 787
3654 788
3658 789
3662 790
3666 791
3670 791
3674 792
3678 793
3682 794
3686 795
3690 796
3694 797
3698 798
3702 799
3706 799
3710 800
3714 801
3718 802
3722 803
3726 804
3730 805
3734 805
3738 806
3742 807
3746 808
3750 809
3754 810
3758 811
3762 812
3766 813
3770 813
3774 814
3778 815
3782 816
3786 817
3790 818
3794 819
3798 820
3802 821
3806 821
3810 822
3814 823
3818 824
3822 825
3826 826
3830 827
3834 828
3838 828
3842 829
3846 830
3850 831
3854 832
3858 833
3862 834
3866 835
3870 835
3874 836
3878 837
3882 838
3886 839
3890 840
3894 841
3898 842
3902 843
3906 843
3910 844
3914 845
3918 846
3922 847
3926 848
3930 849
3934 850
3938 851
3942 851
3946 852
3950 853
3954 854
3958 855
3962 856
3966 857
3970 858
3974 859
3978 859
3982 860
3986 861
3990 862
3994 863
3998 864
4002 865
4006 865
4010 866
4014 867
4018 868
4022 869
4026 870
4030 871
4034 872
4038 873
4042 873
4046 874
4050 875
4054 876
4058 877
4062 878
4066 879
4070 879
4074 880
4078 881
4082 882
4086 883
4090 884
4094 885
4098 885
4102 886
4106 887
4110 888
4114 889
4118 890
4122 891
4126 892
4130 893
4134 893
4138 894
4142 895
4146 896
4150 897
4154 898
4158 899
4162 899
4166 900
4170 901
4174 902
4178 903
4182 904
4186 905
4190 905
4194 906
4198 907
4202 908
4206 909
4210 910
4214 911
4218 911
4222 912
4226 913
4230 914
4234 915
4238 916
4242 917
4246 917
4250 918
4254 919
4258 920
4262 921
4266 922
4270 923
4274 923
4278 924
4282 925
4286 926
4290 927
4294 927
4298 928
4302 929
4306 930
4310 931
4314 932
4318 933
4322 933
4326 934
4330 935
4334 936
4338 937
4342 938
4346 939
4350 940
4354 941
4358 941
4362 942
4366 943
4370 944
4374 945
4378 946
4382 947
4386 947
4390 948
4394 949
4398 950
4402 951
4406 952
4410 953
4414 953
4418 954
4422 955
4426 956
4430 957
4434 958
4438 959
4442 959
4446 960
4450 961
4454 962
4458 963
4462 964
4466 965
4470 965
4474 966
4478 967
4482 968
4486 969
4490 970
4494 971
4498 972
4502 972
4506 973
4510 974
4514 975
4518 976
4522 977
4526 978
4530 979
4534 979
4538 980
4542 981
4546 982
4550 983
4554 984
4558 985
4562 986
4566 987
4570 987
4574 988
4578 989
4582 990
4586 991
4590 992
4594 993
4598 994
4602 995
4606 995
4610 996
4614 997
4618 998
4622 999
4626 1000
4630 1001
4634 1001
4638 1002
4642 1003
4646 1004
4650 1005
4654 1006
4658 1007
4662 1008
4666 1009
4670 1009
4674 1010
4678 1011
4682 1012
4686 1013
4690 1014
4694 1015
4698 1016
4702 1016
4706 1017
4710 1018
4714 1019
4718 1020
4722 1021
4726 1022
4730 1023
4734 1023
4738 1024
4742 1025
4746 1026
4750 1027
4754 1028
4758 1029
4762 1030
4766 1031
4770 1031
4774 1032
4778 1033
4782 1034
4786 1035
4790 1036
4794 1037
4798 1037
4802 1038
4806 1039
4810 1040
4814 1041
4818 1042
4822 1043
4826 1044
4830 1044
4834 1045
4838 1046
4842 1047
4846 1048
4850 1049
4854 1050
4858 1051
4862 1051
4866 1052
4870 1053
4874 1054
4878 1055
4882 1056
4886 1057
4890 1057
4894 1058
4898 1059
4902 1060
4906 1061
4910 1062
4914 1063
4918 1064
4922 1065
4926 1065
4930 1066
4934 1067
4938 1068
4942 1069
4946 1070
4950 1071
4954 1071
4958 1073
4962 1073
4966 1074
4970 1075
4974 1076
4978 1077
4982 1078
4986 1079
4990 1079
4994 1080
4998 1081
5002 1082
5006 1083
5010 1084
5014 1085
5018 1086
5022 1087
5026 1087
5030 1088
5034 1089
5038 1090
5042 1091
5046 1092
5050 1093
5054 1094
5058 1095
5062 1095
5066 1096
5070 1097
5074 1098
5078 1099
5082 1100
5086 1101
5090 1102
5094 1103
5098 1103
5102 1104
5106 1105
5110 1106
5114 1107
5118 1108
5122 1109
5126 1110
5130 1111
5134 1111
5138 1112
5142 1113
5146 1114
5150 1115
5154 1116
5158 1117
5162 1118
5166 1119
5170 1119
5174 1120
5178 1121
5182 1122
5186 1123
5190 1124
5194 1125
5198 1126
5202 1127
5206 1127
5210 1128
5214 1129
5218 1130
5222 1131
5226 1132
5230 1133
5234 1134
5238 1135
5242 1135
5246 1136
5250 1137
5254 1138
5258 1139
5262 1140
5266 1141
5270 1142
5274 1143
5278 1143
5282 1144
5286 1145
5290 1146
5294 1147
5298 1148
5302 1149
5306 1150
5310 1151
5314 1151
5318 1152
5322 1153
5326 1154
5330 1155
5334 1156
5338 1157
5342 1158
5346 1159
5350 1159
5354 1160
5358 1161
5362 1162
5366 1163
5370 1164
5374 1165
5378 1166
5382 1167
5386 1167
5390 1168
5394 1169
5398 1170
5402 1171
5406 1172
5410 1173
5414 1174
5418 1175
5422 1175
5426 1176
5430 1177
5434 1178
5438 1179
5442 1180
5446 1181
5450 1182
5454 1183
5458 1183
5462 1184
5466 1185
5470 1186
5474 1187
5478 1188
5482 1189
5486 1189
5490 1190
5494 1191
5498 1192
5502 1193
5506 1194
5510 1195
5514 1196
5518 1197
5522 1197
5526 1198
5530 1199
5534 1200
5538 1201
5542 1202
5546 1203
5550 1204
5554 1205
5558 1205
5562 1206
5566 1207
5570 1208
5574 1209
5578 1210
5582 1211
5586 1211
5590 1212
5594 1213
5598 1214
5602 1215
5606 1216
5610 1217
5614 1218
5618 1219
5622 1219
5626 1220
5630 1221
5634 1222
5638 1223
5642 1224
5646 1225
5650 1225
5654 1226
5658 1227
5662 1228
5666 1229
5670 1230
5674 1231
5678 1232
5682 1232
5686 1233
5690 1234
5694 1235
5698 1236
5702 1237
5706 1238
5710 1239
5714 1239
5718 1240
5722 1241
5726 1242
5730 1243
5734 1244
5738 1245
5742 1245
5746 1246
5750 1247
5754 1248
5758 1249
5762 1250
5766 1251
5770 1252
5774 1253
5778 1253
5782 1254
5786 1255
5790 1256
5794 1257
5798 1258
5802 1259
5806 1259
5810 1260
5814 1261
5818 1262
5822 1263
5826 1264
5830 1265
5834 1265
5838 1266
5842 1267
5846 1268
5850 1269
5854 1270
5858 1271
5862 1271
5866 1272
5870 1273
5874 1274
5878 1275
5882 1276
5886 1277
5890 1277
5894 1278
5898 1279
5902 1280
5906 1281
5910 1282
5914 1283
5918 1283
5922 1284
5926 1285
5930 1286
5934 1287
5938 1288
5942 1289
5946 1289
5950 1290
5954 1291
5958 1292
5962 1293
5966 1294
5970 1295
5974 1295
5978 1296
5982 1297
5986 1298
5990 1299
5994 1300
5998 1301
6002 1302
6006 1303
6010 1303
6014 1304
6018 1305
6022 1306
6026 1307
6030 1308
6034 1309
6038 1309
6042 1310
6046 1311
6050 1312
6054 1313
6058 1314
6062 1315
6066 1315
6070 1316
6074 1317
6078 1318
6082 1319
6086 1320
6090 1321
6094 1321
6098 1322
6102 1323
6106 1324
6110 1325
6114 1326
6118 1327
6122 1328
6126 1329
6130 1329
6134 1330
6138 1331
6142 1332
6146 1333
6150 1334
6154 1335
6158 1335
6162 1336
6166 1337
6170 1338
6174 1339
6178 1340
6182 1341
6186 1341
6190 1342
6194 1343
6198 1344
6202 1345
6206 1346
6210 1347
6214 1348
6218 1349
6222 1349
6226 1350
6230 1351
6234 1352
6238 1353
6242 1354
6246 1355
6250 1355
6254 1356
6258 1357
6262 1358
6266 1359
6270 1360
6274 1361
6278 1362
6282 1363
6286 1363
6290 1364
6294 1365
6298 1366
6302 1367
6306 1368
6310 1369
6314 1369
6318 1370
6322 1371
6326 1372
6330 1373
6334 1374
6338 1375
6342 1376
6346 1377
6350 1377
6354 1378
6358 1379
6362 1380
6366 1381
6370 1382
6374 1383
6378 1383
6382 1384
6386 1385
6390 1386
6394 1387
6398 1388
6402 1389
6406 1390
6410 1391
6414 1391
6418 1392
6422 1393
6426 1394
6430 1395
6434 1396
6438 1397
6442 1398
6446 1398
6450 1399
6454 1400
6458 1401
6462 1402
6466 1403
6470 1404
6474 1405
6478 1405
6482 1406
6486 1407
6490 1408
6494 1409
6498 1410
6502 1411
6506 1412
6510 1412
6514 1413
6518 1414
6522 1415
6526 1416
6530 1417
6534 1418
6538 1419
6542 1419
6546 1420
6550 1421
6554 1422
6558 1423
6562 1424
6566 1425
6570 1426
6574 1427
6578 1427
6582 1428
6586 1429
6590 1430
6594 1431
6598 1432
6602 1433
6606 1434
6610 1435
6614 1435
6618 1436
6622 1437
6626 1438
6630 1439
6634 1440
6638 1441
6642 1442
6646 1443
6650 1443
6654 1444
6658 1445
6662 1446
6666 1447
6670 1448
6674 1449
6678 1450
6682 1451
6686 1451
6690 1452
6694 1453
6698 1454
6702 1455
6706 1456
6710 1457
6714 1457
6718 1458
6722 1459
6726 1460
6730 1461
6734 1462
6738 1463
6742 1464
6746 1465
6750 1465
6754 1466
6758 1467
6762 1468
6766 1469
6770 1470
6774 1471
6778 1472
6782 1473
6786 1473
6790 1474
6794 1475
6798 1476
6802 1477
6806 1478
6810 1479
6814 1480
6818 1481
6822 1481
6826 1482
6830 1483
6834 1484
6838 1485
6842 1486
6846 1487
6850 1488
6854 1489
6858 1489
6862 1490
6866 1491
6870 1492
6874 1493
6878 1494
6882 1495
6886 1496
6890 1497
6894 1497
6898 1498
6902 1499
6906 1500
6910 1501
6914 1502
6918 1503
6922 1504
6926 1505
6930 1505
6934 1506
6938 1507
6942 1508
6946 1509
6950 1510
6954 1511
6958 1511
6962 1513
6966 1513
6970 1514
6974 1515
6978 1516
6982 1517
6986 1518
6990 1519
6994 1519
6998 1520
7002 1521
7006 1522
7010 1523
7014 1524
7018 1525
7022 1526
7026 1527
7030 1527
7034 1528
7038 1529
7042 1530
7046 1531
7050 1532
7054 1533
7058 1534
7062 1535
7066 1535
7070 1536
7074 1537
7078 1538
7082 1539
7086 1540
7090 1541
7094 1542
7098 1543
7102 1543
7106 1544
7110 1545
7114 1546
7118 1547
7122 1548
7126 1549
7130 1550
7134 1551
7138 1551
7142 1552
7146 1553
7150 1554
7154 1555
7158 1556
7162 1557
7166 1557
7170 1558
7174 1559
7178 1560
7182 1561
7186 1562
7190 1563
7194 1564
7198 1565
7202 1565
7206 1567
7210 1567
7214 1568
7218 1569
7222 1570
7226 1571
7230 1572
7234 1573
7238 1573
7242 1574
7246 1575
7250 1576
7254 1577
7258 1578
7262 1579
7266 1580
7270 1581
7274 1581
7278 1582
7282 1583
7286 1584
7290 1585
7294 1586
7298 1587
7302 1588
7306 1589
7310 1589
7314 1590
7318 1591
7322 1592
7326 1593
7330 1594
7334 1595
7338 1595
7342 1596
7346 1597
7350 1598
7354 1599
7358 1600
7362 1601
7366 1601
7370 1602
7374 1603
7378 1604
7382 1605
7386 1606
7390 1607
7394 1607
7398 1608
7402 1609
7406 1610
7410 1611
7414 1612
7418 1613
7422 1614
7426 1615
7430 1615
7434 1616
7438 1617
7442 1618
7446 1619
7450 1620
7454 1621
7458 1621
7462 1622
7466 1623
7470 1624
7474 1625
7478 1626
7482 1627
7486 1627
7490 1628
7494 1629
7498 1630
7502 1631
7506 1632
7510 1633
7514 1633
7518 1634
7522 1635
7526 1636
7530 1637
7534 1638
7538 1639
7542 1639
7546 1640
7550 1641
7554 1642
7558 1643
7562 1644
7566 1644
7570 1645
7574 1646
7578 1647
7582 1648
7586 1649
7590 1650
7594 1650
7598 1651
7602 1652
7606 1653
7610 1654
7614 1655
7618 1656
7622 1657
7626 1657
7630 1658
7634 1659
7638 1660
7642 1661
7646 1662
7650 1663
7654 1663
7658 1664
7662 1665
7666 1666
7670 1667
7674 1668
7678 1669
7682 1669
7686 1670
7690 1671
7694 1672
7698 1673
7702 1674
7706 1675
7710 1675
7714 1676
7718 1677
7722 1678
7726 1679
7730 1680
7734 1681
7738 1682
7742 1683
7746 1683
7750 1684
7754 1685
7758 1686
7762 1687
7766 1688
7770 1689
7774 1689
7778 1690
7782 1691
7786 1692
7790 1693
7794 1694
7798 1695
7802 1696
7806 1697
7810 1697
7814 1698
7818 1699
7822 1700
7826 1701
7830 1702
7834 1703
7838 1703
7842 1704
7846 1705
7850 1706
7854 1707
7858 1708
7862 1709
7866 1710
7870 1711
7874 1711
7878 1712
7882 1713
7886 1714
7890 1715
7894 1716
7898 1717
7902 1718
7906 1719
7910 1719
7914 1720
7918 1721
7922 1722
7926 1723
7930 1724
7934 1725
7938 1725
7942 1726
7946 1727
7950 1728
7954 1729
7958 1730
7962 1731
7966 1732
7970 1733
7974 1733
7978 1734
7982 1735
7986 1736
7990 1737
7994 1738
7998 1739
8002 1739
8006 1740
8010 1741
8014 1742
8018 1743
8022 1744
8026 1745
8030 1745
8034 1746
8038 1747
8042 1748
8046 1749
8050 1750
8054 1751
8058 1752
8062 1753
8066 1753
8070 1754
8074 1755
8078 1756
8082 1757
8086 1758
8090 1759
8094 1759
8098 1760
8102 1761
8106 1762
8110 1763
8114 1764
8118 1765
8122 1766
8126 1767
8130 1767
8134 1768
8138 1769
8142 1770
8146 1771
8150 1772
8154 1773
8158 1773
8162 1774
8166 1775
8170 1776
8174 1777
8178 1778
8182 1779
8186 1780
8190 1781
8194 1781
8198 1782
8202 1783
8206 1784
8210 1785
8214 1786
8218 1787
8222 1787
8226 1788
8230 1789
8234 1790
8238 1791
8242 1792
8246 1793
8250 1794
8254 1795
8258 1795
8262 1796
8266 1797
8270 1798
8274 1799
8278 1800
8282 1801
8286 1802
8290 1803
8294 1803
8298 1804
8302 1805
8306 1806
8310 1807
8314 1808
8318 1809
8322 1810
8326 1811
8330 1811
8334 1812
8338 1813
8342 1814
8346 1815
8350 1816
8354 1817
8358 1818
8362 1819
8366 1819
8370 1820
8374 1821
8378 1822
8382 1823
8386 1824
8390 1825
8394 1826
8398 1827
8402 1827
8406 1828
8410 1829
8414 1830
8418 1831
8422 1832
8426 1833
8430 1834
8434 1835
8438 1835
8442 1836
8446 1837
8450 1838
8454 1839
8458 1840
8462 1841
8466 1842
8470 1843
8474 1843
8478 1844
8482 1845
8486 1846
8490 1847
8494 1848
8498 1849
8502 1850
8506 1851
8510 1851
8514 1853
8518 1853
8522 1854
8526 1855
8530 1856
8534 1857
8538 1858
8542 1859
8546 1859
8550 1861
8554 1861
8558 1862
8562 1863
8566 1864
8570 1865
8574 1866
8578 1867
8582 1867
8586 1868
8590 1869
8594 1870
8598 1871
8602 1872
8606 1873
8610 1874
8614 1875
8618 1875
8622 1876
8626 1877
8630 1878
8634 1879
8638 1880
8642 1881
8646 1882
8650 1883
8654 1883
8658 1884
8662 1885
8666 1886
8670 1887
8674 1888
8678 1889
8682 1890
8686 1891
8690 1891
8694 1892
8698 1893
8702 1894
8706 1895
8710 1896
8714 1897
8718 1898
8722 1899
8726 1899
8730 1900
8734 1901
8738 1902
8742 1903
8746 1904
8750 1905
8754 1905
8758 1906
8762 1907
8766 1908
8770 1909
8774 1910
8778 1911
8782 1912
8786 1913
8790 1913
8794 1914
8798 1915
8802 1916
8806 1917
8810 1918
8814 1919
8818 1919
8822 1920
8826 1921
8830 1922
8834 1923
8838 1924
8842 1925
8846 1926
8850 1927
8854 1927
8858 1928
8862 1929
8866 1930
8870 1931
8874 1932
8878 1933
8882 1933
8886 1934
8890 1935
8894 1936
8898 1937
8902 1938
8906 1939
8910 1940
8914 1941
8918 1941
8922 1942
8926 1943
8930 1944
8934 1945
8938 1946
8942 1947
8946 1947
8950 1948
8954 1949
8958 1950
8962 1951
8966 1952
8970 1953
8974 1954
8978 1955
8982 1955
8986 1956
8990 1957
8994 1958
8998 1959
9002 1960
9006 1961
9010 1961
9014 1962
9018 1963
9022 1964
9026 1965
9030 1966
9034 1967
9038 1968
9042 1968
9046 1969
9050 1970
9054 1971
9058 1972
9062 1973
9066 1974
9070 1975
9074 1975
9078 1976
9082 1977
9086 1978
9090 1979
9094 1980
9098 1981
9102 1981
9106 1982
9110 1983
9114 1984
9118 1985
9122 1986
9126 1987
9130 1988
9134 1988
9138 1989
9142 1990
9146 1991
9150 1992
9154 1993
9158 1994
9162 1995
9166 1995
9170 1996
9174 1997
9178 1998
9182 1999
9186 2000
9190 2000
9194 2001
9198 2002
9202 2003
9206 2004
9210 2005
9214 2006
9218 2006
9222 2007
9226 2008
9230 2009
9234 2010
9238 2011
9242 2012
9246 2013
9250 2013
9254 2014
9258 2015
9262 2016
9266 2017
9270 2018
9274 2019
9278 2019
9282 2020
9286 2021
9290 2022
9294 2023
9298 2024
9302 2025
9306 2025
9310 2026
9314 2027
9318 2028
9322 2029
9326 2030
9330 2031
9334 2031
9338 2032
9342 2033
9346 2034
9350 2035
9354 2036
9358 2037
9362 2037
9366 2038
9370 2039
9374 2040
9378 2041
9382 2042
9386 2043
9390 2044
9394 2045
9398 2045
9402 2046
9406 2047
9410 2048
9414 2049
9418 2050
9422 2051
9426 2051
9430 2052
9434 2053
9438 2054
9442 2055
9446 2056
9450 2057
9454 2057
9458 2058
9462 2059
9466 2060
9470 2061
9474 2062
9478 2063
9482 2064
9486 2065
9490 2065
9494 2066
9498 2067
9502 2068
9506 2069
9510 2070
9514 2071
9518 2072
9522 2072
9526 2073
9530 2074
9534 2075
9538 2076
9542 2077
9546 2078
9550 2079
9554 2079
9558 2080
9562 2081
9566 2082
9570 2083
9574 2084
9578 2085
9582 2086
9586 2086
9590 2087
9594 2088
9598 2089
9602 2090
9606 2091
9610 2092
9614 2093
9618 2093
9622 2094
9626 2095
9630 2096
9634 2097
9638 2098
9642 2099
9646 2099
9650 2100
9654 2101
9658 2102
9662 2103
9666 2104
9670 2105
9674 2106
9678 2107
9682 2107
9686 2108
9690 2109
9694 2110
9698 2111
9702 2112
9706 2113
9710 2114
9714 2115
9718 2115
9722 2116
9726 2117
9730 2118
9734 2119
9738 2120
9742 2121
9746 2121
9750 2123
9754 2123
9758 2124
9762 2125
9766 2126
9770 2127
9774 2128
9778 2129
9782 2129
9786 2130
9790 2131
9794 2132
9798 2133
9802 2134
9806 2135
9810 2136
9814 2137
9818 2137
9822 2138
9826 2139
9830 2140
9834 2141
9838 2142
9842 2143
9846 2143
9850 2144
9854 2145
9858 2146
9862 2147
9866 2148
9870 2149
9874 2150
9878 2151
9882 2151
9886 2152
9890 2153
9894 2154
9898 2155
9902 2156
9906 2157
9910 2157
9914 2159
9918 2159
9922 2160
9926 2161
9930 2162
9934 2163
9938 2164
9942 2165
9946 2166
9950 2167
9954 2167
9958 2168
9962 2169
9966 2170
9970 2171
9974 2172
9978 2173
9982 2173
9986 2174
9990 2175
9994 2176
9998 2177
10002 2178
10006 2179
10010 2180
10014 2181
10018 2181
10022 2182
10026 2183
10030 2184
10034 2185
10038 2186
10042 2187
10046 2188
10050 2189
10054 2189
10058 2190
10062 2191
10066 2192
10070 2193
10074 2194
10078 2195
10082 2196
10086 2197
10090 2197
10094 2198
10098 2199
10102 2200
10106 2201
10110 2202
10114 2203
10118 2204
10122 2205
10126 2205
10130 2206
10134 2207
10138 2208
10142 2209
10146 2210
10150 2211
10154 2212
10158 2213
10162 2213
10166 2214
10170 2215
10174 2216
10178 2217
10182 2218
10186 2219
10190 2220
10194 2221
10198 2221
10202 2222
10206 2223
10210 2224
10214 2225
10218 2226
10222 2227
10226 2228
10230 2229
10234 2229
10238 2230
10242 2231
10246 2232
10250 2233
10254 2234
10258 2235
10262 2236
10266 2237
10270 2237
10274 2238
10278 2239
10282 2240
10286 2241
10290 2242
10294 2243
10298 2244
10302 2245
10306 2245
10310 2246
10314 2247
10318 2248
10322 2249
10326 2250
10330 2251
10334 2252
10338 2253
10342 2253
10346 2254
10350 2255
10354 2256
10358 2257
10362 2258
10366 2259
10370 2260
10374 2261
10378 2261
10382 2262
10386 2263
10390 2264
10394 2265
10398 2266
10402 2267
10406 2268
10410 2268
10414 2269
10418 2270
10422 2271
10426 2272
10430 2273
10434 2274
10438 2275
10442 2275
10446 2276
10450 2277
10454 2278
10458 2279
10462 2280
10466 2281
10470 2282
10474 2283
10478 2283
10482 2284
10486 2285
10490 2286
10494 2287
10498 2288
10502 2289
10506 2290
10510 2291
10514 2291
10518 2292
10522 2293
10526 2294
10530 2295
10534 2296
10538 2297
10542 2297
10546 2298
10550 2299
10554 2300
10558 2301
10562 2302
10566 2303
10570 2304
10574 2305
10578 2305
10582 2306
10586 2307
10590 2308
10594 2309
10598 2310
10602 2311
10606 2311
10610 2312
10614 2313
10618 2314
10622 2315
10626 2316
10630 2317
10634 2318
10638 2318
10642 2319
10646 2320
10650 2321
10654 2322
10658 2323
10662 2323
10666 2324
10670 2325
10674 2326
10678 2327
10682 2328
10686 2329
10690 2330
10694 2331
10698 2331
10702 2332
10706 2333
10710 2334
10714 2335
10718 2336
10722 2337
10726 2337
10730 2338
10734 2339
10738 2340
10742 2341
10746 2342
10750 2343
10754 2343
10758 2344
10762 2345
10766 2346
10770 2347
10774 2348
10778 2349
10782 2349
10786 2350
10790 2351
10794 2352
10798 2353
10802 2354
10806 2355
10810 2355
10814 2356
10818 2357
10822 2358
10826 2359
10830 2360
10834 2361
10838 2361
10842 2362
10846 2363
10850 2364
10854 2365
10858 2366
10862 2367
10866 2367
10870 2368
10874 2369
10878 2370
10882 2371
10886 2372
10890 2373
10894 2373
10898 2374
10902 2375
10906 2376
10910 2377
10914 2378
10918 2379
10922 2379
10926 2380
10930 2381
10934 2382
10938 2383
10942 2384
10946 2385
10950 2386
10954 2387
10958 2387
10962 2388
10966 2389
10970 2390
10974 2391
10978 2392
10982 2393
10986 2393
10990 2394
10994 2395
10998 2396
11002 2397
11006 2398
11010 2399
11014 2399
11018 2400
11022 2401
11026 2402
11030 2403
11034 2404
11038 2405
11042 2406
11046 2407
11050 2407
11054 2408
11058 2409
11062 2410
11066 2411
11070 2412
11074 2413
11078 2413
11082 2414
11086 2415
11090 2416
11094 2417
11098 2418
11102 2419
11106 2419
11110 2421
11114 2421
11118 2422
11122 2423
11126 2424
11130 2425
11134 2426
11138 2427
11142 2427
11146 2428
11150 2429
11154 2430
11158 2431
11162 2432
11166 2433
11170 2434
11174 2435
11178 2435
11182 2436
11186 2437
11190 2438
11194 2439
11198 2440
11202 2441
11206 2441
11210 2442
11214 2443
11218 2444
11222 2445
11226 2446
11230 2447
11234 2448
11238 2449
11242 2449
11246 2450
11250 2451
11254 2452
11258 2453
11262 2454
11266 2455
11270 2455
11274 2456
11278 2457
11282 2458
11286 2459
11290 2460
11294 2461
11298 2462
11302 2462
11306 2463
11310 2464
11314 2465
11318 2466
11322 2467
11326 2468
11330 2469
11334 2469
11338 2470
11342 2471
11346 2472
11350 2473
11354 2474
11358 2475
11362 2476
11366 2477
11370 2477
11374 2478
11378 2479
11382 2480
11386 2481
11390 2482
11394 2483
11398 2483
11402 2484
11406 2485
11410 2486
11414 2487
11418 2488
11422 2489
11426 2489
11430 2490
11434 2491
11438 2492
11442 2493
11446 2494
11450 2495
11454 2496
11458 2497
11462 2497
11466 2498
11470 2499
11474 2500
11478 2501
11482 2502
11486 2503
11490 2504
11494 2505
11498 2505
11502 2506
11506 2507
11510 2508
11514 2509
11518 2510
11522 2511
11526 2511
11530 2512
11534 2513
11538 2514
11542 2515
11546 2516
11550 2517
11554 2518
11558 2519
11562 2519
11566 2520
11570 2521
11574 2522
11578 2523
11582 2524
11586 2525
11590 2526
11594 2527
11598 2527
11602 2528
11606 2529
11610 2530
11614 2531
11618 2532
11622 2533
11626 2534
11630 2535
11634 2535
11638 2536
11642 2537
11646 2538
11650 2539
11654 2540
11658 2541
11662 2542
11666 2543
11670 2544
11674 2545
11678 2545
11682 2546
11686 2547
11690 2548
11694 2549
11698 2550
11702 2551
11706 2552
11710 2552
11714 2553
11718 2554
11722 2555
11726 2556
11730 2557
11734 2558
11738 2559
11742 2559
11746 2560
11750 2561
11754 2562
11758 2563
11762 2564
11766 2565
11770 2566
11774 2567
11778 2568
11782 2568
11786 2569
11790 2570
11794 2571
11798 2572
11802 2573
11806 2574
11810 2575
11814 2576
11818 2577
11822 2577
11826 2578
11830 2579
11834 2580
11838 2581
11842 2582
11846 2583
11850 2583
11854 2584
11858 2585
11862 2586
11866 2587
11870 2588
11874 2589
11878 2590
11882 2591
11886 2591
11890 2592
11894 2593
11898 2594
11902 2595
11906 2596
11910 2597
11914 2598
11918 2599
11922 2599
11926 2600
11930 2601
11934 2602
11938 2603
11942 2604
11946 2605
11950 2606
11954 2606
11958 2607
11962 2608
11966 2609
11970 2610
11974 2611
11978 2612
11982 2613
11986 2613
11990 2614
11994 2615
11998 2616
12002 2617
12006 2618
12010 2619
12014 2620
12018 2621
12022 2621
12026 2622
12030 2623
12034 2624
12038 2625
12042 2626
12046 2627
12050 2628
12054 2629
12058 2629
12062 2630
12066 2631
12070 2632
12074 2633
12078 2634
12082 2635
12086 2635
12090 2636
12094 2637
12098 2638
12102 2639
12106 2640
12110 2641
12114 2642
12118 2643
12122 2643
12126 2644
12130 2645
12134 2646
12138 2647
12142 2648
12146 2649
12150 2650
12154 2651
12158 2651
12162 2652
12166 2653
12170 2654
12174 2655
12178 2656
12182 2657
12186 2657
12190 2658
12194 2659
12198 2660
12202 2661
12206 2662
12210 2663
12214 2664
12218 2665
12222 2665
12226 2666
12230 2667
12234 2668
12238 2669
12242 2670
12246 2671
12250 2672
12254 2672
12258 2673
12262 2674
12266 2675
12270 2676
12274 2677
12278 2678
12282 2679
12286 2679
12290 2680
12294 2681
12298 2682
12302 2683
12306 2684
12310 2685
12314 2685
12318 2686
12322 2687
12326 2688
12330 2689
12334 2690
12338 2691
12342 2692
12346 2693
12350 2693
12354 2694
12358 2695
12362 2696
12366 2697
12370 2698
12374 2699
12378 2699
12382 2700
12386 2701
12390 2702
12394 2703
12398 2704
12402 2705
12406 2705
12410 2706
12414 2707
12418 2708
12422 2709
12426 2710
12430 2711
12434 2711
12438 2712
12442 2713
12446 2714
12450 2715
12454 2716
12458 2717
12462 2717
12466 2718
12470 2719
12474 2720
12478 2721
12482 2722
12486 2723
12490 2723
12494 2724
12498 2725
12502 2726
12506 2727
12510 2728
12514 2729
12518 2729
12522 2730
12526 2731
12530 2732
12534 2733
12538 2734
12542 2735
12546 2735
12550 2736
12554 2737
12558 2738
12562 2739
12566 2740
12570 2741
12574 2741
12578 2742
12582 2743
12586 2744
12590 2745
12594 2746
12598 2747
12602 2747
12606 2748
12610 2749
12614 2750
12618 2751
12622 2752
12626 2753
12630 2753
12634 2754
12638 2755
12642 2756
12646 2757
12650 2758
12654 2759
12658 2759
12662 2760
12666 2761
12670 2762
12674 2763
12678 2764
12682 2765
12686 2765
12690 2766
12694 2767
12698 2768
12702 2769
12706 2770
12710 2771
12714 2772
12718 2772
12722 2773
12726 2774
12730 2775
12734 2776
12738 2777
12742 2778
12746 2779
12750 2779
12754 2780
12758 2781
12762 2782
12766 2783
12770 2784
12774 2785
12778 2786
12782 2787
12786 2787
12790 2788
12794 2789
12798 2790
12802 2791
12806 2792
12810 2793
12814 2793
12818 2794
12822 2795
12826 2796
12830 2797
12834 2798
12838 2799
12842 2800
12846 2801
12850 2801
12854 2802
12858 2803
12862 2804
12866 2805
12870 2806
12874 2807
12878 2808
12882 2809
12886 2809
12890 2810
12894 2811
12898 2812
12902 2813
12906 2814
12910 2815
12914 2815
12918 2816
12922 2817
12926 2818
12930 2819
12934 2820
12938 2821
12942 2822
12946 2822
12950 2823
12954 2824
12958 2825
12962 2826
12966 2827
12970 2828
12974 2829
12978 2829
12982 2830
12986 2831
12990 2832
12994 2833
12998 2834
13002 2835
13006 2836
13010 2837
13014 2837
13018 2838
13022 2839
13026 2840
13030 2841
13034 2842
13038 2843
13042 2843
13046 2844
13050 2845
13054 2846
13058 2847
13062 2848
13066 2849
13070 2850
13074 2851
13078 2851
13082 2852
13086 2853
13090 2854
13094 2855
13098 2856
13102 2857
13106 2858
13110 2859
13114 2859
13118 2860
13122 2861
13126 2862
13130 2863
13134 2864
13138 2865
13142 2865
13146 2866
13150 2867
13154 2868
13158 2869
13162 2870
13166 2871
13170 2872
13174 2873
13178 2873
13182 2874
13186 2875
13190 2876
13194 2877
13198 2878
13202 2879
13206 2879
13210 2880
13214 2881
13218 2882
13222 2883
13226 2884
13230 2885
13234 2886
13238 2887
13242 2887
13246 2888
13250 2889
13254 2890
13258 2891
13262 2892
13266 2893
13270 2894
13274 2895
13278 2895
13282 2896
13286 2897
13290 2898
13294 2899
13298 2900
13302 2901
13306 2902
13310 2903
13314 2903
13318 2904
13322 2905
13326 2906
13330 2907
13334 2908
13338 2909
13342 2910
13346 2911
13350 2911
13354 2912
13358 2913
13362 2914
13366 2915
13370 2916
13374 2917
13378 2917
13382 2918
13386 2919
13390 2920
13394 2921
13398 2922
13402 2923
13406 2924
13410 2925
13414 2925
13418 2926
13422 2927
13426 2928
13430 2929
13434 2930
13438 2931
13442 2932
13446 2933
13450 2934
13454 2935
13458 2935
13462 2936
13466 2937
13470 2938
13474 2939
13478 2940
13482 2941
13486 2942
13490 2943
13494 2943
13498 2944
13502 2945
13506 2946
13510 2947
13514 2948
13518 2949
13522 2950
13526 2951
13530 2951
13534 2952
13538 2953
13542 2954
13546 2955
13550 2956
13554 2957
13558 2958
13562 2959
13566 2959
13570 2960
13574 2961
13578 2962
13582 2963
13586 2964
13590 2965
13594 2966
13598 2967
13602 2967
13606 2968
13610 2969
13614 2970
13618 2971
13622 2972
13626 2973
13630 2974
13634 2975
13638 2975
13642 2976
13646 2977
13650 2978
13654 2979
13658 2980
13662 2981
13666 2982
13670 2983
13674 2983
13678 2984
13682 2985
13686 2986
13690 2987
13694 2988
13698 2989
13702 2989
13706 2990
13710 2991
13714 2992
13718 2993
13722 2994
13726 2995
13730 2996
13734 2997
13738 2997
13742 2998
13746 2999
13750 3000
13754 3001
13758 3002
13762 3003
13766 3004
13770 3005
13774 3005
13778 3006
13782 3007
13786 3008
13790 3009
13794 3010
13798 3011
13802 3011
13806 3012
13810 3013
13814 3014
13818 3015
13822 3016
13826 3017
13830 3018
13834 3018
13838 3019
13842 3020
13846 3021
13850 3022
13854 3023
13858 3024
13862 3025
13866 3025
13870 3026
13874 3027
13878 3028
13882 3029
13886 3030
13890 3031
13894 3032
13898 3032
13902 3033
13906 3034
13910 3035
13914 3036
13918 3037
13922 3038
13926 3039
13930 3039
13934 3040
13938 3041
13942 3042
13946 3043
13950 3044
13954 3045
13958 3045
13962 3046
13966 3047
13970 3048
13974 3049
13978 3050
13982 3051
13986 3051
13990 3052
13994 3053
13998 3054
14002 3055
14006 3056
14010 3057
14014 3057
14018 3058
14022 3059
14026 3060
14030 3061
14034 3062
14038 3063
14042 3063
14046 3064
14050 3065
14054 3066
14058 3067
14062 3068
14066 3069
14070 3069
14074 3070
14078 3071
14082 3072
14086 3073
14090 3074
14094 3075
14098 3076
14102 3077
14106 3077
14110 3078
14114 3079
14118 3080
14122 3081
14126 3082
14130 3083
14134 3083
14138 3084
14142 3085
14146 3086
14150 3087
14154 3088
14158 3089
14162 3089
14166 3090
14170 3091
14174 3092
14178 3093
14182 3094
14186 3095
14190 3095
14194 3096
14198 3097
14202 3098
14206 3099
14210 3100
14214 3101
14218 3101
14222 3102
14226 3103
14230 3104
14234 3105
14238 3106
14242 3107
14246 3107
14250 3108
14254 3109
14258 3110
14262 3111
14266 3112
14270 3113
14274 3114
14278 3114
14282 3115
14286 3116
14290 3117
14294 3118
14298 3119
14302 3120
14306 3121
14310 3121
14314 3122
14318 3123
14322 3124
14326 3125
14330 3126
14334 3127
14338 3128
14342 3129
14346 3129
14350 3130
14354 3131
14358 3132
14362 3133
14366 3134
14370 3135
14374 3135
14378 3136
14382 3137
14386 3138
14390 3139
14394 3140
14398 3141
14402 3141
14406 3142
14410 3143
14414 3144
14418 3145
14422 3146
14426 3147
14430 3148
14434 3149
14438 3149
14442 3150
14446 3151
14450 3152
14454 3153
14458 3154
14462 3155
14466 3155
14470 3156
14474 3157
14478 3158
14482 3159
14486 3160
14490 3161
14494 3162
14498 3163
14502 3163
14506 3164
14510 3165
14514 3166
14518 3167
14522 3168
14526 3169
14530 3169
14534 3170
14538 3171
14542 3172
14546 3173
14550 3174
14554 3175
14558 3176
14562 3177
14566 3177
14570 3178
14574 3179
14578 3180
14582 3181
14586 3182
14590 3183
14594 3183
14598 3184
14602 3185
14606 3186
14610 3187
14614 3188
14618 3189
14622 3190
14626 3191
14630 3191
14634 3192
14638 3193
14642 3194
14646 3195
14650 3196
14654 3197
14658 3197
14662 3198
14666 3199
14670 3200
14674 3201
14678 3202
14682 3203
14686 3204
14690 3204
14694 3205
14698 3206
14702 3207
14706 3208
14710 3209
14714 3210
14718 3211
14722 3211
14726 3212
14730 3213
14734 3214
14738 3215
14742 3216
14746 3217
14750 3218
14754 3219
14758 3219
14762 3220
14766 3221
14770 3222
14774 3223
14778 3224
14782 3225
14786 3226
14790 3227
14794 3227
14798 3228
14802 3229
14806 3230
14810 3231
14814 3232
14818 3233
14822 3233
14826 3234
14830 3235
14834 3236
14838 3237
14842 3238
14846 3239
14850 3240
14854 3241
14858 3241
14862 3242
14866 3243
14870 3244
14874 3245
14878 3246
14882 3247
14886 3248
14890 3249
14894 3249
14898 3250
14902 3251
14906 3252
14910 3253
14914 3254
14918 3255
14922 3256
14926 3257
14930 3257
14934 3258
14938 3259
14942 3260
14946 3261
14950 3262
14954 3263
14958 3264
14962 3265
14966 3266
14970 3267
14974 3267
14978 3268
14982 3269
14986 3270
14990 3271
14994 3272
14998 3273
15002 3274
15006 3274
15010 3275
15014 3276
15018 3277
15022 3278
15026 3279
15030 3280
15034 3281
15038 3281
15042 3282
15046 3283
15050 3284
15054 3285
15058 3286
15062 3287
15066 3288
15070 3289
15074 3289
15078 3290
15082 3291
15086 3292
15090 3293
15094 3294
15098 3295
15102 3296
15106 3297
15110 3297
15114 3298
15118 3299
15122 3300
15126 3301
15130 3302
15134 3303
15138 3304
15142 3305
15146 3305
15150 3306
15154 3307
15158 3308
15162 3309
15166 3310
15170 3311
15174 3312
15178 3313
15182 3313
15186 3314
15190 3315
15194 3316
15198 3317
15202 3318
15206 3319
15210 3320
15214 3321
15218 3321
15222 3322
15226 3323
15230 3324
15234 3325
15238 3326
15242 3327
15246 3327
15250 3328
15254 3329
15258 3330
15262 3331
15266 3332
15270 3333
15274 3334
15278 3335
15282 3335
15286 3336
15290 3337
15294 3338
15298 3339
15302 3340
15306 3341
15310 3342
15314 3343
15318 3343
15322 3344
15326 3345
15330 3346
15334 3347
15338 3348
15342 3349
15346 3350
15350 3350
15354 3351
15358 3352
15362 3353
15366 3354
15370 3355
15374 3356
15378 3357
15382 3357
15386 3358
15390 3359
15394 3360
15398 3361
15402 3362
15406 3363
15410 3364
15414 3365
15418 3365
15422 3366
15426 3367
15430 3368
15434 3369
15438 3370
15442 3371
15446 3372
15450 3373
15454 3373
15458 3374
15462 3375
15466 3376
15470 3377
15474 3378
15478 3379
15482 3379
15486 3380
15490 3381
15494 3382
15498 3383
15502 3384
15506 3385
15510 3386
15514 3387
15518 3387
15522 3388
15526 3389
15530 3390
15534 3391
15538 3392
15542 3393
15546 3394
15550 3395
15554 3395
15558 3396
15562 3397
15566 3398
15570 3399
15574 3400
15578 3401
15582 3401
15586 3402
15590 3403
15594 3404
15598 3405
15602 3406
15606 3407
15610 3408
15614 3408
15618 3409
15622 3410
15626 3411
15630 3412
15634 3413
15638 3414
15642 3415
15646 3415
15650 3416
15654 3417
15658 3418
15662 3419
15666 3420
15670 3421
15674 3421
15678 3422
15682 3423
15686 3424
15690 3425
15694 3426
15698 3427
15702 3427
15706 3428
15710 3429
15714 3430
15718 3431
15722 3432
15726 3433
15730 3433
15734 3434
15738 3435
15742 3436
15746 3437
15750 3438
15754 3439
15758 3439
15762 3440
15766 3441
15770 3442
15774 3443
15778 3444
15782 3445
15786 3445
15790 3446
15794 3447
15798 3448
15802 3449
15806 3450
15810 3450
15814 3451
15818 3452
15822 3453
15826 3454
15830 3455
15834 3456
15838 3457
15842 3457
15846 3458
15850 3459
15854 3460
15858 3461
15862 3462
15866 3462
15870 3463
15874 3464
15878 3465
15882 3466
15886 3467
15890 3468
15894 3468
15898 3469
15902 3470
15906 3471
15910 3472
15914 3473
15918 3474
15922 3474
15926 3475
15930 3476
15934 3477
15938 3478
15942 3479
15946 3480
15950 3481
15954 3481
15958 3482
15962 3483
15966 3484
15970 3485
15974 3486
15978 3487
15982 3487
15986 3488
15990 3489
15994 3490
15998 3491
16002 3492
16006 3493
16010 3494
16014 3495
16018 3495
16022 3496
16026 3497
16030 3498
16034 3499
16038 3500
16042 3501
16046 3501
16050 3502
16054 3503
16058 3504
16062 3505
16066 3506
16070 3507
16074 3508
16078 3509
16082 3509
16086 3510
16090 3511
16094 3512
16098 3513
16102 3514
16106 3515
16110 3515
16114 3516
16118 3517
16122 3518
16126 3519
16130 3520
16134 3521
16138 3522
16142 3523
16146 3523
16150 3524
16154 3525
16158 3526
16162 3527
16166 3528
16170 3529
16174 3530
16178 3531
16182 3531
16186 3532
16190 3533
16194 3534
16198 3535
16202 3536
16206 3537
16210 3537
16214 3538
16218 3539
16222 3540
16226 3541
16230 3542
16234 3543
16238 3544
16242 3545
16246 3545
16250 3546
16254 3547
16258 3548
16262 3549
16266 3550
16270 3551
16274 3551
16278 3552
16282 3553
16286 3554
16290 3555
16294 3556
16298 3557
16302 3558
16306 3559
16310 3559
16314 3560
16318 3561
16322 3562
16326 3563
16330 3564
16334 3565
16338 3565
16342 3566
16346 3567
16350 3568
16354 3569
16358 3570
16362 3571
16366 3571
16370 3572
16374 3573
16378 3574
16382 3575
16386 3576
16390 3577
16394 3578
16398 3579
16402 3579
16406 3580
16410 3581
16414 3582
16418 3583
16422 3584
16426 3585
16430 3586
16434 3587
16438 3587
16442 3588
16446 3589
16450 3590
16454 3591
16458 3592
16462 3593
16466 3593
16470 3594
16474 3595
16478 3596
16482 3597
16486 3598
16490 3599
16494 3600
16498 3601
16502 3601
16506 3602
16510 3603
16514 3604
16518 3605
16522 3606
16526 3607
16530 3608
16534 3609
16538 3609
16542 3610
16546 3611
16550 3612
16554 3613
16558 3614
16562 3615
16566 3615
16570 3616
16574 3617
16578 3618
16582 3619
16586 3620
16590 3621
16594 3622
16598 3623
16602 3624
16606 3625
16610 3625
16614 3626
16618 3627
16622 3628
16626 3629
16630 3630
16634 3631
16638 3632
16642 3632
16646 3633
16650 3634
16654 3635
16658 3636
16662 3637
16666 3638
16670 3639
16674 3639
16678 3640
16682 3641
16686 3642
16690 3643
16694 3644
16698 3645
16702 3646
16706 3647
16710 3648
16714 3649
16718 3649
16722 3650
16726 3651
16730 3652
16734 3653
16738 3654
16742 3655
16746 3656
16750 3657
16754 3657
16758 3658
16762 3659
16766 3660
16770 3661
16774 3662
16778 3663
16782 3663
16786 3665
16790 3665
16794 3666
16798 3667
16802 3668
16806 3669
16810 3670
16814 3671
16818 3672
16822 3673
16826 3673
16830 3674
16834 3675
16838 3676
16842 3677
16846 3678
16850 3679
16854 3680
16858 3681
16862 3681
16866 3682
16870 3683
16874 3684
16878 3685
16882 3686
16886 3687
16890 3688
16894 3689
16898 3689
16902 3690
16906 3691
16910 3692
16914 3693
16918 3694
16922 3695
16926 3696
16930 3697
16934 3697
16938 3698
16942 3699
16946 3700
16950 3701
16954 3702
16958 3703
16962 3703
16966 3704
16970 3705
16974 3706
16978 3707
16982 3708
16986 3709
16990 3710
16994 3711
16998 3711
17002 3712
17006 3713
17010 3714
17014 3715
17018 3716
17022 3717
17026 3717
17030 3719
17034 3719
17038 3720
17042 3721
17046 3722
17050 3723
17054 3724
17058 3725
17062 3725
17066 3726
17070 3727
17074 3728
17078 3729
17082 3730
17086 3731
17090 3732
17094 3733
17098 3733
17102 3734
17106 3735
17110 3736
17114 3737
17118 3738
17122 3739
17126 3739
17130 3740
17134 3741
17138 3742
17142 3743
17146 3744
17150 3745
17154 3746
17158 3747
17162 3747
17166 3748
17170 3749
17174 3750
17178 3751
17182 3752
17186 3753
17190 3753
17194 3754
17198 3755
17202 3756
17206 3757
17210 3758
17214 3759
17218 3759
17222 3760
17226 3761
17230 3762
17234 3763
17238 3764
17242 3765
17246 3766
17250 3767
17254 3767
17258 3768
17262 3769
17266 3770
17270 3771
17274 3772
17278 3773
17282 3773
17286 3774
17290 3775
17294 3776
17298 3777
17302 3778
17306 3779
17310 3779
17314 3780
17318 3781
17322 3782
17326 3783
17330 3784
17334 3785
17338 3785
17342 3786
17346 3787
17350 3788
17354 3789
17358 3790
17362 3791
17366 3791
17370 3792
17374 3793
17378 3794
17382 3795
17386 3796
17390 3797
17394 3797
17398 3798
17402 3799
17406 3800
17410 3801
17414 3802
17418 3803
17422 3804
17426 3804
17430 3805
17434 3806
17438 3807
17442 3808
17446 3809
17450 3810
17454 3810
17458 3811
17462 3812
17466 3813
17470 3814
17474 3815
17478 3816
17482 3817
17486 3817
17490 3818
17494 3819
17498 3820
17502 3821
17506 3822
17510 3823
17514 3823
17518 3824
17522 3825
17526 3826
17530 3827
17534 3828
17538 3829
17542 3829
17546 3830
17550 3831
17554 3832
17558 3833
17562 3834
17566 3835
17570 3835
17574 3836
17578 3837
17582 3838
17586 3839
17590 3840
17594 3841
17598 3841
17602 3842
17606 3843
17610 3844
17614 3845
17618 3846
17622 3847
17626 3848
17630 3849
17634 3849
17638 3850
17642 3851
17646 3852
17650 3853
17654 3854
17658 3855
17662 3855
17666 3856
17670 3857
17674 3858
17678 3859
17682 3860
17686 3861
17690 3861
17694 3862
17698 3863
17702 3864
17706 3865
17710 3866
17714 3867
17718 3868
17722 3869
17726 3869
17730 3870
17734 3871
17738 3872
17742 3873
17746 3874
17750 3875
17754 3875
17758 3876
17762 3877
17766 3878
17770 3879
17774 3880
17778 3881
17782 3881
17786 3882
17790 3883
17794 3884
17798 3885
17802 3886
17806 3887
17810 3888
17814 3889
17818 3889
17822 3890
17826 3891
17830 3892
17834 3893
17838 3894
17842 3895
17846 3896
17850 3897
17854 3897
17858 3898
17862 3899
17866 3900
17870 3901
17874 3902
17878 3903
17882 3903
17886 3904
17890 3905
17894 3906
17898 3907
17902 3908
17906 3909
17910 3910
17914 3911
17918 3911
17922 3912
17926 3913
17930 3914
17934 3915
17938 3916
17942 3917
17946 3917
17950 3918
17954 3919
17958 3920
17962 3921
17966 3922
17970 3923
17974 3924
17978 3925
17982 3925
17986 3926
17990 3927
17994 3928
17998 3929
18002 3930
18006 3931
18010 3931
18014 3932
18018 3933
18022 3934
18026 3935
18030 3936
18034 3937
18038 3938
18042 3939
18046 3939
18050 3940
18054 3941
18058 3942
18062 3943
18066 3944
18070 3945
18074 3946
18078 3947
18082 3947
18086 3948
18090 3949
18094 3950
18098 3951
18102 3952
18106 3953
18110 3954
18114 3955
18118 3955
18122 3956
18126 3957
18130 3958
18134 3959
18138 3960
18142 3961
18146 3962
18150 3963
18154 3963
18158 3964
18162 3965
18166 3966
18170 3967
18174 3968
18178 3969
18182 3969
18186 3970
18190 3971
18194 3972
18198 3973
18202 3974
18206 3975
18210 3976
18214 3977
18218 3977
18222 3978
18226 3979
18230 3980
18234 3981
18238 3982
18242 3983
18246 3984
18250 3985
18254 3985
18258 3986
18262 3987
18266 3988
18270 3989
18274 3990
18278 3991
18282 3992
18286 3993
18290 3993
18294 3994
18298 3995
18302 3996
18306 3997
18310 3998
18314 3999
18318 4000
18322 4001
18326 4001
18330 4002
18334 4003
18338 4004
18342 4005
18346 4006
18350 4007
18354 4008
18358 4009
18362 4009
18366 4010
18370 4011
18374 4012
18378 4013
18382 4014
18386 4015
18390 4016
18394 4017
18398 4017
18402 4018
18406 4019
18410 4020
18414 4021
18418 4022
18422 4023
18426 4023
18430 4024
18434 4025
18438 4026
18442 4027
18446 4028
18450 4029
18454 4030
18458 4031
18462 4032
18466 4033
18470 4033
18474 4034
18478 4035
18482 4036
18486 4037
18490 4038
18494 4039
18498 4039
18502 4040
18506 4041
18510 4042
18514 4043
18518 4044
18522 4045
18526 4046
18530 4047
18534 4047
18538 4048
18542 4049
18546 4050
18550 4051
18554 4052
18558 4053
18562 4054
18566 4055
18570 4055
18574 4056
18578 4057
18582 4058
18586 4059
18590 4060
18594 4061
18598 4062
18602 4063
18606 4063
18610 4064
18614 4065
18618 4066
18622 4067
18626 4068
18630 4069
18634 4069
18638 4070
18642 4071
18646 4072
18650 4073
18654 4074
18658 4075
18662 4076
18666 4077
18670 4077
18674 4078
18678 4079
18682 4080
18686 4081
18690 4082
18694 4083
18698 4084
18702 4085
18706 4085
18710 4086
18714 4087
18718 4088
18722 4089
18726 4090
18730 4091
18734 4092
18738 4093
18742 4093
18746 4094
18750 4095
18754 4096
18758 4097
18762 4098
18766 4099
18770 4099
18774 4100
18778 4101
18782 4102
18786 4103
18790 4104
18794 4105
18798 4106
18802 4107
18806 4107
18810 4108
18814 4109
18818 4110
18822 4111
18826 4112
18830 4113
18834 4113
18838 4114
18842 4115
18846 4116
18850 4117
18854 4118
18858 4119
18862 4120
18866 4120
18870 4121
18874 4122
18878 4123
18882 4124
18886 4125
18890 4126
18894 4127
18898 4127
18902 4128
18906 4129
18910 4130
18914 4131
18918 4132
18922 4133
18926 4133
18930 4134
18934 4135
18938 4136
18942 4137
18946 4138
18950 4139
18954 4139
18958 4140
18962 4141
18966 4142
18970 4143
18974 4144
18978 4145
18982 4145
18986 4146
18990 4147
18994 4148
18998 4149
19002 4150
19006 4151
19010 4151
19014 4152
19018 4153
19022 4154
19026 4155
19030 4156
19034 4157
19038 4157
19042 4158
19046 4159
19050 4160
19054 4161
19058 4162
19062 4163
19066 4163
19070 4164
19074 4165
19078 4166
19082 4167
19086 4168
19090 4169
19094 4169
19098 4170
19102 4171
19106 4172
19110 4173
19114 4174
19118 4175
19122 4175
19126 4176
19130 4177
19134 4178
19138 4179
19142 4180
19146 4181
19150 4181
19154 4182
19158 4183
19162 4184
19166 4185
19170 4186
19174 4187
19178 4187
19182 4188
19186 4189
19190 4190
19194 4191
19198 4192
19202 4193
19206 4193
19210 4194
19214 4195
19218 4196
19222 4197
19226 4198
19230 4199
19234 4199
19238 4200
19242 4201
19246 4202
19250 4203
19254 4204
19258 4205
19262 4206
19266 4207
19270 4207
19274 4208
19278 4209
19282 4210
19286 4211
19290 4212
19294 4213
19298 4213
19302 4214
19306 4215
19310 4216
19314 4217
19318 4218
19322 4219
19326 4220
19330 4221
19334 4221
19338 4222
19342 4223
19346 4224
19350 4225
19354 4226
19358 4227
19362 4228
19366 4229
19370 4229
19374 4230
19378 4231
19382 4232
19386 4233
19390 4234
19394 4235
19398 4235
19402 4236
19406 4237
19410 4238
19414 4239
19418 4240
19422 4241
19426 4242
19430 4242
19434 4243
19438 4244
19442 4245
19446 4246
19450 4247
19454 4248
19458 4249
19462 4249
19466 4250
19470 4251
19474 4252
19478 4253
19482 4254
19486 4255
19490 4256
19494 4257
19498 4257
19502 4258
19506 4259
19510 4260
19514 4261
19518 4262
19522 4263
19526 4263
19530 4264
19534 4265
19538 4266
19542 4267
19546 4268
19550 4269
19554 4270
19558 4271
19562 4271
19566 4272
19570 4273
19574 4274
19578 4275
19582 4276
19586 4277
19590 4277
19594 4278
19598 4279
19602 4280
19606 4281
19610 4282
19614 4283
19618 4284
19622 4284
19626 4285
19630 4286
19634 4287
19638 4288
19642 4289
19646 4290
19650 4291
19654 4291
19658 4292
19662 4293
19666 4294
19670 4295
19674 4296
19678 4297
19682 4297
19686 4299
19690 4299
19694 4300
19698 4301
19702 4302
19706 4303
19710 4304
19714 4305
19718 4305
19722 4306
19726 4307
19730 4308
19734 4309
19738 4310
19742 4311
19746 4312
19750 4313
19754 4313
19758 4314
19762 4315
19766 4316
19770 4317
19774 4318
19778 4319
19782 4319
19786 4320
19790 4321
19794 4322
19798 4323
19802 4324
19806 4325
19810 4326
19814 4327
19818 4327
19822 4328
19826 4329
19830 4330
19834 4331
19838 4332
19842 4333
19846 4334
19850 4335
19854 4335
19858 4336
19862 4337
19866 4338
19870 4339
19874 4340
19878 4341
19882 4342
19886 4343
19890 4343
19894 4344
19898 4345
19902 4346
19906 4347
19910 4348
19914 4349
19918 4350
19922 4351
19926 4351
19930 4352
19934 4353
19938 4354
19942 4355
19946 4356
19950 4357
19954 4358
19958 4359
19962 4359
19966 4360
19970 4361
19974 4362
19978 4363
19982 4364
19986 4365
19990 4366
19994 4367
19998 4367
20002 4368
20006 4369
20010 4370
20014 4371
20018 4372
20022 4373
20026 4374
20030 4375
20034 4376
20038 4377
20042 4377
20046 4378
20050 4379
20054 4380
20058 4381
20062 4382
20066 4383
20070 4383
20074 4384
20078 4385
20082 4386
20086 4387
20090 4388
20094 4389
20098 4390
20102 4391
20106 4392
20110 4393
20114 4393
20118 4394
20122 4395
20126 4396
20130 4397
20134 4398
20138 4399
20142 4400
20146 4401
20150 4401
20154 4402
20158 4403
20162 4404
20166 4405
20170 4406
20174 4407
20178 4407
20182 4408
20186 4409
20190 4410
20194 4411
20198 4412
20202 4413
20206 4414
20210 4415
20214 4415
20218 4416
20222 4417
20226 4418
20230 4419
20234 4420
20238 4421
20242 4422
20246 4423
20250 4423
20254 4424
20258 4425
20262 4426
20266 4427
20270 4428
20274 4429
20278 4429
20282 4430
20286 4431
20290 4432
20294 4433
20298 4434
20302 4435
20306 4436
20310 4437
20314 4437
20318 4438
20322 4439
20326 4440
20330 4441
20334 4442
20338 4443
20342 4443
20346 4444
20350 4445
20354 4446
20358 4447
20362 4448
20366 4449
20370 4450
20374 4451
20378 4451
20382 4452
20386 4453
20390 4454
20394 4455
20398 4456
20402 4457
20406 4458
20410 4458
20414 4459
20418 4460
20422 4461
20426 4462
20430 4463
20434 4464
20438 4465
20442 4465
20446 4466
20450 4467
20454 4468
20458 4469
20462 4470
20466 4471
20470 4472
20474 4472
20478 4473
20482 4474
20486 4475
20490 4476
20494 4477
20498 4478
20502 4479
20506 4479
20510 4480
20514 4481
20518 4482
20522 4483
20526 4484
20530 4485
20534 4485
20538 4486
20542 4487
20546 4488
20550 4489
20554 4490
20558 4491
20562 4492
20566 4493
20570 4493
20574 4494
20578 4495
20582 4496
20586 4497
20590 4498
20594 4499
20598 4499
20602 4500
20606 4501
20610 4502
20614 4503
20618 4504
20622 4505
20626 4505
20630 4506
20634 4507
20638 4508
20642 4509
20646 4510
20650 4511
20654 4511
20658 4512
20662 4513
20666 4514
20670 4515
20674 4516
20678 4517
20682 4517
20686 4518
20690 4519
20694 4520
20698 4521
20702 4522
20706 4523
20710 4523
20714 4524
20718 4525
20722 4526
20726 4527
20730 4528
20734 4529
20738 4529
20742 4530
20746 4531
20750 4532
20754 4533
20758 4534
20762 4535
20766 4535
20770 4536
20774 4537
20778 4538
20782 4539
20786 4540
20790 4541
20794 4541
20798 4542
20802 4543
20806 4544
20810 4545
20814 4546
20818 4547
20822 4547
20826 4548
20830 4549
20834 4550
20838 4551
20842 4552
20846 4553
20850 4553
20854 4554
20858 4555
20862 4556
20866 4557
20870 4558
20874 4559
20878 4560
20882 4561
20886 4561
20890 4562
20894 4563
20898 4564
20902 4565
20906 4566
20910 4567
20914 4567
20918 4568
20922 4569
20926 4570
20930 4571
20934 4572
20938 4573
20942 4573
20946 4574
20950 4575
20954 4576
20958 4577
20962 4578
20966 4579
20970 4579
20974 4581
20978 4581
20982 4582
20986 4583
20990 4584
20994 4585
20998 4586
21002 4587
21006 4587
21010 4588
21014 4589
21018 4590
21022 4591
21026 4592
21030 4593
21034 4594
21038 4595
21042 4595
21046 4596
21050 4597
21054 4598
21058 4599
21062 4600
21066 4601
21070 4601
21074 4602
21078 4603
21082 4604
21086 4605
21090 4606
21094 4607
21098 4608
21102 4609
21106 4609
21110 4610
21114 4611
21118 4612
21122 4613
21126 4614
21130 4615
21134 4615
21138 4616
21142 4617
21146 4618
21150 4619
21154 4620
21158 4621
21162 4622
21166 4623
21170 4623
21174 4624
21178 4625
21182 4626
21186 4627
21190 4628
21194 4629
21198 4629
21202 4630
21206 4631
21210 4632
21214 4633
21218 4634
21222 4635
21226 4636
21230 4637
21234 4637
21238 4638
21242 4639
21246 4640
21250 4641
21254 4642
21258 4643
21262 4644
21266 4645
21270 4645
21274 4646
21278 4647
21282 4648
21286 4649
21290 4650
21294 4651
21298 4651
21302 4652
21306 4653
21310 4654
21314 4655
21318 4656
21322 4657
21326 4658
21330 4659
21334 4659
21338 4660
21342 4661
21346 4662
21350 4663
21354 4664
21358 4665
21362 4666
21366 4667
21370 4667
21374 4668
21378 4669
21382 4670
21386 4671
21390 4672
21394 4673
21398 4673
21402 4674
21406 4675
21410 4676
21414 4677
21418 4678
21422 4679
21426 4680
21430 4681
21434 4681
21438 4682
21442 4683
21446 4684
21450 4685
21454 4686
21458 4687
21462 4688
21466 4689
21470 4689
21474 4690
21478 4691
21482 4692
21486 4693
21490 4694
21494 4695
21498 4695
21502 4696
21506 4697
21510 4698
21514 4699
21518 4700
21522 4701
21526 4702
21530 4703
21534 4703
21538 4704
21542 4705
21546 4706
21550 4707
21554 4708
21558 4709
21562 4710
21566 4711
21570 4711
21574 4712
21578 4713
21582 4714
21586 4715
21590 4716
21594 4717
21598 4718
21602 4719
21606 4719
21610 4720
21614 4721
21618 4722
21622 4723
21626 4724
21630 4725
21634 4726
21638 4727
21642 4727
21646 4728
21650 4729
21654 4730
21658 4731
21662 4732
21666 4733
21670 4734
21674 4735
21678 4735
21682 4736
21686 4737
21690 4738
21694 4739
21698 4740
21702 4741
21706 4742
21710 4743
21714 4743
21718 4744
21722 4745
21726 4746
21730 4747
21734 4748
21738 4749
21742 4750
21746 4751
21750 4751
21754 4752
21758 4753
21762 4754
21766 4755
21770 4756
21774 4757
21778 4758
21782 4759
21786 4759
21790 4760
21794 4761
21798 4762
21802 4763
21806 4764
21810 4765
21814 4766
21818 4767
21822 4767
21826 4768
21830 4769
21834 4770
21838 4771
21842 4772
21846 4773
21850 4774
21854 4775
21858 4775
21862 4776
21866 4777
21870 4778
21874 4779
21878 4780
21882 4781
21886 4782
21890 4783
21894 4783
21898 4784
21902 4785
21906 4786
21910 4787
21914 4788
21918 4789
21922 4789
21926 4790
21930 4791
21934 4792
21938 4793
21942 4794
21946 4795
21950 4796
21954 4797
21958 4797
21962 4798
21966 4799
21970 4800
21974 4801
21978 4802
21982 4803
21986 4804
21990 4805
21994 4805
21998 4806
22002 4807
22006 4808
22010 4809
22014 4810
22018 4811
22022 4812
22026 4813
22030 4813
22034 4814
22038 4815
22042 4816
22046 4817
22050 4818
22054 4819
22058 4819
22062 4820
22066 4821
22070 4822
22074 4823
22078 4824
22082 4825
22086 4826
22090 4827
22094 4827
22098 4828
22102 4829
22106 4830
22110 4831
22114 4832
22118 4833
22122 4833
22126 4834
22130 4835
22134 4836
22138 4837
22142 4838
22146 4839
22150 4839
22154 4840
22158 4841
22162 4842
22166 4843
22170 4844
22174 4845
22178 4845
22182 4846
22186 4847
22190 4848
22194 4849
22198 4850
22202 4851
22206 4852
22210 4853
22214 4853
22218 4854
22222 4855
22226 4856
22230 4857
22234 4858
22238 4859
22242 4859
22246 4860
22250 4861
22254 4862
22258 4863
22262 4863
22266 4864
22270 4865
22274 4866
22278 4867
22282 4868
22286 4869
22290 4869
22294 4870
22298 4871
22302 4872
22306 4873
22310 4874
22314 4875
22318 4876
22322 4876
22326 4877
22330 4878
22334 4879
22338 4880
22342 4881
22346 4881
22350 4882
22354 4883
22358 4884
22362 4885
22366 4886
22370 4887
22374 4887
22378 4888
22382 4889
22386 4890
22390 4891
22394 4892
22398 4893
22402 4893
22406 4894
22410 4895
22414 4896
22418 4897
22422 4898
22426 4899
22430 4900
22434 4901
22438 4901
22442 4902
22446 4903
22450 4904
22454 4905
22458 4906
22462 4907
22466 4907
22470 4908
22474 4909
22478 4910
22482 4911
22486 4912
22490 4913
22494 4913
22498 4914
22502 4915
22506 4916
22510 4917
22514 4918
22518 4919
22522 4919
22526 4920
22530 4921
22534 4922
22538 4923
22542 4924
22546 4925
22550 4926
22554 4927
22558 4927
22562 4928
22566 4929
22570 4930
22574 4931
22578 4932
22582 4933
22586 4933
22590 4934
22594 4935
22598 4936
22602 4937
22606 4938
22610 4939
22614 4940
22618 4941
22622 4941
22626 4942
22630 4943
22634 4944
22638 4945
22642 4946
22646 4947
22650 4947
22654 4948
22658 4949
22662 4950
22666 4951
22670 4952
22674 4953
22678 4954
22682 4955
22686 4955
22690 4956
22694 4957
22698 4958
22702 4959
22706 4960
22710 4961
22714 4961
22718 4962
22722 4963
22726 4964
22730 4965
22734 4966
22738 4967
22742 4968
22746 4968
22750 4969
22754 4970
22758 4971
22762 4972
22766 4973
22770 4974
22774 4975
22778 4975
22782 4976
22786 4977
22790 4978
22794 4979
22798 4980
22802 4981
22806 4981
22810 4982
22814 4983
22818 4984
22822 4985
22826 4986
22830 4987
22834 4988
22838 4989
22842 4989
22846 4990
22850 4991
22854 4992
22858 4993
22862 4994
22866 4995
22870 4996
22874 4996
22878 4997
22882 4998
22886 4999
22890 5000
22894 5001
22898 5002
22902 5003
22906 5003
22910 5004
22914 5005
22918 5006
22922 5007
22926 5008
22930 5009
22934 5009
22938 5010
22942 5011
22946 5012
22950 5013
22954 5014
22958 5015
22962 5016
22966 5017
22970 5017
22974 5018
22978 5019
22982 5020
22986 5021
22990 5022
22994 5023
22998 5023
23002 5024
23006 5025
23010 5026
23014 5027
23018 5028
23022 5029
23026 5030
23030 5031
23034 5031
23038 5032
23042 5033
23046 5034
23050 5035
23054 5036
23058 5037
23062 5038
23066 5039
23070 5039
23074 5040
23078 5041
23082 5042
23086 5043
23090 5044
23094 5045
23098 5046
23102 5047
23106 5047
23110 5048
23114 5049
23118 5050
23122 5051
23126 5052
23130 5053
23134 5054
23138 5055
23142 5055
23146 5056
23150 5057
23154 5058
23158 5059
23162 5060
23166 5061
23170 5062
23174 5063
23178 5063
23182 5064
23186 5065
23190 5066
23194 5067
23198 5068
23202 5069
23206 5070
23210 5071
23214 5071
23218 5072
23222 5073
23226 5074
23230 5075
23234 5076
23238 5077
23242 5078
23246 5079
23250 5079
23254 5080
23258 5081
23262 5082
23266 5083
23270 5084
23274 5085
23278 5086
23282 5087
23286 5087
23290 5088
23294 5089
23298 5090
23302 5091
23306 5092
23310 5093
23314 5094
23318 5095
23322 5096
23326 5096
23330 5097
23334 5098
23338 5099
23342 5100
23346 5101
23350 5102
23354 5103
23358 5103
23362 5104
23366 5105
23370 5106
23374 5107
23378 5108
23382 5109
23386 5110
23390 5111
23394 5111
23398 5112
23402 5113
23406 5114
23410 5115
23414 5116
23418 5117
23422 5118
23426 5119
23430 5119
23434 5120
23438 5121
23442 5122
23446 5123
23450 5124
23454 5125
23458 5126
23462 5127
23466 5127
23470 5128
23474 5129
23478 5130
23482 5131
23486 5132
23490 5133
23494 5134
23498 5135
23502 5135
23506 5136
23510 5137
23514 5138
23518 5139
23522 5140
23526 5141
23530 5141
23534 5142
23538 5143
23542 5144
23546 5145
23550 5146
23554 5147
23558 5148
23562 5149
23566 5149
23570 5150
23574 5151
23578 5152
23582 5153
23586 5154
23590 5155
23594 5155
23598 5156
23602 5157
23606 5158
23610 5159
23614 5160
23618 5161
23622 5162
23626 5163
23630 5163
23634 5164
23638 5165
23642 5166
23646 5167
23650 5168
23654 5169
23658 5170
23662 5171
23666 5171
23670 5172
23674 5173
23678 5174
23682 5175
23686 5176
23690 5177
23694 5177
23698 5178
23702 5179
23706 5180
23710 5181
23714 5182
23718 5183
23722 5184
23726 5185
23730 5185
23734 5186
23738 5187
23742 5188
23746 5189
23750 5190
23754 5191
23758 5192
23762 5192
23766 5193
23770 5194
23774 5195
23778 5196
23782 5197
23786 5198
23790 5199
23794 5199
23798 5200
23802 5201
23806 5202
23810 5203
23814 5204
23818 5205
23822 5205
23826 5206
23830 5207
23834 5208
23838 5209
23842 5210
23846 5211
23850 5212
23854 5213
23858 5213
23862 5214
23866 5215
23870 5216
23874 5217
23878 5218
23882 5219
23886 5219
23890 5220
23894 5221
23898 5222
23902 5223
23906 5224
23910 5225
23914 5225
23918 5226
23922 5227
23926 5228
23930 5229
23934 5230
23938 5231
23942 5231
23946 5232
23950 5233
23954 5234
23958 5235
23962 5236
23966 5237
23970 5237
23974 5238
23978 5239
23982 5240
23986 5241
23990 5242
23994 5243
23998 5243
24002 5244
24006 5245
24010 5246
24014 5247
24018 5247
24022 5248
24026 5249
24030 5250
24034 5251
24038 5252
24042 5253
24046 5253
24050 5254
24054 5255
24058 5256
24062 5257
24066 5258
24070 5259
24074 5260
24078 5261
24082 5261
24086 5262
24090 5263
24094 5264
24098 5265
24102 5266
24106 5267
24110 5267
24114 5268
24118 5269
24122 5270
24126 5271
24130 5272
24134 5273
24138 5273
24142 5274
24146 5275
24150 5276
24154 5277
24158 5278
24162 5279
24166 5279
24170 5280
24174 5281
24178 5282
24182 5283
24186 5284
24190 5285
24194 5285
24198 5286
24202 5287
24206 5288
24210 5289
24214 5290
24218 5291
24222 5291
24226 5292
24230 5293
24234 5294
24238 5295
24242 5296
24246 5297
24250 5298
24254 5298
24258 5299
24262 5300
24266 5301
24270 5302
24274 5303
24278 5304
24282 5305
24286 5306
24290 5306
24294 5307
24298 5308
24302 5309
24306 5310
24310 5311
24314 5312
24318 5313
24322 5313
24326 5314
24330 5315
24334 5316
24338 5317
24342 5318
24346 5319
24350 5320
24354 5321
24358 5321
24362 5322
24366 5323
24370 5324
24374 5325
24378 5326
24382 5327
24386 5327
24390 5328
24394 5329
24398 5330
24402 5331
24406 5332
24410 5333
24414 5334
24418 5335
24422 5335
24426 5336
24430 5337
24434 5338
24438 5339
24442 5340
24446 5341
24450 5341
24454 5342
24458 5343
24462 5344
24466 5345
24470 5346
24474 5347
24478 5348
24482 5349
24486 5349
24490 5350
24494 5351
24498 5352
24502 5353
24506 5354
24510 5355
24514 5356
24518 5357
24522 5357
24526 5358
24530 5359
24534 5360
24538 5361
24542 5362
24546 5363
24550 5363
24554 5364
24558 5365
24562 5366
24566 5367
24570 5368
24574 5369
24578 5370
24582 5371
24586 5371
24590 5372
24594 5373
24598 5374
24602 5375
24606 5376
24610 5377
24614 5377
24618 5378
24622 5379
24626 5380
24630 5381
24634 5382
24638 5383
24642 5384
24646 5385
24650 5385
24654 5386
24658 5387
24662 5388
24666 5389
24670 5390
24674 5391
24678 5391
24682 5392
24686 5393
24690 5394
24694 5395
24698 5396
24702 5397
24706 5398
24710 5399
24714 5399
24718 5400
24722 5401
24726 5402
24730 5403
24734 5404
24738 5405
24742 5406
24746 5407
24750 5407
24754 5408
24758 5409
24762 5410
24766 5411
24770 5412
24774 5413
24778 5413
24782 5414
24786 5415
24790 5416
24794 5417
24798 5418
24802 5419
24806 5420
24810 5421
24814 5421
24818 5422
24822 5423
24826 5424
24830 5425
24834 5426
24838 5427
24842 5428
24846 5429
24850 5429
24854 5430
24858 5431
24862 5432
24866 5433
24870 5434
24874 5435
24878 5436
24882 5437
24886 5437
24890 5438
24894 5439
24898 5440
24902 5441
24906 5442
24910 5443
24914 5444
24918 5445
24922 5445
24926 5446
24930 5447
24934 5448
24938 5449
24942 5450
24946 5451
24950 5452
24954 5453
24958 5453
24962 5454
24966 5455
24970 5456
24974 5457
24978 5458
24982 5459
24986 5460
24990 5461
24994 5461
24998 5462
25002 5463
25006 5464
25010 5465
25014 5466
25018 5467
25022 5468
25026 5469
25030 5469
25034 5470
25038 5471
25042 5472
25046 5473
25050 5474
25054 5475
25058 5476
25062 5477
25066 5477
25070 5478
25074 5479
25078 5480
25082 5481
25086 5482
25090 5483
25094 5484
25098 5485
25102 5485
25106 5486
25110 5487
25114 5488
25118 5489
25122 5490
25126 5491
25130 5492
25134 5493
25138 5493
25142 5494
25146 5495
25150 5496
25154 5497
25158 5498
25162 5499
25166 5500
25170 5501
25174 5501
25178 5502
25182 5503
25186 5504
25190 5505
25194 5506
25198 5507
25202 5508
25206 5508
25210 5509
25214 5510
25218 5511
25222 5512
25226 5513
25230 5514
25234 5515
25238 5515
25242 5516
25246 5517
25250 5518
25254 5519
25258 5520
25262 5521
25266 5522
25270 5523
25274 5523
25278 5524
25282 5525
25286 5526
25290 5527
25294 5528
25298 5529
25302 5530
25306 5531
25310 5531
25314 5532
25318 5533
25322 5534
25326 5535
25330 5536
25334 5537
25338 5537
25342 5538
25346 5539
25350 5540
25354 5541
25358 5542
25362 5543
25366 5544
25370 5545
25374 5545
25378 5546
25382 5547
25386 5548
25390 5549
25394 5550
25398 5551
25402 5551
25406 5552
25410 5553
25414 5554
25418 5555
25422 5556
25426 5557
25430 5557
25434 5558
25438 5559
25442 5560
25446 5561
25450 5562
25454 5563
25458 5563
25462 5564
25466 5565
25470 5566
25474 5567
25478 5568
25482 5569
25486 5569
25490 5570
25494 5571
25498 5572
25502 5573
25506 5574
25510 5575
25514 5576
25518 5576
25522 5577
25526 5578
25530 5579
25534 5580
25538 5581
25542 5582
25546 5582
25550 5583
25554 5584
25558 5585
25562 5586
25566 5587
25570 5588
25574 5588
25578 5589
25582 5590
25586 5591
25590 5592
25594 5593
25598 5594
25602 5595
25606 5595
25610 5596
25614 5597
25618 5598
25622 5599
25626 5599
25630 5600
25634 5601
25638 5602
25642 5603
25646 5604
25650 5605
25654 5605
25658 5606
25662 5607
25666 5608
25670 5609
25674 5610
25678 5611
25682 5612
25686 5612
25690 5613
25694 5614
25698 5615
25702 5616
25706 5617
25710 5618
25714 5619
25718 5619
25722 5620
25726 5621
25730 5622
25734 5623
25738 5624
25742 5625
25746 5625
25750 5626
25754 5627
25758 5628
25762 5629
25766 5630
25770 5631
25774 5631
25778 5632
25782 5633
25786 5634
25790 5635
25794 5636
25798 5637
25802 5637
25806 5638
25810 5639
25814 5640
25818 5641
25822 5642
25826 5643
25830 5644
25834 5645
25838 5645
25842 5646
25846 5647
25850 5648
25854 5649
25858 5650
25862 5651
25866 5651
25870 5652
25874 5653
25878 5654
25882 5655
25886 5656
25890 5657
25894 5657
25898 5658
25902 5659
25906 5660
25910 5661
25914 5662
25918 5663
25922 5664
25926 5665
25930 5665
25934 5666
25938 5667
25942 5668
25946 5669
25950 5670
25954 5671
25958 5672
25962 5673
25966 5673
25970 5674
25974 5675
25978 5676
25982 5677
25986 5678
25990 5679
25994 5679
25998 5680
26002 5681
26006 5682
26010 5683
26014 5684
26018 5685
26022 5685
26026 5686
26030 5687
26034 5688
26038 5689
26042 5690
26046 5691
26050 5692
26054 5693
26058 5693
26062 5694
26066 5695
26070 5696
26074 5697
26078 5698
26082 5699
26086 5699
26090 5700
26094 5701
26098 5702
26102 5703
26106 5704
26110 5705
26114 5705
26118 5706
26122 5707
26126 5708
26130 5709
26134 5710
26138 5711
26142 5712
26146 5713
26150 5713
26154 5714
26158 5715
26162 5716
26166 5717
26170 5718
26174 5719
26178 5719
26182 5720
26186 5721
26190 5722
26194 5723
26198 5724
26202 5725
26206 5726
26210 5726
26214 5727
26218 5728
26222 5729
26226 5730
26230 5731
26234 5732
26238 5733
26242 5733
26246 5734
26250 5735
26254 5736
26258 5737
26262 5738
26266 5739
26270 5740
26274 5741
26278 5741
26282 5742
26286 5743
26290 5744
26294 5745
26298 5746
26302 5747
26306 5748
26310 5748
26314 5749
26318 5750
26322 5751
26326 5752
26330 5753
26334 5754
26338 5755
26342 5755
26346 5756
26350 5757
26354 5758
26358 5759
26362 5760
26366 5761
26370 5762
26374 5763
26378 5763
26382 5764
26386 5765
26390 5766
26394 5767
26398 5768
26402 5769
26406 5770
26410 5771
26414 5771
26418 5772
26422 5773
26426 5774
26430 5775
26434 5776
26438 5777
26442 5778
26446 5779
26450 5779
26454 5780
26458 5781
26462 5782
26466 5783
26470 5784
26474 5785
26478 5786
26482 5787
26486 5787
26490 5789
26494 5789
26498 5790
26502 5791
26506 5792
26510 5793
26514 5794
26518 5795
26522 5795
26526 5796
26530 5797
26534 5798
26538 5799
26542 5800
26546 5801
26550 5802
26554 5803
26558 5803
26562 5804
26566 5805
26570 5806
26574 5807
26578 5808
26582 5809
26586 5810
26590 5811
26594 5812
26598 5813
26602 5813
26606 5814
26610 5815
26614 5816
26618 5817
26622 5818
26626 5819
26630 5819
26634 5820
26638 5821
26642 5822
26646 5823
26650 5824
26654 5825
26658 5826
26662 5827
26666 5827
26670 5828
26674 5829
26678 5830
26682 5831
26686 5832
26690 5833
26694 5834
26698 5835
26702 5835
26706 5836
26710 5837
26714 5838
26718 5839
26722 5840
26726 5841
26730 5842
26734 5843
26738 5843
26742 5844
26746 5845
26750 5846
26754 5847
26758 5848
26762 5849
26766 5849
26770 5850
26774 5851
26778 5852
26782 5853
26786 5854
26790 5855
26794 5856
26798 5857
26802 5857
26806 5858
26810 5859
26814 5860
26818 5861
26822 5862
26826 5863
26830 5864
26834 5865
26838 5865
26842 5866
26846 5867
26850 5868
26854 5869
26858 5870
26862 5871
26866 5872
26870 5872
26874 5873
26878 5874
26882 5875
26886 5876
26890 5877
26894 5878
26898 5879
26902 5879
26906 5880
26910 5881
26914 5882
26918 5883
26922 5884
26926 5885
26930 5886
26934 5887
26938 5887
26942 5888
26946 5889
26950 5890
26954 5891
26958 5892
26962 5893
26966 5894
26970 5895
26974 5895
26978 5896
26982 5897
26986 5898
26990 5899
26994 5900
26998 5901
27002 5902
27006 5903
27010 5903
27014 5904
27018 5905
27022 5906
27026 5907
27030 5908
27034 5909
27038 5909
27042 5910
27046 5911
27050 5912
27054 5913
27058 5914
27062 5915
27066 5915
27070 5916
27074 5917
27078 5918
27082 5919
27086 5920
27090 5921
27094 5922
27098 5922
27102 5923
27106 5924
27110 5925
27114 5926
27118 5927
27122 5928
27126 5929
27130 5929
27134 5930
27138 5931
27142 5932
27146 5933
27150 5934
27154 5935
27158 5935
27162 5936
27166 5937
27170 5938
27174 5939
27178 5940
27182 5941
27186 5941
27190 5942
27194 5943
27198 5944
27202 5945
27206 5946
27210 5947
27214 5947
27218 5948
27222 5949
27226 5950
27230 5951
27234 5952
27238 5953
27242 5953
27246 5954
27250 5955
27254 5956
27258 5957
27262 5958
27266 5959
27270 5959
27274 5960
27278 5961
27282 5962
27286 5963
27290 5964
27294 5964
27298 5965
27302 5966
27306 5967
27310 5968
27314 5969
27318 5969
27322 5970
27326 5971
27330 5972
27334 5973
27338 5974
27342 5975
27346 5975
27350 5976
27354 5977
27358 5978
27362 5979
27366 5980
27370 5981
27374 5981
27378 5982
27382 5983
27386 5984
27390 5985
27394 5986
27398 5987
27402 5988
27406 5988
27410 5989
27414 5990
27418 5991
27422 5992
27426 5993
27430 5994
27434 5995
27438 5995
27442 5996
27446 5997
27450 5998
27454 5999
27458 6000
27462 6001
27466 6001
27470 6002
27474 6003
27478 6004
27482 6005
27486 6006
27490 6007
27494 6007
27498 6008
27502 6009
27506 6010
27510 6011
27514 6012
27518 6013
27522 6014
27526 6015
27530 6015
27534 6016
27538 6017
27542 6018
27546 6019
27550 6020
27554 6021
27558 6021
27562 6022
27566 6023
27570 6024
27574 6025
27578 6026
27582 6027
27586 6028
27590 6029
27594 6029
27598 6030
27602 6031
27606 6032
27610 6033
27614 6034
27618 6035
27622 6036
27626 6037
27630 6037
27634 6038
27638 6039
27642 6040
27646 6041
27650 6042
27654 6043
27658 6043
27662 6044
27666 6045
27670 6046
27674 6047
27678 6048
27682 6049
27686 6050
27690 6051
27694 6051
27698 6052
27702 6053
27706 6054
27710 6055
27714 6056
27718 6057
27722 6057
27726 6058
27730 6059
27734 6060
27738 6061
27742 6062
27746 6063
27750 6064
27754 6065
27758 6065
27762 6066
27766 6067
27770 6068
27774 6069
27778 6070
27782 6071
27786 6071
27790 6072
27794 6073
27798 6074
27802 6075
27806 6076
27810 6077
27814 6078
27818 6079
27822 6079
27826 6080
27830 6081
27834 6082
27838 6083
27842 6084
27846 6085
27850 6085
27854 6086
27858 6087
27862 6088
27866 6089
27870 6090
27874 6091
27878 6092
27882 6093
27886 6093
27890 6094
27894 6095
27898 6096
27902 6097
27906 6098
27910 6099
27914 6099
27918 6100
27922 6101
27926 6102
27930 6103
27934 6104
27938 6105
27942 6106
27946 6107
27950 6107
27954 6108
27958 6109
27962 6110
27966 6111
27970 6112
27974 6113
27978 6113
27982 6114
27986 6115
27990 6116
27994 6117
27998 6118
28002 6119
28006 6120
28010 6121
28014 6121
28018 6122
28022 6123
28026 6124
28030 6125
28034 6126
28038 6127
28042 6128
28046 6129
28050 6129
28054 6130
28058 6131
28062 6132
28066 6133
28070 6134
28074 6135
28078 6136
28082 6137
28086 6137
28090 6138
28094 6139
28098 6140
28102 6141
28106 6142
28110 6143
28114 6144
28118 6145
28122 6145
28126 6146
28130 6147
28134 6148
28138 6149
28142 6150
28146 6151
28150 6152
28154 6153
28158 6153
28162 6154
28166 6155
28170 6156
28174 6157
28178 6158
28182 6159
28186 6160
28190 6161
28194 6161
28198 6162
28202 6163
28206 6164
28210 6165
28214 6166
28218 6167
28222 6168
28226 6169
28230 6169
28234 6170
28238 6171
28242 6172
28246 6173
28250 6174
28254 6175
28258 6176
28262 6177
28266 6177
28270 6178
28274 6179
28278 6180
28282 6181
28286 6182
28290 6183
28294 6184
28298 6185
28302 6185
28306 6186
28310 6187
28314 6188
28318 6189
28322 6190
28326 6191
28330 6192
28334 6193
28338 6193
28342 6194
28346 6195
28350 6196
28354 6197
28358 6198
28362 6199
28366 6200
28370 6201
28374 6201
28378 6202
28382 6203
28386 6204
28390 6205
28394 6206
28398 6207
28402 6208
28406 6209
28410 6209
28414 6210
28418 6211
28422 6212
28426 6213
28430 6214
28434 6215
28438 6216
28442 6217
28446 6217
28450 6218
28454 6219
28458 6220
28462 6221
28466 6222
28470 6223
28474 6224
28478 6225
28482 6225
28486 6226
28490 6227
28494 6228
28498 6229
28502 6230
28506 6231
28510 6231
28514 6232
28518 6233
28522 6234
28526 6235
28530 6236
28534 6237
28538 6238
28542 6239
28546 6239
28550 6240
28554 6241
28558 6242
28562 6243
28566 6244
28570 6245
28574 6245
28578 6246
28582 6247
28586 6248
28590 6249
28594 6250
28598 6251
28602 6252
28606 6253
28610 6253
28614 6254
28618 6255
28622 6256
28626 6257
28630 6258
28634 6259
28638 6259
28642 6260
28646 6261
28650 6262
28654 6263
28658 6264
28662 6265
28666 6266
28670 6267
28674 6267
28678 6268
28682 6269
28686 6270
28690 6271
28694 6272
28698 6273
28702 6273
28706 6274
28710 6275
28714 6276
28718 6277
28722 6278
28726 6279
28730 6279
28734 6280
28738 6281
28742 6282
28746 6283
28750 6284
28754 6285
28758 6285
28762 6286
28766 6287
28770 6288
28774 6289
28778 6290
28782 6291
28786 6292
28790 6293
28794 6293
28798 6294
28802 6295
28806 6296
28810 6297
28814 6298
28818 6299
28822 6299
28826 6300
28830 6301
28834 6302
28838 6303
28842 6304
28846 6305
28850 6305
28854 6306
28858 6307
28862 6308
28866 6309
28870 6310
28874 6311
28878 6311
28882 6312
28886 6313
28890 6314
28894 6315
28898 6316
28902 6317
28906 6317
28910 6318
28914 6319
28918 6320
28922 6321
28926 6322
28930 6323
28934 6323
28938 6324
28942 6325
28946 6326
28950 6327
28954 6328
28958 6329
28962 6329
28966 6330
28970 6331
28974 6332
28978 6333
28982 6334
28986 6335
28990 6335
28994 6336
28998 6337
29002 6338
29006 6339
29010 6340
29014 6341
29018 6341
29022 6342
29026 6343
29030 6344
29034 6345
29038 6346
29042 6347
29046 6348
29050 6348
29054 6349
29058 6350
29062 6351
29066 6352
29070 6353
29074 6354
29078 6355
29082 6355
29086 6356
29090 6357
29094 6358
29098 6359
29102 6360
29106 6361
29110 6361
29114 6362
29118 6363
29122 6364
29126 6365
29130 6366
29134 6367
29138 6368
29142 6368
29146 6369
29150 6370
29154 6371
29158 6372
29162 6373
29166 6374
29170 6375
29174 6375
29178 6376
29182 6377
29186 6378
29190 6379
29194 6380
29198 6381
29202 6381
29206 6382
29210 6383
29214 6384
29218 6385
29222 6386
29226 6387
29230 6388
29234 6389
29238 6389
29242 6390
29246 6391
29250 6392
29254 6393
29258 6394
29262 6395
29266 6395
29270 6396
29274 6397
29278 6398
29282 6399
29286 6400
29290 6401
29294 6401
29298 6402
29302 6403
29306 6404
29310 6405
29314 6406
29318 6407
29322 6408
29326 6409
29330 6409
29334 6410
29338 6411
29342 6412
29346 6413
29350 6414
29354 6415
29358 6416
29362 6416
29366 6417
29370 6418
29374 6419
29378 6420
29382 6421
29386 6422
29390 6423
29394 6423
29398 6424
29402 6425
29406 6426
29410 6427
29414 6428
29418 6429
29422 6429
29426 6430
29430 6431
29434 6432
29438 6433
29442 6434
29446 6435
29450 6436
29454 6437
29458 6437
29462 6438
29466 6439
29470 6440
29474 6441
29478 6442
29482 6443
29486 6444
29490 6445
29494 6445
29498 6446
29502 6447
29506 6448
29510 6449
29514 6450
29518 6451
29522 6451
29526 6452
29530 6453
29534 6454
29538 6455
29542 6456
29546 6457
29550 6458
29554 6459
29558 6459
29562 6460
29566 6461
29570 6462
29574 6463
29578 6464
29582 6465
29586 6466
29590 6467
29594 6467
29598 6468
29602 6469
29606 6470
29610 6471
29614 6472
29618 6473
29622 6473
29626 6474
29630 6475
29634 6476
29638 6477
29642 6478
29646 6479
29650 6480
29654 6481
29658 6482
29662 6482
29666 6483
29670 6484
29674 6485
29678 6486
29682 6487
29686 6488
29690 6489
29694 6489
29698 6490
29702 6491
29706 6492
29710 6493
29714 6494
29718 6495
29722 6496
29726 6497
29730 6497
29734 6498
29738 6499
29742 6500
29746 6501
29750 6502
29754 6503
29758 6504
29762 6505
29766 6505
29770 6506
29774 6507
29778 6508
29782 6509
29786 6510
29790 6511
29794 6512
29798 6513
29802 6513
29806 6514
29810 6515
29814 6516
29818 6517
29822 6518
29826 6519
29830 6520
29834 6520
29838 6521
29842 6522
29846 6523
29850 6524
29854 6525
29858 6526
29862 6527
29866 6528
29870 6529
29874 6529
29878 6530
29882 6531
29886 6532
29890 6533
29894 6534
29898 6535
29902 6536
29906 6537
29910 6537
29914 6538
29918 6539
29922 6540
29926 6541
29930 6542
29934 6543
29938 6543
29942 6544
29946 6545
29950 6546
29954 6547
29958 6548
29962 6549
29966 6550
29970 6551
29974 6551
29978 6552
29982 6553
29986 6554
29990 6555
29994 6556
29998 6557
