10 0
14 0
18 1
22 1
26 1
30 2
34 2
38 3
42 4
46 4
50 5
54 6
58 7
62 8
66 9
70 10
74 11
78 13
82 14
86 15
90 16
94 18
98 19
102 21
106 22
110 24
114 25
118 27
122 28
126 30
130 32
134 33
138 34
142 36
146 38
150 40
154 41
158 43
162 44
166 46
170 48
174 50
178 51
182 53
186 55
190 56
194 58
198 60
202 62
206 63
210 65
214 67
218 69
222 70
226 72
230 74
234 76
238 77
242 79
246 81
250 83
254 84
258 86
262 88
266 90
270 91
274 93
278 95
282 97
286 98
290 100
294 102
298 104
302 106
306 107
310 109
314 111
318 112
322 114
326 116
330 118
334 120
338 122
342 123
346 125
350 127
354 128
358 130
362 132
366 134
370 136
374 137
378 139
382 141
386 143
390 144
394 146
398 148
402 150
406 151
410 153
414 155
418 157
422 158
426 160
430 162
434 164
438 166
442 167
446 169
450 171
454 173
458 174
462 176
466 178
470 180
474 182
478 183
482 185
486 187
490 189
494 190
498 192
502 194
506 196
510 198
514 199
518 201
522 203
526 205
530 206
534 208
538 210
542 212
546 214
550 216
554 217
558 219
562 221
566 223
570 224
574 226
578 228
582 230
586 232
590 233
594 235
598 237
602 239
606 241
610 242
614 244
618 246
622 248
626 250
630 251
634 253
638 255
642 257
646 258
650 260
654 262
658 264
662 266
666 267
670 269
674 271
678 273
682 274
686 276
690 278
694 280
698 282
702 284
706 286
710 287
714 289
718 291
722 293
726 294
730 296
734 298
738 300
742 302
746 304
750 305
754 307
758 309
762 311
766 313
770 314
774 316
778 318
782 320
786 322
790 324
794 325
798 327
802 329
806 331
810 333
814 334
818 336
822 338
826 340
830 342
834 344
838 345
842 347
846 349
850 351
854 353
858 354
862 356
866 358
870 360
874 362
878 364
882 365
886 367
890 369
894 371
898 373
902 374
906 376
910 378
914 380
918 382
922 384
926 385
930 387
934 389
938 391
942 393
946 394
950 396
954 398
958 400
962 402
966 404
970 405
974 407
978 409
982 411
986 413
990 414
994 416
998 418
1002 420
1006 422
1010 423
1014 425
1018 427
1022 429
1026 431
1030 432
1034 434
1038 436
1042 438
1046 440
1050 441
1054 443
1058 445
1062 447
1066 448
1070 450
1074 452
1078 454
1082 456
1086 457
1090 459
1094 461
1098 463
1102 464
1106 466
1110 468
1114 470
1118 472
1122 473
1126 475
1130 477
1134 479
1138 480
1142 482
1146 484
1150 486
1154 487
1158 489
1162 491
1166 493
1170 494
1174 496
1178 498
1182 500
1186 502
1190 503
1194 505
1198 507
1202 508
1206 510
1210 512
1214 514
1218 516
1222 517
1226 519
1230 521
1234 522
1238 524
1242 526
1246 528
1250 530
1254 532
1258 533
1262 535
1266 537
1270 538
1274 540
1278 542
1282 544
1286 546
1290 547
1294 549
1298 551
1302 553
1306 555
1310 556
1314 558
1318 560
1322 562
1326 564
1330 565
1334 567
1338 569
1342 571
1346 572
1350 574
1354 576
1358 578
1362 580
1366 582
1370 583
1374 585
1378 587
1382 589
1386 590
1390 592
1394 594
1398 596
1402 598
1406 600
1410 601
1414 603
1418 605
1422 607
1426 608
1430 610
1434 612
1438 614
1442 616
1446 618
1450 619
1454 621
1458 623
1462 625
1466 626
1470 628
1474 630
1478 632
1482 634
1486 636
1490 637
1494 639
1498 641
1502 643
1506 645
1510 646
1514 648
1518 650
1522 652
1526 654
1530 656
1534 657
1538 659
1542 661
1546 663
1550 664
1554 666
1558 668
1562 670
1566 672
1570 674
1574 676
1578 677
1582 679
1586 681
1590 683
1594 685
1598 686
1602 688
1606 690
1610 692
1614 694
1618 696
1622 697
1626 699
1630 701
1634 703
1638 705
1642 706
1646 708
1650 710
1654 712
1658 714
1662 716
1666 717
1670 719
1674 721
1678 723
1682 725
1686 726
1690 728
1694 730
1698 732
1702 734
1706 736
1710 737
1714 739
1718 741
1722 743
1726 745
1730 746
1734 748
1738 750
1742 752
1746 754
1750 755
1754 757
1758 759
1762 761
1766 763
1770 764
1774 766
1778 768
1782 770
1786 772
1790 774
1794 775
1798 777
1802 779
1806 781
1810 782
1814 784
1818 786
1822 788
1826 790
1830 792
1834 793
1838 795
1842 797
1846 799
1850 800
1854 802
1858 804
1862 806
1866 807
1870 809
1874 811
1878 813
1882 815
1886 816
1890 818
1894 820
1898 822
1902 823
1906 825
1910 827
1914 829
1918 830
1922 832
1926 834
1930 836
1934 838
1938 839
1942 841
1946 843
1950 845
1954 846
1958 848
1962 850
1966 852
1970 853
1974 855
1978 857
1982 859
1986 860
1990 862
1994 864
1998 866
2002 868
2006 869
2010 871
2014 873
2018 875
2022 876
2026 878
2030 880
2034 882
2038 884
2042 885
2046 887
2050 889
2054 891
2058 892
2062 894
2066 896
2070 898
2074 900
2078 902
2082 903
2086 905
2090 907
2094 909
2098 910
2102 912
2106 914
2110 916
2114 918
2118 920
2122 921
2126 923
2130 925
2134 927
2138 928
2142 930
2146 932
2150 934
2154 936
2158 938
2162 939
2166 941
2170 943
2174 945
2178 946
2182 948
2186 950
2190 952
2194 954
2198 956
2202 957
2206 959
2210 961
2214 963
2218 964
2222 966
2226 968
2230 970
2234 972
2238 974
2242 975
2246 977
2250 979
2254 981
2258 983
2262 984
2266 986
2270 988
2274 990
2278 992
2282 993
2286 995
2290 997
2294 999
2298 1001
2302 1002
2306 1004
2310 1006
2314 1008
2318 1010
2322 1012
2326 1013
2330 1015
2334 1017
2338 1019
2342 1020
2346 1022
2350 1024
2354 1026
2358 1028
2362 1030
2366 1031
2370 1033
2374 1035
2378 1037
2382 1039
2386 1040
2390 1042
2394 1044
2398 1046
2402 1048
2406 1050
2410 1052
2414 1053
2418 1055
2422 1057
2426 1059
2430 1060
2434 1062
2438 1064
2442 1066
2446 1068
2450 1070
2454 1071
2458 1073
2462 1075
2466 1077
2470 1079
2474 1080
2478 1082
2482 1084
2486 1086
2490 1088
2494 1090
2498 1091
2502 1093
2506 1095
2510 1097
2514 1098
2518 1100
2522 1102
2526 1104
2530 1106
2534 1108
2538 1109
2542 1111
2546 1113
2550 1115
2554 1116
2558 1118
2562 1120
2566 1122
2570 1124
2574 1126
2578 1127
2582 1129
2586 1131
2590 1133
2594 1135
2598 1136
2602 1138
2606 1140
2610 1142
2614 1144
2618 1145
2622 1147
2626 1149
2630 1151
2634 1153
2638 1154
2642 1156
2646 1158
2650 1160
2654 1162
2658 1163
2662 1165
2666 1167
2670 1169
2674 1170
2678 1172
2682 1174
2686 1176
2690 1178
2694 1180
2698 1181
2702 1183
2706 1185
2710 1186
2714 1188
2718 1190
2722 1192
2726 1194
2730 1195
2734 1197
2738 1199
2742 1201
2746 1202
2750 1204
2754 1206
2758 1208
2762 1209
2766 1211
2770 1213
2774 1215
2778 1216
2782 1218
2786 1220
2790 1222
2794 1224
2798 1225
2802 1227
2806 1229
2810 1231
2814 1232
2818 1234
2822 1236
2826 1238
2830 1240
2834 1241
2838 1243
2842 1245
2846 1247
2850 1248
2854 1250
2858 1252
2862 1254
2866 1256
2870 1257
2874 1259
2878 1261
2882 1263
2886 1264
2890 1266
2894 1268
2898 1270
2902 1272
2906 1274
2910 1275
2914 1277
2918 1279
2922 1281
2926 1282
2930 1284
2934 1286
2938 1288
2942 1290
2946 1292
2950 1293
2954 1295
2958 1297
2962 1299
2966 1300
2970 1302
2974 1304
2978 1306
2982 1308
2986 1309
2990 1311
2994 1313
2998 1315
3002 1317
3006 1318
3010 1320
3014 1322
3018 1324
3022 1326
3026 1327
3030 1329
3034 1331
3038 1333
3042 1334
3046 1336
3050 1338
3054 1340
3058 1342
3062 1344
3066 1345
3070 1347
3074 1349
3078 1351
3082 1352
3086 1354
3090 1356
3094 1358
3098 1360
3102 1362
3106 1363
3110 1365
3114 1367
3118 1369
3122 1371
3126 1372
3130 1374
3134 1376
3138 1378
3142 1380
3146 1381
3150 1383
3154 1385
3158 1387
3162 1389
3166 1390
3170 1392
3174 1394
3178 1396
3182 1398
3186 1400
3190 1401
3194 1403
3198 1405
3202 1407
3206 1408
3210 1410
3214 1412
3218 1414
3222 1416
3226 1418
3230 1420
3234 1421
3238 1423
3242 1425
3246 1427
3250 1428
3254 1430
3258 1432
3262 1434
3266 1436
3270 1438
3274 1439
3278 1441
3282 1443
3286 1445
3290 1447
3294 1448
3298 1450
3302 1452
3306 1454
3310 1456
3314 1458
3318 1459
3322 1461
3326 1463
3330 1465
3334 1467
3338 1468
3342 1470
3346 1472
3350 1474
3354 1476
3358 1478
3362 1479
3366 1481
3370 1483
3374 1485
3378 1487
3382 1488
3386 1490
3390 1492
3394 1494
3398 1496
3402 1498
3406 1499
3410 1501
3414 1503
3418 1505
3422 1506
3426 1508
3430 1510
3434 1512
3438 1514
3442 1516
3446 1517
3450 1519
3454 1521
3458 1523
3462 1524
3466 1526
3470 1528
3474 1530
3478 1532
3482 1534
3486 1535
3490 1537
3494 1539
3498 1541
3502 1542
3506 1544
3510 1546
3514 1548
3518 1550
3522 1551
3526 1553
3530 1555
3534 1557
3538 1558
3542 1560
3546 1562
3550 1564
3554 1566
3558 1567
3562 1569
3566 1571
3570 1572
3574 1574
3578 1576
3582 1578
3586 1580
3590 1582
3594 1583
3598 1585
3602 1587
3606 1588
3610 1590
3614 1592
3618 1594
3622 1596
3626 1597
3630 1599
3634 1601
3638 1603
3642 1604
3646 1606
3650 1608
3654 1610
3658 1612
3662 1613
3666 1615
3670 1617
3674 1619
3678 1620
3682 1622
3686 1624
3690 1626
3694 1628
3698 1630
3702 1631
3706 1633
3710 1635
3714 1637
3718 1638
3722 1640
3726 1642
3730 1644
3734 1646
3738 1647
3742 1649
3746 1651
3750 1653
3754 1654
3758 1656
3762 1658
3766 1660
3770 1662
3774 1664
3778 1665
3782 1667
3786 1669
3790 1671
3794 1672
3798 1674
3802 1676
3806 1678
3810 1680
3814 1681
3818 1683
3822 1685
3826 1687
3830 1689
3834 1690
3838 1692
3842 1694
3846 1696
3850 1698
3854 1699
3858 1701
3862 1703
3866 1705
3870 1706
3874 1708
3878 1710
3882 1712
3886 1714
3890 1716
3894 1717
3898 1719
3902 1721
3906 1723
3910 1725
3914 1726
3918 1728
3922 1730
3926 1732
3930 1734
3934 1736
3938 1737
3942 1739
3946 1741
3950 1743
3954 1744
3958 1746
3962 1748
3966 1750
3970 1752
3974 1754
3978 1756
3982 1757
3986 1759
3990 1761
3994 1763
3998 1765
4002 1766
4006 1768
4010 1770
4014 1772
4018 1774
4022 1776
4026 1777
4030 1779
4034 1781
4038 1783
4042 1785
4046 1786
4050 1788
4054 1790
4058 1792
4062 1794
4066 1796
4070 1797
4074 1799
4078 1801
4082 1803
4086 1805
4090 1807
4094 1808
4098 1810
4102 1812
4106 1814
4110 1816
4114 1818
4118 1819
4122 1821
4126 1823
4130 1825
4134 1826
4138 1828
4142 1830
4146 1832
4150 1834
4154 1836
4158 1838
4162 1839
4166 1841
4170 1843
4174 1845
4178 1847
4182 1848
4186 1850
4190 1852
4194 1854
4198 1856
4202 1857
4206 1859
4210 1861
4214 1863
4218 1865
4222 1866
4226 1868
4230 1870
4234 1872
4238 1874
4242 1876
4246 1877
4250 1879
4254 1881
4258 1883
4262 1884
4266 1886
4270 1888
4274 1890
4278 1892
4282 1893
4286 1895
4290 1897
4294 1899
4298 1900
4302 1902
4306 1904
4310 1906
4314 1907
4318 1909
4322 1911
4326 1913
4330 1914
4334 1916
4338 1918
4342 1920
4346 1922
4350 1923
4354 1925
4358 1927
4362 1928
4366 1930
4370 1932
4374 1934
4378 1936
4382 1937
4386 1939
4390 1941
4394 1943
4398 1944
4402 1946
4406 1948
4410 1950
4414 1951
4418 1953
4422 1955
4426 1957
4430 1958
4434 1960
4438 1962
4442 1964
4446 1966
4450 1967
4454 1969
4458 1971
4462 1973
4466 1974
4470 1976
4474 1978
4478 1980
4482 1982
4486 1983
4490 1985
4494 1987
4498 1989
4502 1990
4506 1992
4510 1994
4514 1996
4518 1998
4522 1999
4526 2001
4530 2003
4534 2005
4538 2006
4542 2008
4546 2010
4550 2012
4554 2014
4558 2016
4562 2017
4566 2019
4570 2021
4574 2023
4578 2024
4582 2026
4586 2028
4590 2030
4594 2032
4598 2034
4602 2035
4606 2037
4610 2039
4614 2041
4618 2042
4622 2044
4626 2046
4630 2048
4634 2050
4638 2051
4642 2053
4646 2055
4650 2057
4654 2059
4658 2060
4662 2062
4666 2064
4670 2066
4674 2068
4678 2070
4682 2071
4686 2073
4690 2075
4694 2077
4698 2079
4702 2080
4706 2082
4710 2084
4714 2086
4718 2088
4722 2090
4726 2091
4730 2093
4734 2095
4738 2097
4742 2099
4746 2100
4750 2102
4754 2104
4758 2106
4762 2108
4766 2110
4770 2111
4774 2113
4778 2115
4782 2117
4786 2119
4790 2120
4794 2122
4798 2124
4802 2126
4806 2128
4810 2130
4814 2132
4818 2133
4822 2135
4826 2137
4830 2139
4834 2140
4838 2142
4842 2144
4846 2146
4850 2148
4854 2150
4858 2151
4862 2153
4866 2155
4870 2157
4874 2159
4878 2161
4882 2162
4886 2164
4890 2166
4894 2168
4898 2170
4902 2172
4906 2173
4910 2175
4914 2177
4918 2179
4922 2181
4926 2182
4930 2184
4934 2186
4938 2188
4942 2190
4946 2192
4950 2193
4954 2195
4958 2197
4962 2199
4966 2200
4970 2202
4974 2204
4978 2206
4982 2208
4986 2210
4990 2211
4994 2213
4998 2215
5002 2217
5006 2218
5010 2220
5014 2222
5018 2224
5022 2226
5026 2228
5030 2229
5034 2231
5038 2233
5042 2235
5046 2237
5050 2238
5054 2240
5058 2242
5062 2244
5066 2245
5070 2247
5074 2249
5078 2251
5082 2253
5086 2254
5090 2256
5094 2258
5098 2260
5102 2261
5106 2263
5110 2265
5114 2267
5118 2268
5122 2270
5126 2272
5130 2274
5134 2276
5138 2277
5142 2279
5146 2281
5150 2283
5154 2284
5158 2286
5162 2288
5166 2290
5170 2291
5174 2293
5178 2295
5182 2297
5186 2299
5190 2300
5194 2302
5198 2304
5202 2306
5206 2308
5210 2309
5214 2311
5218 2313
5222 2314
5226 2316
5230 2318
5234 2320
5238 2322
5242 2324
5246 2325
5250 2327
5254 2329
5258 2331
5262 2332
5266 2334
5270 2336
5274 2338
5278 2340
5282 2342
5286 2343
5290 2345
5294 2347
5298 2349
5302 2350
5306 2352
5310 2354
5314 2356
5318 2358
5322 2359
5326 2361
5330 2363
5334 2365
5338 2367
5342 2368
5346 2370
5350 2372
5354 2374
5358 2376
5362 2378
5366 2379
5370 2381
5374 2383
5378 2385
5382 2386
5386 2388
5390 2390
5394 2392
5398 2394
5402 2396
5406 2397
5410 2399
5414 2401
5418 2403
5422 2404
5426 2406
5430 2408
5434 2410
5438 2412
5442 2414
5446 2415
5450 2417
5454 2419
5458 2421
5462 2423
5466 2424
5470 2426
5474 2428
5478 2430
5482 2432
5486 2434
5490 2435
5494 2437
5498 2439
5502 2441
5506 2442
5510 2444
5514 2446
5518 2448
5522 2450
5526 2452
5530 2454
5534 2455
5538 2457
5542 2459
5546 2461
5550 2462
5554 2464
5558 2466
5562 2468
5566 2470
5570 2472
5574 2474
5578 2475
5582 2477
5586 2479
5590 2481
5594 2482
5598 2484
5602 2486
5606 2488
5610 2490
5614 2492
5618 2493
5622 2495
5626 2497
5630 2499
5634 2501
5638 2502
5642 2504
5646 2506
5650 2508
5654 2510
5658 2512
5662 2513
5666 2515
5670 2517
5674 2519
5678 2521
5682 2522
5686 2524
5690 2526
5694 2528
5698 2530
5702 2531
5706 2533
5710 2535
5714 2537
5718 2539
5722 2540
5726 2542
5730 2544
5734 2546
5738 2548
5742 2550
5746 2551
5750 2553
5754 2555
5758 2557
5762 2559
5766 2560
5770 2562
5774 2564
5778 2566
5782 2568
5786 2570
5790 2571
5794 2573
5798 2575
5802 2577
5806 2578
5810 2580
5814 2582
5818 2584
5822 2586
5826 2588
5830 2589
5834 2591
5838 2593
5842 2595
5846 2596
5850 2598
5854 2600
5858 2602
5862 2604
5866 2605
5870 2607
5874 2609
5878 2611
5882 2613
5886 2614
5890 2616
5894 2618
5898 2620
5902 2621
5906 2623
5910 2625
5914 2627
5918 2628
5922 2630
5926 2632
5930 2634
5934 2636
5938 2637
5942 2639
5946 2641
5950 2643
5954 2644
5958 2646
5962 2648
5966 2650
5970 2652
5974 2653
5978 2655
5982 2657
5986 2659
5990 2660
5994 2662
5998 2664
6002 2666
6006 2668
6010 2669
6014 2671
6018 2673
6022 2674
6026 2676
6030 2678
6034 2680
6038 2682
6042 2684
6046 2685
6050 2687
6054 2689
6058 2691
6062 2692
6066 2694
6070 2696
6074 2698
6078 2700
6082 2701
6086 2703
6090 2705
6094 2707
6098 2709
6102 2710
6106 2712
6110 2714
6114 2716
6118 2718
6122 2719
6126 2721
6130 2723
6134 2725
6138 2726
6142 2728
6146 2730
6150 2732
6154 2734
6158 2736
6162 2737
6166 2739
6170 2741
6174 2743
6178 2744
6182 2746
6186 2748
6190 2750
6194 2752
6198 2754
6202 2755
6206 2757
6210 2759
6214 2761
6218 2762
6222 2764
6226 2766
6230 2768
6234 2770
6238 2772
6242 2773
6246 2775
6250 2777
6254 2779
6258 2780
6262 2782
6266 2784
6270 2786
6274 2788
6278 2790
6282 2791
6286 2793
6290 2795
6294 2797
6298 2798
6302 2800
6306 2802
6310 2804
6314 2806
6318 2808
6322 2809
6326 2811
6330 2813
6334 2815
6338 2816
6342 2818
6346 2820
6350 2822
6354 2824
6358 2826
6362 2827
6366 2829
6370 2831
6374 2833
6378 2835
6382 2836
6386 2838
6390 2840
6394 2842
6398 2844
6402 2846
6406 2847
6410 2849
6414 2851
6418 2853
6422 2855
6426 2856
6430 2858
6434 2860
6438 2862
6442 2864
6446 2866
6450 2867
6454 2869
6458 2871
6462 2873
6466 2875
6470 2876
6474 2878
6478 2880
6482 2882
6486 2884
6490 2886
6494 2887
6498 2889
6502 2891
6506 2893
6510 2895
6514 2896
6518 2898
6522 2900
6526 2902
6530 2904
6534 2906
6538 2908
6542 2909
6546 2911
6550 2913
6554 2915
6558 2916
6562 2918
6566 2920
6570 2922
6574 2924
6578 2926
6582 2928
6586 2929
6590 2931
6594 2933
6598 2935
6602 2936
6606 2938
6610 2940
6614 2942
6618 2944
6622 2946
6626 2947
6630 2949
6634 2951
6638 2953
6642 2955
6646 2956
6650 2958
6654 2960
6658 2962
6662 2964
6666 2965
6670 2967
6674 2969
6678 2971
6682 2973
6686 2974
6690 2976
6694 2978
6698 2980
6702 2982
6706 2983
6710 2985
6714 2987
6718 2989
6722 2990
6726 2992
6730 2994
6734 2996
6738 2998
6742 2999
6746 3001
6750 3003
6754 3005
6758 3006
6762 3008
6766 3010
6770 3012
6774 3014
6778 3015
6782 3017
6786 3019
6790 3021
6794 3022
6798 3024
6802 3026
6806 3028
6810 3030
6814 3031
6818 3033
6822 3035
6826 3037
6830 3038
6834 3040
6838 3042
6842 3044
6846 3046
6850 3047
6854 3049
6858 3051
6862 3053
6866 3055
6870 3056
6874 3058
6878 3060
6882 3062
6886 3063
6890 3065
6894 3067
6898 3069
6902 3071
6906 3072
6910 3074
6914 3076
6918 3078
6922 3080
6926 3081
6930 3083
6934 3085
6938 3087
6942 3088
6946 3090
6950 3092
6954 3094
6958 3096
6962 3098
6966 3099
6970 3101
6974 3103
6978 3105
6982 3106
6986 3108
6990 3110
6994 3112
6998 3114
7002 3116
7006 3117
7010 3119
7014 3121
7018 3123
7022 3124
7026 3126
7030 3128
7034 3130
7038 3132
7042 3133
7046 3135
7050 3137
7054 3139
7058 3141
7062 3142
7066 3144
7070 3146
7074 3148
7078 3150
7082 3152
7086 3153
7090 3155
7094 3157
7098 3159
7102 3160
7106 3162
7110 3164
7114 3166
7118 3168
7122 3170
7126 3171
7130 3173
7134 3175
7138 3177
7142 3179
7146 3180
7150 3182
7154 3184
7158 3186
7162 3188
7166 3190
7170 3191
7174 3193
7178 3195
7182 3197
7186 3199
7190 3200
7194 3202
7198 3204
7202 3206
7206 3208
7210 3210
7214 3212
7218 3213
7222 3215
7226 3217
7230 3219
7234 3221
7238 3222
7242 3224
7246 3226
7250 3228
7254 3230
7258 3232
7262 3234
7266 3235
7270 3237
7274 3239
7278 3241
7282 3242
7286 3244
7290 3246
7294 3248
7298 3250
7302 3252
7306 3253
7310 3255
7314 3257
7318 3259
7322 3261
7326 3263
7330 3264
7334 3266
7338 3268
7342 3270
7346 3272
7350 3274
7354 3275
7358 3277
7362 3279
7366 3281
7370 3283
7374 3284
7378 3286
7382 3288
7386 3290
7390 3292
7394 3294
7398 3295
7402 3297
7406 3299
7410 3301
7414 3302
7418 3304
7422 3306
7426 3308
7430 3310
7434 3312
7438 3313
7442 3315
7446 3317
7450 3319
7454 3320
7458 3322
7462 3324
7466 3326
7470 3328
7474 3330
7478 3331
7482 3333
7486 3335
7490 3337
7494 3338
7498 3340
7502 3342
7506 3344
7510 3346
7514 3347
7518 3349
7522 3351
7526 3352
7530 3354
7534 3356
7538 3358
7542 3360
7546 3362
7550 3363
7554 3365
7558 3367
7562 3368
7566 3370
7570 3372
7574 3374
7578 3376
7582 3377
7586 3379
7590 3381
7594 3383
7598 3384
7602 3386
7606 3388
7610 3390
7614 3392
7618 3393
7622 3395
7626 3397
7630 3398
7634 3400
7638 3402
7642 3404
7646 3406
7650 3407
7654 3409
7658 3411
7662 3413
7666 3414
7670 3416
7674 3418
7678 3420
7682 3422
7686 3423
7690 3425
7694 3427
7698 3429
7702 3431
7706 3432
7710 3434
7714 3436
7718 3438
7722 3440
7726 3441
7730 3443
7734 3445
7738 3447
7742 3448
7746 3450
7750 3452
7754 3454
7758 3456
7762 3458
7766 3459
7770 3461
7774 3463
7778 3465
7782 3467
7786 3468
7790 3470
7794 3472
7798 3474
7802 3476
7806 3477
7810 3479
7814 3481
7818 3483
7822 3485
7826 3486
7830 3488
7834 3490
7838 3492
7842 3494
7846 3496
7850 3497
7854 3499
7858 3501
7862 3503
7866 3504
7870 3506
7874 3508
7878 3510
7882 3512
7886 3514
7890 3515
7894 3517
7898 3519
7902 3521
7906 3523
7910 3524
7914 3526
7918 3528
7922 3530
7926 3532
7930 3534
7934 3535
7938 3537
7942 3539
7946 3541
7950 3543
7954 3544
7958 3546
7962 3548
7966 3550
7970 3552
7974 3554
7978 3556
7982 3557
7986 3559
7990 3561
7994 3563
7998 3564
8002 3566
8006 3568
8010 3570
8014 3572
8018 3574
8022 3576
8026 3577
8030 3579
8034 3581
8038 3583
8042 3585
8046 3586
8050 3588
8054 3590
8058 3592
8062 3594
8066 3596
8070 3597
8074 3599
8078 3601
8082 3603
8086 3605
8090 3606
8094 3608
8098 3610
8102 3612
8106 3614
8110 3616
8114 3617
8118 3619
8122 3621
8126 3623
8130 3625
8134 3626
8138 3628
8142 3630
8146 3632
8150 3634
8154 3636
8158 3637
8162 3639
8166 3641
8170 3643
8174 3645
8178 3646
8182 3648
8186 3650
8190 3652
8194 3654
8198 3656
8202 3657
8206 3659
8210 3661
8214 3663
8218 3664
8222 3666
8226 3668
8230 3670
8234 3672
8238 3673
8242 3675
8246 3677
8250 3679
8254 3680
8258 3682
8262 3684
8266 3686
8270 3688
8274 3690
8278 3691
8282 3693
8286 3695
8290 3697
8294 3698
8298 3700
8302 3702
8306 3704
8310 3706
8314 3707
8318 3709
8322 3711
8326 3713
8330 3714
8334 3716
8338 3718
8342 3720
8346 3722
8350 3723
8354 3725
8358 3727
8362 3728
8366 3730
8370 3732
8374 3734
8378 3736
8382 3737
8386 3739
8390 3741
8394 3743
8398 3744
8402 3746
8406 3748
8410 3750
8414 3752
8418 3753
8422 3755
8426 3757
8430 3759
8434 3760
8438 3762
8442 3764
8446 3766
8450 3768
8454 3769
8458 3771
8462 3773
8466 3775
8470 3776
8474 3778
8478 3780
8482 3782
8486 3784
8490 3786
8494 3787
8498 3789
8502 3791
8506 3793
8510 3795
8514 3796
8518 3798
8522 3800
8526 3802
8530 3804
8534 3805
8538 3807
8542 3809
8546 3811
8550 3813
8554 3814
8558 3816
8562 3818
8566 3820
8570 3822
8574 3823
8578 3825
8582 3827
8586 3829
8590 3831
8594 3832
8598 3834
8602 3836
8606 3838
8610 3840
8614 3842
8618 3843
8622 3845
8626 3847
8630 3849
8634 3851
8638 3852
8642 3854
8646 3856
8650 3858
8654 3860
8658 3861
8662 3863
8666 3865
8670 3867
8674 3869
8678 3870
8682 3872
8686 3874
8690 3876
8694 3878
8698 3880
8702 3881
8706 3883
8710 3885
8714 3887
8718 3889
8722 3890
8726 3892
8730 3894
8734 3896
8738 3898
8742 3899
8746 3901
8750 3903
8754 3905
8758 3907
8762 3909
8766 3910
8770 3912
8774 3914
8778 3916
8782 3918
8786 3920
8790 3921
8794 3923
8798 3925
8802 3927
8806 3928
8810 3930
8814 3932
8818 3934
8822 3936
8826 3938
8830 3939
8834 3941
8838 3943
8842 3945
8846 3947
8850 3948
8854 3950
8858 3952
8862 3954
8866 3956
8870 3958
8874 3959
8878 3961
8882 3963
8886 3965
8890 3967
8894 3968
8898 3970
8902 3972
8906 3974
8910 3976
8914 3978
8918 3979
8922 3981
8926 3983
8930 3985
8934 3987
8938 3988
8942 3990
8946 3992
8950 3994
8954 3996
8958 3997
8962 3999
8966 4001
8970 4003
8974 4005
8978 4006
8982 4008
8986 4010
8990 4012
8994 4014
8998 4016
9002 4017
9006 4019
9010 4021
9014 4023
9018 4024
9022 4026
9026 4028
9030 4030
9034 4032
9038 4034
9042 4035
9046 4037
9050 4039
9054 4041
9058 4042
9062 4044
9066 4046
9070 4048
9074 4050
9078 4052
9082 4053
9086 4055
9090 4057
9094 4059
9098 4060
9102 4062
9106 4064
9110 4066
9114 4067
9118 4069
9122 4071
9126 4073
9130 4074
9134 4076
9138 4078
9142 4080
9146 4082
9150 4084
9154 4085
9158 4087
9162 4089
9166 4090
9170 4092
9174 4094
9178 4096
9182 4098
9186 4099
9190 4101
9194 4103
9198 4105
9202 4106
9206 4108
9210 4110
9214 4112
9218 4114
9222 4115
9226 4117
9230 4119
9234 4121
9238 4122
9242 4124
9246 4126
9250 4128
9254 4130
9258 4132
9262 4133
9266 4135
9270 4137
9274 4139
9278 4140
9282 4142
9286 4144
9290 4146
9294 4148
9298 4150
9302 4151
9306 4153
9310 4155
9314 4157
9318 4158
9322 4160
9326 4162
9330 4164
9334 4166
9338 4168
9342 4169
9346 4171
9350 4173
9354 4175
9358 4177
9362 4178
9366 4180
9370 4182
9374 4184
9378 4186
9382 4187
9386 4189
9390 4191
9394 4193
9398 4195
9402 4196
9406 4198
9410 4200
9414 4202
9418 4204
9422 4205
9426 4207
9430 4209
9434 4211
9438 4212
9442 4214
9446 4216
9450 4218
9454 4220
9458 4222
9462 4223
9466 4225
9470 4227
9474 4229
9478 4231
9482 4232
9486 4234
9490 4236
9494 4238
9498 4240
9502 4241
9506 4243
9510 4245
9514 4247
9518 4249
9522 4250
9526 4252
9530 4254
9534 4256
9538 4258
9542 4259
9546 4261
9550 4263
9554 4265
9558 4267
9562 4268
9566 4270
9570 4272
9574 4274
9578 4276
9582 4278
9586 4279
9590 4281
9594 4283
9598 4285
9602 4287
9606 4288
9610 4290
9614 4292
9618 4294
9622 4296
9626 4298
9630 4299
9634 4301
9638 4303
9642 4305
9646 4307
9650 4308
9654 4310
9658 4312
9662 4314
9666 4316
9670 4318
9674 4319
9678 4321
9682 4323
9686 4325
9690 4327
9694 4328
9698 4330
9702 4332
9706 4334
9710 4336
9714 4338
9718 4339
9722 4341
9726 4343
9730 4345
9734 4347
9738 4348
9742 4350
9746 4352
9750 4354
9754 4356
9758 4358
9762 4359
9766 4361
9770 4363
9774 4365
9778 4367
9782 4368
9786 4370
9790 4372
9794 4374
9798 4376
9802 4378
9806 4379
9810 4381
9814 4383
9818 4385
9822 4387
9826 4388
9830 4390
9834 4392
9838 4394
9842 4396
9846 4398
9850 4399
9854 4401
9858 4403
9862 4405
9866 4406
9870 4408
9874 4410
9878 4412
9882 4414
9886 4415
9890 4417
9894 4419
9898 4421
9902 4423
9906 4424
9910 4426
9914 4428
9918 4430
9922 4432
9926 4433
9930 4435
9934 4437
9938 4439
9942 4440
9946 4442
9950 4444
9954 4446
9958 4448
9962 4449
9966 4451
9970 4453
9974 4454
9978 4456
9982 4458
9986 4460
9990 4462
9994 4463
9998 4465
10002 4467
10006 4469
10010 4470
10014 4472
10018 4474
10022 4476
10026 4478
10030 4479
10034 4481
10038 4483
10042 4485
10046 4486
10050 4488
10054 4490
10058 4492
10062 4494
10066 4495
10070 4497
10074 4499
10078 4501
10082 4502
10086 4504
10090 4506
10094 4508
10098 4510
10102 4512
10106 4513
10110 4515
10114 4517
10118 4519
10122 4520
10126 4522
10130 4524
10134 4526
10138 4528
10142 4529
10146 4531
10150 4533
10154 4535
10158 4537
10162 4538
10166 4540
10170 4542
10174 4544
10178 4546
10182 4547
10186 4549
10190 4551
10194 4553
10198 4554
10202 4556
10206 4558
10210 4560
10214 4562
10218 4564
10222 4565
10226 4567
10230 4569
10234 4571
10238 4572
10242 4574
10246 4576
10250 4578
10254 4580
10258 4582
10262 4583
10266 4585
10270 4587
10274 4589
10278 4590
10282 4592
10286 4594
10290 4596
10294 4598
10298 4600
10302 4601
10306 4603
10310 4605
10314 4607
10318 4609
10322 4610
10326 4612
10330 4614
10334 4616
10338 4618
10342 4620
10346 4621
10350 4623
10354 4625
10358 4627
10362 4629
10366 4630
10370 4632
10374 4634
10378 4636
10382 4638
10386 4640
10390 4641
10394 4643
10398 4645
10402 4647
10406 4649
10410 4650
10414 4652
10418 4654
10422 4656
10426 4658
10430 4660
10434 4662
10438 4663
10442 4665
10446 4667
10450 4669
10454 4671
10458 4672
10462 4674
10466 4676
10470 4678
10474 4680
10478 4682
10482 4683
10486 4685
10490 4687
10494 4689
10498 4691
10502 4692
10506 4694
10510 4696
10514 4698
10518 4700
10522 4702
10526 4704
10530 4705
10534 4707
10538 4709
10542 4711
10546 4713
10550 4714
10554 4716
10558 4718
10562 4720
10566 4722
10570 4724
10574 4725
10578 4727
10582 4729
10586 4731
10590 4733
10594 4734
10598 4736
10602 4738
10606 4740
10610 4742
10614 4744
10618 4745
10622 4747
10626 4749
10630 4751
10634 4752
10638 4754
10642 4756
10646 4758
10650 4760
10654 4762
10658 4763
10662 4765
10666 4767
10670 4769
10674 4770
10678 4772
10682 4774
10686 4776
10690 4778
10694 4779
10698 4781
10702 4783
10706 4785
10710 4786
10714 4788
10718 4790
10722 4792
10726 4794
10730 4795
10734 4797
10738 4799
10742 4801
10746 4802
10750 4804
10754 4806
10758 4808
10762 4809
10766 4811
10770 4813
10774 4815
10778 4816
10782 4818
10786 4820
10790 4822
10794 4824
10798 4825
10802 4827
10806 4829
10810 4831
10814 4832
10818 4834
10822 4836
10826 4838
10830 4840
10834 4841
10838 4843
10842 4845
10846 4847
10850 4848
10854 4850
10858 4852
10862 4854
10866 4856
10870 4857
10874 4859
10878 4861
10882 4863
10886 4864
10890 4866
10894 4868
10898 4870
10902 4872
10906 4873
10910 4875
10914 4877
10918 4879
10922 4881
10926 4882
10930 4884
10934 4886
10938 4888
10942 4890
10946 4891
10950 4893
10954 4895
10958 4897
10962 4899
10966 4900
10970 4902
10974 4904
10978 4906
10982 4908
10986 4909
10990 4911
10994 4913
10998 4915
11002 4916
11006 4918
11010 4920
11014 4922
11018 4924
11022 4926
11026 4927
11030 4929
11034 4931
11038 4933
11042 4935
11046 4936
11050 4938
11054 4940
11058 4942
11062 4944
11066 4946
11070 4947
11074 4949
11078 4951
11082 4953
11086 4954
11090 4956
11094 4958
11098 4960
11102 4962
11106 4964
11110 4966
11114 4967
11118 4969
11122 4971
11126 4973
11130 4974
11134 4976
11138 4978
11142 4980
11146 4982
11150 4984
11154 4986
11158 4987
11162 4989
11166 4991
11170 4993
11174 4995
11178 4996
11182 4998
11186 5000
11190 5002
11194 5004
11198 5006
11202 5007
11206 5009
11210 5011
11214 5013
11218 5015
11222 5017
11226 5018
11230 5020
11234 5022
11238 5024
11242 5026
11246 5028
11250 5029
11254 5031
11258 5033
11262 5035
11266 5037
11270 5038
11274 5040
11278 5042
11282 5044
11286 5046
11290 5048
11294 5049
11298 5051
11302 5053
11306 5055
11310 5057
11314 5058
11318 5060
11322 5062
11326 5064
11330 5066
11334 5068
11338 5069
11342 5071
11346 5073
11350 5075
11354 5076
11358 5078
11362 5080
11366 5082
11370 5084
11374 5086
11378 5087
11382 5089
11386 5091
11390 5093
11394 5095
11398 5096
11402 5098
11406 5100
11410 5102
11414 5104
11418 5105
11422 5107
11426 5109
11430 5111
11434 5113
11438 5114
11442 5116
11446 5118
11450 5120
11454 5122
11458 5123
11462 5125
11466 5127
11470 5129
11474 5130
11478 5132
11482 5134
11486 5136
11490 5138
11494 5139
11498 5141
11502 5143
11506 5145
11510 5146
11514 5148
11518 5150
11522 5152
11526 5154
11530 5155
11534 5157
11538 5159
11542 5161
11546 5162
11550 5164
11554 5166
11558 5168
11562 5169
11566 5171
11570 5173
11574 5175
11578 5176
11582 5178
11586 5180
11590 5182
11594 5184
11598 5185
11602 5187
11606 5189
11610 5191
11614 5192
11618 5194
11622 5196
11626 5198
11630 5200
11634 5201
11638 5203
11642 5205
11646 5207
11650 5208
11654 5210
11658 5212
11662 5214
11666 5216
11670 5217
11674 5219
11678 5221
11682 5223
11686 5224
11690 5226
11694 5228
11698 5230
11702 5232
11706 5234
11710 5235
11714 5237
11718 5239
11722 5241
11726 5243
11730 5244
11734 5246
11738 5248
11742 5250
11746 5252
11750 5253
11754 5255
11758 5257
11762 5259
11766 5261
11770 5262
11774 5264
11778 5266
11782 5268
11786 5270
11790 5271
11794 5273
11798 5275
11802 5277
11806 5279
11810 5280
11814 5282
11818 5284
11822 5286
11826 5288
11830 5290
11834 5291
11838 5293
11842 5295
11846 5297
11850 5298
11854 5300
11858 5302
11862 5304
11866 5306
11870 5308
11874 5309
11878 5311
11882 5313
11886 5315
11890 5316
11894 5318
11898 5320
11902 5322
11906 5324
11910 5326
11914 5328
11918 5329
11922 5331
11926 5333
11930 5335
11934 5336
11938 5338
11942 5340
11946 5342
11950 5344
11954 5346
11958 5348
11962 5349
11966 5351
11970 5353
11974 5355
11978 5356
11982 5358
11986 5360
11990 5362
11994 5364
11998 5366
12002 5367
12006 5369
12010 5371
12014 5373
12018 5375
12022 5376
12026 5378
12030 5380
12034 5382
12038 5384
12042 5386
12046 5387
12050 5389
12054 5391
12058 5393
12062 5395
12066 5396
12070 5398
12074 5400
12078 5402
12082 5404
12086 5406
12090 5407
12094 5409
12098 5411
12102 5413
12106 5415
12110 5416
12114 5418
12118 5420
12122 5422
12126 5424
12130 5426
12134 5427
12138 5429
12142 5431
12146 5433
12150 5434
12154 5436
12158 5438
12162 5440
12166 5442
12170 5444
12174 5445
12178 5447
12182 5449
12186 5451
12190 5453
12194 5454
12198 5456
12202 5458
12206 5460
12210 5462
12214 5463
12218 5465
12222 5467
12226 5469
12230 5471
12234 5472
12238 5474
12242 5476
12246 5478
12250 5480
12254 5481
12258 5483
12262 5485
12266 5487
12270 5488
12274 5490
12278 5492
12282 5494
12286 5496
12290 5498
12294 5499
12298 5501
12302 5503
12306 5505
12310 5506
12314 5508
12318 5510
12322 5512
12326 5514
12330 5515
12334 5517
12338 5519
12342 5521
12346 5522
12350 5524
12354 5526
12358 5528
12362 5529
12366 5531
12370 5533
12374 5535
12378 5537
12382 5538
12386 5540
12390 5542
12394 5544
12398 5546
12402 5547
12406 5549
12410 5551
12414 5553
12418 5554
12422 5556
12426 5558
12430 5560
12434 5562
12438 5563
12442 5565
12446 5567
12450 5569
12454 5570
12458 5572
12462 5574
12466 5576
12470 5578
12474 5579
12478 5581
12482 5583
12486 5585
12490 5587
12494 5588
12498 5590
12502 5592
12506 5594
12510 5596
12514 5598
12518 5599
12522 5601
12526 5603
12530 5605
12534 5606
12538 5608
12542 5610
12546 5612
12550 5614
12554 5616
12558 5617
12562 5619
12566 5621
12570 5623
12574 5624
12578 5626
12582 5628
12586 5630
12590 5632
12594 5634
12598 5635
12602 5637
12606 5639
12610 5641
12614 5642
12618 5644
12622 5646
12626 5648
12630 5650
12634 5651
12638 5653
12642 5655
12646 5657
12650 5659
12654 5660
12658 5662
12662 5664
12666 5666
12670 5668
12674 5670
12678 5671
12682 5673
12686 5675
12690 5677
12694 5678
12698 5680
12702 5682
12706 5684
12710 5686
12714 5688
12718 5689
12722 5691
12726 5693
12730 5695
12734 5697
12738 5698
12742 5700
12746 5702
12750 5704
12754 5706
12758 5708
12762 5709
12766 5711
12770 5713
12774 5715
12778 5717
12782 5718
12786 5720
12790 5722
12794 5724
12798 5726
12802 5727
12806 5729
12810 5731
12814 5733
12818 5735
12822 5737
12826 5738
12830 5740
12834 5742
12838 5744
12842 5746
12846 5747
12850 5749
12854 5751
12858 5753
12862 5755
12866 5756
12870 5758
12874 5760
12878 5762
12882 5764
12886 5766
12890 5768
12894 5769
12898 5771
12902 5773
12906 5775
12910 5777
12914 5778
12918 5780
12922 5782
12926 5784
12930 5786
12934 5788
12938 5789
12942 5791
12946 5793
12950 5795
12954 5796
12958 5798
12962 5800
12966 5802
12970 5804
12974 5806
12978 5808
12982 5809
12986 5811
12990 5813
12994 5815
12998 5817
13002 5818
13006 5820
13010 5822
13014 5824
13018 5826
13022 5828
13026 5829
13030 5831
13034 5833
13038 5835
13042 5836
13046 5838
13050 5840
13054 5842
13058 5844
13062 5845
13066 5847
13070 5849
13074 5851
13078 5853
13082 5854
13086 5856
13090 5858
13094 5860
13098 5862
13102 5863
13106 5865
13110 5867
13114 5869
13118 5870
13122 5872
13126 5874
13130 5876
13134 5878
13138 5879
13142 5881
13146 5883
13150 5885
13154 5886
13158 5888
13162 5890
13166 5892
13170 5893
13174 5895
13178 5897
13182 5899
13186 5900
13190 5902
13194 5904
13198 5906
13202 5908
13206 5909
13210 5911
13214 5913
13218 5915
13222 5916
13226 5918
13230 5920
13234 5922
13238 5924
13242 5925
13246 5927
13250 5929
13254 5931
13258 5932
13262 5934
13266 5936
13270 5938
13274 5940
13278 5941
13282 5943
13286 5945
13290 5947
13294 5949
13298 5950
13302 5952
13306 5954
13310 5956
13314 5958
13318 5959
13322 5961
13326 5963
13330 5965
13334 5966
13338 5968
13342 5970
13346 5972
13350 5974
13354 5975
13358 5977
13362 5979
13366 5981
13370 5983
13374 5984
13378 5986
13382 5988
13386 5990
13390 5992
13394 5993
13398 5995
13402 5997
13406 5999
13410 6001
13414 6002
13418 6004
13422 6006
13426 6008
13430 6010
13434 6011
13438 6013
13442 6015
13446 6017
13450 6018
13454 6020
13458 6022
13462 6024
13466 6026
13470 6028
13474 6029
13478 6031
13482 6033
13486 6035
13490 6036
13494 6038
13498 6040
13502 6042
13506 6044
13510 6046
13514 6047
13518 6049
13522 6051
13526 6053
13530 6055
13534 6056
13538 6058
13542 6060
13546 6062
13550 6064
13554 6066
13558 6067
13562 6069
13566 6071
13570 6073
13574 6075
13578 6077
13582 6078
13586 6080
13590 6082
13594 6084
13598 6086
13602 6087
13606 6089
13610 6091
13614 6093
13618 6095
13622 6097
13626 6098
13630 6100
13634 6102
13638 6104
13642 6106
13646 6108
13650 6109
13654 6111
13658 6113
13662 6115
13666 6117
13670 6118
13674 6120
13678 6122
13682 6124
13686 6126
13690 6128
13694 6130
13698 6131
13702 6133
13706 6135
13710 6137
13714 6139
13718 6140
13722 6142
13726 6144
13730 6146
13734 6148
13738 6150
13742 6151
13746 6153
13750 6155
13754 6157
13758 6159
13762 6160
13766 6162
13770 6164
13774 6166
13778 6168
13782 6170
13786 6171
13790 6173
13794 6175
13798 6177
13802 6179
13806 6180
13810 6182
13814 6184
13818 6186
13822 6188
13826 6190
13830 6191
13834 6193
13838 6195
13842 6197
13846 6198
13850 6200
13854 6202
13858 6204
13862 6206
13866 6208
13870 6209
13874 6211
13878 6213
13882 6215
13886 6216
13890 6218
13894 6220
13898 6222
13902 6224
13906 6225
13910 6227
13914 6229
13918 6231
13922 6232
13926 6234
13930 6236
13934 6238
13938 6240
13942 6241
13946 6243
13950 6245
13954 6247
13958 6248
13962 6250
13966 6252
13970 6254
13974 6256
13978 6257
13982 6259
13986 6261
13990 6263
13994 6264
13998 6266
14002 6268
14006 6270
14010 6272
14014 6273
14018 6275
14022 6277
14026 6278
14030 6280
14034 6282
14038 6284
14042 6286
14046 6287
14050 6289
14054 6291
14058 6293
14062 6295
14066 6296
14070 6298
14074 6300
14078 6302
14082 6304
14086 6305
14090 6307
14094 6309
14098 6311
14102 6312
14106 6314
14110 6316
14114 6318
14118 6320
14122 6321
14126 6323
14130 6325
14134 6327
14138 6329
14142 6330
14146 6332
14150 6334
14154 6336
14158 6338
14162 6340
14166 6341
14170 6343
14174 6345
14178 6347
14182 6348
14186 6350
14190 6352
14194 6354
14198 6356
14202 6358
14206 6359
14210 6361
14214 6363
14218 6365
14222 6366
14226 6368
14230 6370
14234 6372
14238 6374
14242 6376
14246 6377
14250 6379
14254 6381
14258 6383
14262 6385
14266 6386
14270 6388
14274 6390
14278 6392
14282 6394
14286 6396
14290 6397
14294 6399
14298 6401
14302 6403
14306 6405
14310 6406
14314 6408
14318 6410
14322 6412
14326 6414
14330 6416
14334 6417
14338 6419
14342 6421
14346 6423
14350 6425
14354 6426
14358 6428
14362 6430
14366 6432
14370 6434
14374 6436
14378 6438
14382 6439
14386 6441
14390 6443
14394 6445
14398 6446
14402 6448
14406 6450
14410 6452
14414 6454
14418 6456
14422 6458
14426 6459
14430 6461
14434 6463
14438 6465
14442 6467
14446 6468
14450 6470
14454 6472
14458 6474
14462 6476
14466 6478
14470 6480
14474 6481
14478 6483
14482 6485
14486 6487
14490 6489
14494 6490
14498 6492
14502 6494
14506 6496
14510 6498
14514 6499
14518 6501
14522 6503
14526 6505
14530 6507
14534 6508
14538 6510
14542 6512
14546 6514
14550 6516
14554 6518
14558 6519
14562 6521
14566 6523
14570 6525
14574 6527
14578 6528
14582 6530
14586 6532
14590 6534
14594 6536
14598 6538
14602 6539
14606 6541
14610 6543
14614 6545
14618 6546
14622 6548
14626 6550
14630 6552
14634 6554
14638 6556
14642 6557
14646 6559
14650 6561
14654 6563
14658 6564
14662 6566
14666 6568
14670 6570
14674 6572
14678 6573
14682 6575
14686 6577
14690 6579
14694 6580
14698 6582
14702 6584
14706 6586
14710 6587
14714 6589
14718 6591
14722 6593
14726 6594
14730 6596
14734 6598
14738 6600
14742 6602
14746 6603
14750 6605
14754 6607
14758 6609
14762 6610
14766 6612
14770 6614
14774 6616
14778 6617
14782 6619
14786 6621
14790 6623
14794 6624
14798 6626
14802 6628
14806 6630
14810 6632
14814 6633
14818 6635
14822 6637
14826 6639
14830 6640
14834 6642
14838 6644
14842 6646
14846 6648
14850 6649
14854 6651
14858 6653
14862 6655
14866 6656
14870 6658
14874 6660
14878 6662
14882 6664
14886 6666
14890 6667
14894 6669
14898 6671
14902 6673
14906 6674
14910 6676
14914 6678
14918 6680
14922 6682
14926 6684
14930 6685
14934 6687
14938 6689
14942 6691
14946 6693
14950 6694
14954 6696
14958 6698
14962 6700
14966 6702
14970 6703
14974 6705
14978 6707
14982 6709
14986 6710
14990 6712
14994 6714
14998 6716
15002 6718
15006 6720
15010 6722
15014 6723
15018 6725
15022 6727
15026 6729
15030 6730
15034 6732
15038 6734
15042 6736
15046 6738
15050 6740
15054 6741
15058 6743
15062 6745
15066 6747
15070 6749
15074 6750
15078 6752
15082 6754
15086 6756
15090 6758
15094 6760
15098 6761
15102 6763
15106 6765
15110 6767
15114 6768
15118 6770
15122 6772
15126 6774
15130 6776
15134 6778
15138 6780
15142 6781
15146 6783
15150 6785
15154 6787
15158 6789
15162 6790
15166 6792
15170 6794
15174 6796
15178 6798
15182 6799
15186 6801
15190 6803
15194 6805
15198 6807
15202 6808
15206 6810
15210 6812
15214 6814
15218 6816
15222 6818
15226 6820
15230 6821
15234 6823
15238 6825
15242 6827
15246 6828
15250 6830
15254 6832
15258 6834
15262 6836
15266 6838
15270 6840
15274 6841
15278 6843
15282 6845
15286 6847
15290 6848
15294 6850
15298 6852
15302 6854
15306 6856
15310 6858
15314 6859
15318 6861
15322 6863
15326 6865
15330 6867
15334 6868
15338 6870
15342 6872
15346 6874
15350 6876
15354 6878
15358 6879
15362 6881
15366 6883
15370 6885
15374 6887
15378 6888
15382 6890
15386 6892
15390 6894
15394 6896
15398 6897
15402 6899
15406 6901
15410 6903
15414 6905
15418 6906
15422 6908
15426 6910
15430 6912
15434 6914
15438 6916
15442 6917
15446 6919
15450 6921
15454 6923
15458 6924
15462 6926
15466 6928
15470 6930
15474 6932
15478 6934
15482 6935
15486 6937
15490 6939
15494 6941
15498 6942
15502 6944
15506 6946
15510 6948
15514 6950
15518 6951
15522 6953
15526 6955
15530 6957
15534 6958
15538 6960
15542 6962
15546 6964
15550 6966
15554 6967
15558 6969
15562 6971
15566 6973
15570 6974
15574 6976
15578 6978
15582 6980
15586 6982
15590 6983
15594 6985
15598 6987
15602 6989
15606 6991
15610 6992
15614 6994
15618 6996
15622 6998
15626 7000
15630 7001
15634 7003
15638 7005
15642 7007
15646 7008
15650 7010
15654 7012
15658 7014
15662 7016
15666 7017
15670 7019
15674 7021
15678 7023
15682 7025
15686 7026
15690 7028
15694 7030
15698 7032
15702 7034
15706 7036
15710 7037
15714 7039
15718 7041
15722 7043
15726 7044
15730 7046
15734 7048
15738 7050
15742 7052
15746 7054
15750 7055
15754 7057
15758 7059
15762 7061
15766 7063
15770 7064
15774 7066
15778 7068
15782 7070
15786 7072
15790 7074
15794 7075
15798 7077
15802 7079
15806 7081
15810 7082
15814 7084
15818 7086
15822 7088
15826 7090
15830 7091
15834 7093
15838 7095
15842 7097
15846 7099
15850 7100
15854 7102
15858 7104
15862 7106
15866 7108
15870 7110
15874 7111
15878 7113
15882 7115
15886 7117
15890 7118
15894 7120
15898 7122
15902 7124
15906 7126
15910 7128
15914 7129
15918 7131
15922 7133
15926 7135
15930 7137
15934 7138
15938 7140
15942 7142
15946 7144
15950 7146
15954 7148
15958 7149
15962 7151
15966 7153
15970 7155
15974 7157
15978 7158
15982 7160
15986 7162
15990 7164
15994 7166
15998 7167
16002 7169
16006 7171
16010 7173
16014 7175
16018 7177
16022 7178
16026 7180
16030 7182
16034 7184
16038 7186
16042 7188
16046 7189
16050 7191
16054 7193
16058 7195
16062 7197
16066 7198
16070 7200
16074 7202
16078 7204
16082 7206
16086 7208
16090 7209
16094 7211
16098 7213
16102 7215
16106 7217
16110 7218
16114 7220
16118 7222
16122 7224
16126 7226
16130 7228
16134 7230
16138 7231
16142 7233
16146 7235
16150 7237
16154 7239
16158 7240
16162 7242
16166 7244
16170 7246
16174 7248
16178 7250
16182 7251
16186 7253
16190 7255
16194 7257
16198 7258
16202 7260
16206 7262
16210 7264
16214 7266
16218 7268
16222 7270
16226 7271
16230 7273
16234 7275
16238 7277
16242 7278
16246 7280
16250 7282
16254 7284
16258 7286
16262 7287
16266 7289
16270 7291
16274 7293
16278 7295
16282 7296
16286 7298
16290 7300
16294 7302
16298 7304
16302 7305
16306 7307
16310 7309
16314 7311
16318 7312
16322 7314
16326 7316
16330 7318
16334 7320
16338 7321
16342 7323
16346 7325
16350 7327
16354 7328
16358 7330
16362 7332
16366 7334
16370 7335
16374 7337
16378 7339
16382 7341
16386 7342
16390 7344
16394 7346
16398 7348
16402 7350
16406 7351
16410 7353
16414 7355
16418 7357
16422 7358
16426 7360
16430 7362
16434 7364
16438 7366
16442 7368
16446 7369
16450 7371
16454 7373
16458 7375
16462 7376
16466 7378
16470 7380
16474 7382
16478 7384
16482 7385
16486 7387
16490 7389
16494 7391
16498 7393
16502 7394
16506 7396
16510 7398
16514 7400
16518 7402
16522 7403
16526 7405
16530 7407
16534 7409
16538 7411
16542 7412
16546 7414
16550 7416
16554 7418
16558 7420
16562 7421
16566 7423
16570 7425
16574 7427
16578 7428
16582 7430
16586 7432
16590 7434
16594 7436
16598 7438
16602 7439
16606 7441
16610 7443
16614 7445
16618 7447
16622 7448
16626 7450
16630 7452
16634 7454
16638 7456
16642 7457
16646 7459
16650 7461
16654 7463
16658 7465
16662 7466
16666 7468
16670 7470
16674 7472
16678 7474
16682 7476
16686 7477
16690 7479
16694 7481
16698 7483
16702 7485
16706 7486
16710 7488
16714 7490
16718 7492
16722 7494
16726 7496
16730 7498
16734 7499
16738 7501
16742 7503
16746 7505
16750 7507
16754 7508
16758 7510
16762 7512
16766 7514
16770 7516
16774 7518
16778 7520
16782 7521
16786 7523
16790 7525
16794 7527
16798 7529
16802 7530
16806 7532
16810 7534
16814 7536
16818 7538
16822 7540
16826 7542
16830 7543
16834 7545
16838 7547
16842 7549
16846 7551
16850 7553
16854 7554
16858 7556
16862 7558
16866 7560
16870 7562
16874 7564
16878 7565
16882 7567
16886 7569
16890 7571
16894 7573
16898 7575
16902 7576
16906 7578
16910 7580
16914 7582
16918 7584
16922 7586
16926 7587
16930 7589
16934 7591
16938 7593
16942 7595
16946 7596
16950 7598
16954 7600
16958 7602
16962 7604
16966 7606
16970 7608
16974 7609
16978 7611
16982 7613
16986 7615
16990 7617
16994 7618
16998 7620
17002 7622
17006 7624
17010 7626
17014 7628
17018 7630
17022 7631
17026 7633
17030 7635
17034 7637
17038 7638
17042 7640
17046 7642
17050 7644
17054 7646
17058 7647
17062 7649
17066 7651
17070 7653
17074 7655
17078 7656
17082 7658
17086 7660
17090 7662
17094 7664
17098 7666
17102 7667
17106 7669
17110 7671
17114 7673
17118 7674
17122 7676
17126 7678
17130 7680
17134 7682
17138 7683
17142 7685
17146 7687
17150 7689
17154 7690
17158 7692
17162 7694
17166 7696
17170 7698
17174 7699
17178 7701
17182 7703
17186 7705
17190 7706
17194 7708
17198 7710
17202 7712
17206 7714
17210 7715
17214 7717
17218 7719
17222 7721
17226 7722
17230 7724
17234 7726
17238 7728
17242 7730
17246 7732
17250 7733
17254 7735
17258 7737
17262 7739
17266 7740
17270 7742
17274 7744
17278 7746
17282 7748
17286 7750
17290 7751
17294 7753
17298 7755
17302 7757
17306 7758
17310 7760
17314 7762
17318 7764
17322 7766
17326 7767
17330 7769
17334 7771
17338 7773
17342 7775
17346 7777
17350 7778
17354 7780
17358 7782
17362 7784
17366 7786
17370 7787
17374 7789
17378 7791
17382 7793
17386 7795
17390 7796
17394 7798
17398 7800
17402 7802
17406 7804
17410 7806
17414 7807
17418 7809
17422 7811
17426 7813
17430 7815
17434 7816
17438 7818
17442 7820
17446 7822
17450 7824
17454 7826
17458 7827
17462 7829
17466 7831
17470 7833
17474 7835
17478 7836
17482 7838
17486 7840
17490 7842
17494 7844
17498 7846
17502 7848
17506 7849
17510 7851
17514 7853
17518 7855
17522 7857
17526 7858
17530 7860
17534 7862
17538 7864
17542 7866
17546 7868
17550 7870
17554 7871
17558 7873
17562 7875
17566 7877
17570 7879
17574 7880
17578 7882
17582 7884
17586 7886
17590 7888
17594 7890
17598 7892
17602 7893
17606 7895
17610 7897
17614 7899
17618 7901
17622 7903
17626 7904
17630 7906
17634 7908
17638 7910
17642 7912
17646 7914
17650 7916
17654 7917
17658 7919
17662 7921
17666 7923
17670 7925
17674 7926
17678 7928
17682 7930
17686 7932
17690 7934
17694 7936
17698 7938
17702 7939
17706 7941
17710 7943
17714 7945
17718 7947
17722 7948
17726 7950
17730 7952
17734 7954
17738 7956
17742 7958
17746 7959
17750 7961
17754 7963
17758 7965
17762 7967
17766 7968
17770 7970
17774 7972
17778 7974
17782 7976
17786 7978
17790 7979
17794 7981
17798 7983
17802 7985
17806 7987
17810 7988
17814 7990
17818 7992
17822 7994
17826 7996
17830 7997
17834 7999
17838 8001
17842 8003
17846 8005
17850 8006
17854 8008
17858 8010
17862 8012
17866 8014
17870 8015
17874 8017
17878 8019
17882 8021
17886 8022
17890 8024
17894 8026
17898 8028
17902 8030
17906 8031
17910 8033
17914 8035
17918 8037
17922 8038
17926 8040
17930 8042
17934 8044
17938 8046
17942 8047
17946 8049
17950 8051
17954 8053
17958 8054
17962 8056
17966 8058
17970 8060
17974 8062
17978 8063
17982 8065
17986 8067
17990 8069
17994 8070
17998 8072
18002 8074
18006 8076
18010 8078
18014 8079
18018 8081
18022 8083
18026 8085
18030 8087
18034 8088
18038 8090
18042 8092
18046 8094
18050 8096
18054 8097
18058 8099
18062 8101
18066 8103
18070 8105
18074 8106
18078 8108
18082 8110
18086 8112
18090 8114
18094 8116
18098 8117
18102 8119
18106 8121
18110 8123
18114 8124
18118 8126
18122 8128
18126 8130
18130 8132
18134 8134
18138 8135
18142 8137
18146 8139
18150 8141
18154 8143
18158 8144
18162 8146
18166 8148
18170 8150
18174 8152
18178 8154
18182 8155
18186 8157
18190 8159
18194 8161
18198 8163
18202 8164
18206 8166
18210 8168
18214 8170
18218 8172
18222 8174
18226 8175
18230 8177
18234 8179
18238 8181
18242 8183
18246 8184
18250 8186
18254 8188
18258 8190
18262 8192
18266 8194
18270 8195
18274 8197
18278 8199
18282 8201
18286 8203
18290 8205
18294 8206
18298 8208
18302 8210
18306 8212
18310 8214
18314 8216
18318 8217
18322 8219
18326 8221
18330 8223
18334 8225
18338 8226
18342 8228
18346 8230
18350 8232
18354 8234
18358 8236
18362 8238
18366 8239
18370 8241
18374 8243
18378 8245
18382 8246
18386 8248
18390 8250
18394 8252
18398 8254
18402 8256
18406 8258
18410 8259
18414 8261
18418 8263
18422 8265
18426 8267
18430 8268
18434 8270
18438 8272
18442 8274
18446 8276
18450 8278
18454 8280
18458 8281
18462 8283
18466 8285
18470 8287
18474 8289
18478 8290
18482 8292
18486 8294
18490 8296
18494 8298
18498 8299
18502 8301
18506 8303
18510 8305
18514 8307
18518 8309
18522 8310
18526 8312
18530 8314
18534 8316
18538 8318
18542 8319
18546 8321
18550 8323
18554 8325
18558 8327
18562 8329
18566 8330
18570 8332
18574 8334
18578 8336
18582 8338
18586 8339
18590 8341
18594 8343
18598 8345
18602 8347
18606 8348
18610 8350
18614 8352
18618 8354
18622 8356
18626 8358
18630 8359
18634 8361
18638 8363
18642 8365
18646 8366
18650 8368
18654 8370
18658 8372
18662 8374
18666 8376
18670 8377
18674 8379
18678 8381
18682 8383
18686 8384
18690 8386
18694 8388
18698 8390
18702 8392
18706 8393
18710 8395
18714 8397
18718 8399
18722 8401
18726 8402
18730 8404
18734 8406
18738 8408
18742 8410
18746 8411
18750 8413
18754 8415
18758 8417
18762 8418
18766 8420
18770 8422
18774 8424
18778 8426
18782 8427
18786 8429
18790 8431
18794 8433
18798 8434
18802 8436
18806 8438
18810 8440
18814 8442
18818 8443
18822 8445
18826 8447
18830 8449
18834 8451
18838 8452
18842 8454
18846 8456
18850 8458
18854 8460
18858 8462
18862 8463
18866 8465
18870 8467
18874 8469
18878 8470
18882 8472
18886 8474
18890 8476
18894 8478
18898 8480
18902 8481
18906 8483
18910 8485
18914 8487
18918 8489
18922 8490
18926 8492
18930 8494
18934 8496
18938 8498
18942 8500
18946 8501
18950 8503
18954 8505
18958 8507
18962 8509
18966 8510
18970 8512
18974 8514
18978 8516
18982 8518
18986 8520
18990 8521
18994 8523
18998 8525
19002 8527
19006 8528
19010 8530
19014 8532
19018 8534
19022 8536
19026 8538
19030 8539
19034 8541
19038 8543
19042 8545
19046 8547
19050 8548
19054 8550
19058 8552
19062 8554
19066 8556
19070 8558
19074 8559
19078 8561
19082 8563
19086 8565
19090 8567
19094 8568
19098 8570
19102 8572
19106 8574
19110 8576
19114 8577
19118 8579
19122 8581
19126 8583
19130 8585
19134 8587
19138 8588
19142 8590
19146 8592
19150 8594
19154 8596
19158 8598
19162 8599
19166 8601
19170 8603
19174 8605
19178 8607
19182 8608
19186 8610
19190 8612
19194 8614
19198 8616
19202 8618
19206 8620
19210 8621
19214 8623
19218 8625
19222 8627
19226 8628
19230 8630
19234 8632
19238 8634
19242 8636
19246 8638
19250 8640
19254 8642
19258 8643
19262 8645
19266 8647
19270 8649
19274 8650
19278 8652
19282 8654
19286 8656
19290 8658
19294 8660
19298 8662
19302 8663
19306 8665
19310 8667
19314 8669
19318 8671
19322 8672
19326 8674
19330 8676
19334 8678
19338 8680
19342 8682
19346 8684
19350 8685
19354 8687
19358 8689
19362 8691
19366 8693
19370 8694
19374 8696
19378 8698
19382 8700
19386 8702
19390 8704
19394 8705
19398 8707
19402 8709
19406 8711
19410 8713
19414 8714
19418 8716
19422 8718
19426 8720
19430 8722
19434 8724
19438 8725
19442 8727
19446 8729
19450 8731
19454 8733
19458 8734
19462 8736
19466 8738
19470 8740
19474 8742
19478 8743
19482 8745
19486 8747
19490 8749
19494 8750
19498 8752
19502 8754
19506 8756
19510 8758
19514 8760
19518 8761
19522 8763
19526 8765
19530 8767
19534 8768
19538 8770
19542 8772
19546 8774
19550 8776
19554 8777
19558 8779
19562 8781
19566 8783
19570 8784
19574 8786
19578 8788
19582 8790
19586 8792
19590 8793
19594 8795
19598 8797
19602 8799
19606 8800
19610 8802
19614 8804
19618 8806
19622 8808
19626 8810
19630 8811
19634 8813
19638 8815
19642 8817
19646 8818
19650 8820
19654 8822
19658 8824
19662 8826
19666 8827
19670 8829
19674 8831
19678 8833
19682 8835
19686 8836
19690 8838
19694 8840
19698 8842
19702 8844
19706 8845
19710 8847
19714 8849
19718 8851
19722 8853
19726 8854
19730 8856
19734 8858
19738 8860
19742 8862
19746 8863
19750 8865
19754 8867
19758 8869
19762 8870
19766 8872
19770 8874
19774 8876
19778 8878
19782 8880
19786 8882
19790 8883
19794 8885
19798 8887
19802 8889
19806 8890
19810 8892
19814 8894
19818 8896
19822 8898
19826 8900
19830 8901
19834 8903
19838 8905
19842 8907
19846 8908
19850 8910
19854 8912
19858 8914
19862 8916
19866 8918
19870 8919
19874 8921
19878 8923
19882 8925
19886 8927
19890 8929
19894 8930
19898 8932
19902 8934
19906 8936
19910 8938
19914 8940
19918 8941
19922 8943
19926 8945
19930 8947
19934 8949
19938 8950
19942 8952
19946 8954
19950 8956
19954 8958
19958 8960
19962 8961
19966 8963
19970 8965
19974 8967
19978 8969
19982 8971
19986 8972
19990 8974
19994 8976
19998 8978
20002 8980
20006 8982
20010 8984
20014 8985
20018 8987
20022 8989
20026 8991
20030 8993
20034 8994
20038 8996
20042 8998
20046 9000
20050 9002
20054 9004
20058 9006
20062 9008
20066 9009
20070 9011
20074 9013
20078 9015
20082 9017
20086 9018
20090 9020
20094 9022
20098 9024
20102 9026
20106 9028
20110 9030
20114 9031
20118 9033
20122 9035
20126 9037
20130 9039
20134 9040
20138 9042
20142 9044
20146 9046
20150 9048
20154 9050
20158 9051
20162 9053
20166 9055
20170 9057
20174 9059
20178 9060
20182 9062
20186 9064
20190 9066
20194 9068
20198 9070
20202 9072
20206 9073
20210 9075
20214 9077
20218 9079
20222 9080
20226 9082
20230 9084
20234 9086
20238 9088
20242 9090
20246 9091
20250 9093
20254 9095
20258 9097
20262 9098
20266 9100
20270 9102
20274 9104
20278 9106
20282 9107
20286 9109
20290 9111
20294 9113
20298 9114
20302 9116
20306 9118
20310 9120
20314 9122
20318 9123
20322 9125
20326 9127
20330 9129
20334 9130
20338 9132
20342 9134
20346 9136
20350 9138
20354 9139
20358 9141
20362 9143
20366 9145
20370 9146
20374 9148
20378 9150
20382 9152
20386 9154
20390 9155
20394 9157
20398 9159
20402 9161
20406 9162
20410 9164
20414 9166
20418 9168
20422 9170
20426 9171
20430 9173
20434 9175
20438 9177
20442 9178
20446 9180
20450 9182
20454 9184
20458 9186
20462 9188
20466 9190
20470 9191
20474 9193
20478 9195
20482 9197
20486 9198
20490 9200
20494 9202
20498 9204
20502 9206
20506 9207
20510 9209
20514 9211
20518 9213
20522 9215
20526 9216
20530 9218
20534 9220
20538 9222
20542 9224
20546 9226
20550 9227
20554 9229
20558 9231
20562 9233
20566 9235
20570 9236
20574 9238
20578 9240
20582 9242
20586 9244
20590 9245
20594 9247
20598 9249
20602 9251
20606 9253
20610 9254
20614 9256
20618 9258
20622 9260
20626 9262
20630 9264
20634 9265
20638 9267
20642 9269
20646 9271
20650 9273
20654 9274
20658 9276
20662 9278
20666 9280
20670 9282
20674 9284
20678 9286
20682 9287
20686 9289
20690 9291
20694 9293
20698 9295
20702 9296
20706 9298
20710 9300
20714 9302
20718 9304
20722 9306
20726 9308
20730 9309
20734 9311
20738 9313
20742 9315
20746 9317
20750 9319
20754 9320
20758 9322
20762 9324
20766 9326
20770 9328
20774 9330
20778 9331
20782 9333
20786 9335
20790 9337
20794 9339
20798 9341
20802 9342
20806 9344
20810 9346
20814 9348
20818 9350
20822 9352
20826 9353
20830 9355
20834 9357
20838 9359
20842 9361
20846 9363
20850 9364
20854 9366
20858 9368
20862 9370
20866 9372
20870 9374
20874 9376
20878 9377
20882 9379
20886 9381
20890 9383
20894 9385
20898 9386
20902 9388
20906 9390
20910 9392
20914 9394
20918 9395
20922 9397
20926 9399
20930 9401
20934 9403
20938 9405
20942 9406
20946 9408
20950 9410
20954 9412
20958 9414
20962 9416
20966 9417
20970 9419
20974 9421
20978 9423
20982 9424
20986 9426
20990 9428
20994 9430
20998 9432
21002 9434
21006 9435
21010 9437
21014 9439
21018 9441
21022 9442
21026 9444
21030 9446
21034 9448
21038 9450
21042 9452
21046 9453
21050 9455
21054 9457
21058 9459
21062 9460
21066 9462
21070 9464
21074 9466
21078 9468
21082 9469
21086 9471
21090 9473
21094 9475
21098 9476
21102 9478
21106 9480
21110 9482
21114 9484
21118 9485
21122 9487
21126 9489
21130 9491
21134 9492
21138 9494
21142 9496
21146 9498
21150 9500
21154 9501
21158 9503
21162 9505
21166 9507
21170 9508
21174 9510
21178 9512
21182 9514
21186 9516
21190 9517
21194 9519
21198 9521
21202 9523
21206 9524
21210 9526
21214 9528
21218 9530
21222 9532
21226 9534
21230 9535
21234 9537
21238 9539
21242 9541
21246 9542
21250 9544
21254 9546
21258 9548
21262 9550
21266 9552
21270 9553
21274 9555
21278 9557
21282 9559
21286 9561
21290 9562
21294 9564
21298 9566
21302 9568
21306 9570
21310 9572
21314 9573
21318 9575
21322 9577
21326 9579
21330 9580
21334 9582
21338 9584
21342 9586
21346 9588
21350 9590
21354 9591
21358 9593
21362 9595
21366 9597
21370 9599
21374 9601
21378 9602
21382 9604
21386 9606
21390 9608
21394 9610
21398 9611
21402 9613
21406 9615
21410 9617
21414 9619
21418 9620
21422 9622
21426 9624
21430 9626
21434 9628
21438 9630
21442 9632
21446 9633
21450 9635
21454 9637
21458 9639
21462 9640
21466 9642
21470 9644
21474 9646
21478 9648
21482 9650
21486 9652
21490 9653
21494 9655
21498 9657
21502 9659
21506 9661
21510 9662
21514 9664
21518 9666
21522 9668
21526 9670
21530 9672
21534 9673
21538 9675
21542 9677
21546 9679
21550 9681
21554 9683
21558 9684
21562 9686
21566 9688
21570 9690
21574 9692
21578 9693
21582 9695
21586 9697
21590 9699
21594 9701
21598 9702
21602 9704
21606 9706
21610 9708
21614 9710
21618 9712
21622 9714
21626 9715
21630 9717
21634 9719
21638 9721
21642 9723
21646 9724
21650 9726
21654 9728
21658 9730
21662 9732
21666 9734
21670 9735
21674 9737
21678 9739
21682 9741
21686 9743
21690 9744
21694 9746
21698 9748
21702 9750
21706 9752
21710 9754
21714 9755
21718 9757
21722 9759
21726 9761
21730 9763
21734 9764
21738 9766
21742 9768
21746 9770
21750 9772
21754 9774
21758 9775
21762 9777
21766 9779
21770 9781
21774 9782
21778 9784
21782 9786
21786 9788
21790 9790
21794 9792
21798 9793
21802 9795
21806 9797
21810 9799
21814 9801
21818 9802
21822 9804
21826 9806
21830 9808
21834 9810
21838 9812
21842 9813
21846 9815
21850 9817
21854 9819
21858 9820
21862 9822
21866 9824
21870 9826
21874 9828
21878 9829
21882 9831
21886 9833
21890 9835
21894 9836
21898 9838
21902 9840
21906 9842
21910 9844
21914 9845
21918 9847
21922 9849
21926 9851
21930 9852
21934 9854
21938 9856
21942 9858
21946 9860
21950 9862
21954 9863
21958 9865
21962 9867
21966 9869
21970 9870
21974 9872
21978 9874
21982 9876
21986 9878
21990 9879
21994 9881
21998 9883
22002 9885
22006 9886
22010 9888
22014 9890
22018 9892
22022 9894
22026 9896
22030 9897
22034 9899
22038 9901
22042 9903
22046 9904
22050 9906
22054 9908
22058 9910
22062 9912
22066 9914
22070 9916
22074 9917
22078 9919
22082 9921
22086 9923
22090 9924
22094 9926
22098 9928
22102 9930
22106 9932
22110 9934
22114 9935
22118 9937
22122 9939
22126 9941
22130 9943
22134 9944
22138 9946
22142 9948
22146 9950
22150 9952
22154 9954
22158 9955
22162 9957
22166 9959
22170 9961
22174 9963
22178 9964
22182 9966
22186 9968
22190 9970
22194 9972
22198 9973
22202 9975
22206 9977
22210 9979
22214 9981
22218 9982
22222 9984
22226 9986
22230 9988
22234 9990
22238 9992
22242 9993
22246 9995
22250 9997
22254 9999
22258 10001
22262 10002
22266 10004
22270 10006
22274 10008
22278 10010
22282 10012
22286 10014
22290 10015
22294 10017
22298 10019
22302 10021
22306 10022
22310 10024
22314 10026
22318 10028
22322 10030
22326 10032
22330 10034
22334 10035
22338 10037
22342 10039
22346 10041
22350 10042
22354 10044
22358 10046
22362 10048
22366 10050
22370 10052
22374 10054
22378 10055
22382 10057
22386 10059
22390 10061
22394 10063
22398 10064
22402 10066
22406 10068
22410 10070
22414 10072
22418 10074
22422 10075
22426 10077
22430 10079
22434 10081
22438 10083
22442 10085
22446 10086
22450 10088
22454 10090
22458 10092
22462 10094
22466 10096
22470 10097
22474 10099
22478 10101
22482 10103
22486 10105
22490 10106
22494 10108
22498 10110
22502 10112
22506 10114
22510 10116
22514 10117
22518 10119
22522 10121
22526 10123
22530 10125
22534 10127
22538 10128
22542 10130
22546 10132
22550 10134
22554 10136
22558 10137
22562 10139
22566 10141
22570 10143
22574 10145
22578 10147
22582 10148
22586 10150
22590 10152
22594 10154
22598 10156
22602 10158
22606 10159
22610 10161
22614 10163
22618 10165
22622 10166
22626 10168
22630 10170
22634 10172
22638 10174
22642 10176
22646 10177
22650 10179
22654 10181
22658 10183
22662 10184
22666 10186
22670 10188
22674 10190
22678 10192
22682 10194
22686 10195
22690 10197
22694 10199
22698 10201
22702 10202
22706 10204
22710 10206
22714 10208
22718 10210
22722 10211
22726 10213
22730 10215
22734 10217
22738 10218
22742 10220
22746 10222
22750 10224
22754 10226
22758 10228
22762 10229
22766 10231
22770 10233
22774 10235
22778 10236
22782 10238
22786 10240
22790 10242
22794 10244
22798 10246
22802 10247
22806 10249
22810 10251
22814 10253
22818 10254
22822 10256
22826 10258
22830 10260
22834 10262
22838 10263
22842 10265
22846 10267
22850 10269
22854 10271
22858 10272
22862 10274
22866 10276
22870 10278
22874 10280
22878 10282
22882 10283
22886 10285
22890 10287
22894 10289
22898 10290
22902 10292
22906 10294
22910 10296
22914 10298
22918 10300
22922 10301
22926 10303
22930 10305
22934 10307
22938 10308
22942 10310
22946 10312
22950 10314
22954 10316
22958 10318
22962 10319
22966 10321
22970 10323
22974 10325
22978 10327
22982 10328
22986 10330
22990 10332
22994 10334
22998 10336
23002 10338
23006 10339
23010 10341
23014 10343
23018 10345
23022 10346
23026 10348
23030 10350
23034 10352
23038 10354
23042 10356
23046 10357
23050 10359
23054 10361
23058 10363
23062 10365
23066 10367
23070 10368
23074 10370
23078 10372
23082 10374
23086 10376
23090 10378
23094 10379
23098 10381
23102 10383
23106 10385
23110 10387
23114 10388
23118 10390
23122 10392
23126 10394
23130 10396
23134 10398
23138 10399
23142 10401
23146 10403
23150 10405
23154 10407
23158 10409
23162 10410
23166 10412
23170 10414
23174 10416
23178 10418
23182 10420
23186 10422
23190 10423
23194 10425
23198 10427
23202 10429
23206 10431
23210 10432
23214 10434
23218 10436
23222 10438
23226 10440
23230 10442
23234 10444
23238 10445
23242 10447
23246 10449
23250 10451
23254 10453
23258 10454
23262 10456
23266 10458
23270 10460
23274 10462
23278 10464
23282 10466
23286 10467
23290 10469
23294 10471
23298 10473
23302 10474
23306 10476
23310 10478
23314 10480
23318 10482
23322 10484
23326 10486
23330 10487
23334 10489
23338 10491
23342 10493
23346 10495
23350 10496
23354 10498
23358 10500
23362 10502
23366 10504
23370 10506
23374 10508
23378 10509
23382 10511
23386 10513
23390 10515
23394 10517
23398 10518
23402 10520
23406 10522
23410 10524
23414 10526
23418 10527
23422 10529
23426 10531
23430 10533
23434 10534
23438 10536
23442 10538
23446 10540
23450 10542
23454 10544
23458 10545
23462 10547
23466 10549
23470 10551
23474 10552
23478 10554
23482 10556
23486 10558
23490 10560
23494 10561
23498 10563
23502 10565
23506 10567
23510 10568
23514 10570
23518 10572
23522 10574
23526 10575
23530 10577
23534 10579
23538 10581
23542 10582
23546 10584
23550 10586
23554 10588
23558 10590
23562 10591
23566 10593
23570 10595
23574 10597
23578 10598
23582 10600
23586 10602
23590 10604
23594 10606
23598 10608
23602 10609
23606 10611
23610 10613
23614 10615
23618 10616
23622 10618
23626 10620
23630 10622
23634 10624
23638 10625
23642 10627
23646 10629
23650 10631
23654 10632
23658 10634
23662 10636
23666 10638
23670 10640
23674 10642
23678 10643
23682 10645
23686 10647
23690 10649
23694 10651
23698 10652
23702 10654
23706 10656
23710 10658
23714 10660
23718 10661
23722 10663
23726 10665
23730 10667
23734 10669
23738 10670
23742 10672
23746 10674
23750 10676
23754 10678
23758 10680
23762 10681
23766 10683
23770 10685
23774 10687
23778 10689
23782 10690
23786 10692
23790 10694
23794 10696
23798 10698
23802 10699
23806 10701
23810 10703
23814 10705
23818 10707
23822 10708
23826 10710
23830 10712
23834 10714
23838 10716
23842 10718
23846 10720
23850 10721
23854 10723
23858 10725
23862 10727
23866 10729
23870 10730
23874 10732
23878 10734
23882 10736
23886 10738
23890 10740
23894 10742
23898 10743
23902 10745
23906 10747
23910 10749
23914 10751
23918 10752
23922 10754
23926 10756
23930 10758
23934 10760
23938 10762
23942 10764
23946 10765
23950 10767
23954 10769
23958 10771
23962 10773
23966 10774
23970 10776
23974 10778
23978 10780
23982 10782
23986 10784
23990 10786
23994 10787
23998 10789
24002 10791
24006 10793
24010 10795
24014 10796
24018 10798
24022 10800
24026 10802
24030 10804
24034 10806
24038 10808
24042 10809
24046 10811
24050 10813
24054 10815
24058 10817
24062 10819
24066 10820
24070 10822
24074 10824
24078 10826
24082 10828
24086 10830
24090 10831
24094 10833
24098 10835
24102 10837
24106 10839
24110 10840
24114 10842
24118 10844
24122 10846
24126 10848
24130 10850
24134 10851
24138 10853
24142 10855
24146 10857
24150 10859
24154 10860
24158 10862
24162 10864
24166 10866
24170 10868
24174 10870
24178 10871
24182 10873
24186 10875
24190 10877
24194 10878
24198 10880
24202 10882
24206 10884
24210 10886
24214 10888
24218 10889
24222 10891
24226 10893
24230 10895
24234 10896
24238 10898
24242 10900
24246 10902
24250 10904
24254 10905
24258 10907
24262 10909
24266 10911
24270 10912
24274 10914
24278 10916
24282 10918
24286 10920
24290 10922
24294 10923
24298 10925
24302 10927
24306 10928
24310 10930
24314 10932
24318 10934
24322 10936
24326 10937
24330 10939
24334 10941
24338 10943
24342 10945
24346 10946
24350 10948
24354 10950
24358 10952
24362 10953
24366 10955
24370 10957
24374 10959
24378 10961
24382 10962
24386 10964
24390 10966
24394 10968
24398 10970
24402 10971
24406 10973
24410 10975
24414 10977
24418 10979
24422 10980
24426 10982
24430 10984
24434 10986
24438 10988
24442 10990
24446 10991
24450 10993
24454 10995
24458 10997
24462 10998
24466 11000
24470 11002
24474 11004
24478 11006
24482 11008
24486 11009
24490 11011
24494 11013
24498 11015
24502 11017
24506 11019
24510 11020
24514 11022
24518 11024
24522 11026
24526 11028
24530 11029
24534 11031
24538 11033
24542 11035
24546 11037
24550 11039
24554 11040
24558 11042
24562 11044
24566 11046
24570 11048
24574 11050
24578 11051
24582 11053
24586 11055
24590 11057
24594 11058
24598 11060
24602 11062
24606 11064
24610 11066
24614 11068
24618 11070
24622 11071
24626 11073
24630 11075
24634 11077
24638 11079
24642 11080
24646 11082
24650 11084
24654 11086
24658 11088
24662 11090
24666 11092
24670 11093
24674 11095
24678 11097
24682 11099
24686 11101
24690 11102
24694 11104
24698 11106
24702 11108
24706 11110
24710 11112
24714 11114
24718 11115
24722 11117
24726 11119
24730 11121
24734 11123
24738 11124
24742 11126
24746 11128
24750 11130
24754 11132
24758 11134
24762 11135
24766 11137
24770 11139
24774 11141
24778 11143
24782 11144
24786 11146
24790 11148
24794 11150
24798 11152
24802 11154
24806 11156
24810 11157
24814 11159
24818 11161
24822 11163
24826 11165
24830 11167
24834 11168
24838 11170
24842 11172
24846 11174
24850 11176
24854 11178
24858 11179
24862 11181
24866 11183
24870 11185
24874 11187
24878 11188
24882 11190
24886 11192
24890 11194
24894 11196
24898 11198
24902 11199
24906 11201
24910 11203
24914 11205
24918 11207
24922 11208
24926 11210
24930 11212
24934 11214
24938 11216
24942 11218
24946 11219
24950 11221
24954 11223
24958 11225
24962 11226
24966 11228
24970 11230
24974 11232
24978 11234
24982 11236
24986 11237
24990 11239
24994 11241
24998 11243
25002 11244
25006 11246
25010 11248
25014 11250
25018 11252
25022 11254
25026 11255
25030 11257
25034 11259
25038 11261
25042 11262
25046 11264
25050 11266
25054 11268
25058 11270
25062 11271
25066 11273
25070 11275
25074 11277
25078 11278
25082 11280
25086 11282
25090 11284
25094 11286
25098 11287
25102 11289
25106 11291
25110 11293
25114 11294
25118 11296
25122 11298
25126 11300
25130 11302
25134 11303
25138 11305
25142 11307
25146 11309
25150 11310
25154 11312
25158 11314
25162 11316
25166 11318
25170 11319
25174 11321
25178 11323
25182 11325
25186 11327
25190 11328
25194 11330
25198 11332
25202 11334
25206 11336
25210 11337
25214 11339
25218 11341
25222 11343
25226 11345
25230 11346
25234 11348
25238 11350
25242 11352
25246 11354
25250 11356
25254 11357
25258 11359
25262 11361
25266 11363
25270 11364
25274 11366
25278 11368
25282 11370
25286 11372
25290 11374
25294 11376
25298 11377
25302 11379
25306 11381
25310 11383
25314 11384
25318 11386
25322 11388
25326 11390
25330 11392
25334 11394
25338 11395
25342 11397
25346 11399
25350 11401
25354 11403
25358 11404
25362 11406
25366 11408
25370 11410
25374 11412
25378 11414
25382 11415
25386 11417
25390 11419
25394 11421
25398 11423
25402 11424
25406 11426
25410 11428
25414 11430
25418 11432
25422 11433
25426 11435
25430 11437
25434 11439
25438 11441
25442 11442
25446 11444
25450 11446
25454 11448
25458 11450
25462 11452
25466 11454
25470 11455
25474 11457
25478 11459
25482 11461
25486 11463
25490 11464
25494 11466
25498 11468
25502 11470
25506 11472
25510 11474
25514 11475
25518 11477
25522 11479
25526 11481
25530 11483
25534 11484
25538 11486
25542 11488
25546 11490
25550 11492
25554 11494
25558 11495
25562 11497
25566 11499
25570 11501
25574 11503
25578 11505
25582 11506
25586 11508
25590 11510
25594 11512
25598 11514
25602 11516
25606 11517
25610 11519
25614 11521
25618 11523
25622 11525
25626 11526
25630 11528
25634 11530
25638 11532
25642 11534
25646 11536
25650 11538
25654 11539
25658 11541
25662 11543
25666 11545
25670 11547
25674 11548
25678 11550
25682 11552
25686 11554
25690 11556
25694 11558
25698 11559
25702 11561
25706 11563
25710 11565
25714 11567
25718 11568
25722 11570
25726 11572
25730 11574
25734 11576
25738 11578
25742 11579
25746 11581
25750 11583
25754 11585
25758 11587
25762 11589
25766 11590
25770 11592
25774 11594
25778 11596
25782 11598
25786 11600
25790 11601
25794 11603
25798 11605
25802 11607
25806 11608
25810 11610
25814 11612
25818 11614
25822 11616
25826 11618
25830 11619
25834 11621
25838 11623
25842 11625
25846 11626
25850 11628
25854 11630
25858 11632
25862 11634
25866 11636
25870 11637
25874 11639
25878 11641
25882 11643
25886 11644
25890 11646
25894 11648
25898 11650
25902 11652
25906 11653
25910 11655
25914 11657
25918 11659
25922 11660
25926 11662
25930 11664
25934 11666
25938 11668
25942 11670
25946 11671
25950 11673
25954 11675
25958 11677
25962 11679
25966 11680
25970 11682
25974 11684
25978 11686
25982 11688
25986 11689
25990 11691
25994 11693
25998 11695
26002 11696
26006 11698
26010 11700
26014 11702
26018 11704
26022 11706
26026 11707
26030 11709
26034 11711
26038 11713
26042 11715
26046 11716
26050 11718
26054 11720
26058 11722
26062 11724
26066 11726
26070 11727
26074 11729
26078 11731
26082 11733
26086 11734
26090 11736
26094 11738
26098 11740
26102 11742
26106 11744
26110 11745
26114 11747
26118 11749
26122 11751
26126 11753
26130 11754
26134 11756
26138 11758
26142 11760
26146 11762
26150 11764
26154 11765
26158 11767
26162 11769
26166 11771
26170 11772
26174 11774
26178 11776
26182 11778
26186 11780
26190 11782
26194 11783
26198 11785
26202 11787
26206 11789
26210 11791
26214 11792
26218 11794
26222 11796
26226 11798
26230 11800
26234 11802
26238 11803
26242 11805
26246 11807
26250 11809
26254 11811
26258 11812
26262 11814
26266 11816
26270 11818
26274 11820
26278 11822
26282 11823
26286 11825
26290 11827
26294 11829
26298 11831
26302 11832
26306 11834
26310 11836
26314 11838
26318 11840
26322 11842
26326 11844
26330 11845
26334 11847
26338 11849
26342 11851
26346 11853
26350 11854
26354 11856
26358 11858
26362 11860
26366 11862
26370 11864
26374 11866
26378 11867
26382 11869
26386 11871
26390 11873
26394 11875
26398 11876
26402 11878
26406 11880
26410 11882
26414 11884
26418 11886
26422 11888
26426 11889
26430 11891
26434 11893
26438 11895
26442 11897
26446 11898
26450 11900
26454 11902
26458 11904
26462 11906
26466 11908
26470 11910
26474 11911
26478 11913
26482 11915
26486 11917
26490 11919
26494 11920
26498 11922
26502 11924
26506 11926
26510 11928
26514 11930
26518 11932
26522 11933
26526 11935
26530 11937
26534 11939
26538 11941
26542 11942
26546 11944
26550 11946
26554 11948
26558 11950
26562 11952
26566 11953
26570 11955
26574 11957
26578 11959
26582 11961
26586 11962
26590 11964
26594 11966
26598 11968
26602 11970
26606 11972
26610 11973
26614 11975
26618 11977
26622 11979
26626 11980
26630 11982
26634 11984
26638 11986
26642 11988
26646 11989
26650 11991
26654 11993
26658 11995
26662 11996
26666 11998
26670 12000
26674 12002
26678 12004
26682 12005
26686 12007
26690 12009
26694 12011
26698 12012
26702 12014
26706 12016
26710 12018
26714 12019
26718 12021
26722 12023
26726 12025
26730 12027
26734 12028
26738 12030
26742 12032
26746 12034
26750 12035
26754 12037
26758 12039
26762 12041
26766 12042
26770 12044
26774 12046
26778 12048
26782 12050
26786 12052
26790 12053
26794 12055
26798 12057
26802 12059
26806 12060
26810 12062
26814 12064
26818 12066
26822 12068
26826 12070
26830 12071
26834 12073
26838 12075
26842 12077
26846 12078
26850 12080
26854 12082
26858 12084
26862 12086
26866 12087
26870 12089
26874 12091
26878 12093
26882 12095
26886 12096
26890 12098
26894 12100
26898 12102
26902 12104
26906 12106
26910 12107
26914 12109
26918 12111
26922 12113
26926 12115
26930 12116
26934 12118
26938 12120
26942 12122
26946 12124
26950 12125
26954 12127
26958 12129
26962 12131
26966 12133
26970 12134
26974 12136
26978 12138
26982 12140
26986 12142
26990 12144
26994 12145
26998 12147
27002 12149
27006 12151
27010 12153
27014 12154
27018 12156
27022 12158
27026 12160
27030 12162
27034 12164
27038 12166
27042 12167
27046 12169
27050 12171
27054 12173
27058 12175
27062 12176
27066 12178
27070 12180
27074 12182
27078 12184
27082 12186
27086 12188
27090 12189
27094 12191
27098 12193
27102 12195
27106 12197
27110 12198
27114 12200
27118 12202
27122 12204
27126 12206
27130 12208
27134 12210
27138 12211
27142 12213
27146 12215
27150 12217
27154 12219
27158 12221
27162 12222
27166 12224
27170 12226
27174 12228
27178 12230
27182 12232
27186 12233
27190 12235
27194 12237
27198 12239
27202 12241
27206 12243
27210 12244
27214 12246
27218 12248
27222 12250
27226 12252
27230 12254
27234 12255
27238 12257
27242 12259
27246 12261
27250 12263
27254 12265
27258 12266
27262 12268
27266 12270
27270 12272
27274 12274
27278 12276
27282 12277
27286 12279
27290 12281
27294 12283
27298 12285
27302 12286
27306 12288
27310 12290
27314 12292
27318 12294
27322 12296
27326 12297
27330 12299
27334 12301
27338 12303
27342 12305
27346 12306
27350 12308
27354 12310
27358 12312
27362 12314
27366 12316
27370 12317
27374 12319
27378 12321
27382 12323
27386 12324
27390 12326
27394 12328
27398 12330
27402 12332
27406 12334
27410 12335
27414 12337
27418 12339
27422 12341
27426 12342
27430 12344
27434 12346
27438 12348
27442 12350
27446 12351
27450 12353
27454 12355
27458 12357
27462 12358
27466 12360
27470 12362
27474 12364
27478 12366
27482 12367
27486 12369
27490 12371
27494 12373
27498 12374
27502 12376
27506 12378
27510 12380
27514 12382
27518 12383
27522 12385
27526 12387
27530 12389
27534 12390
27538 12392
27542 12394
27546 12396
27550 12398
27554 12399
27558 12401
27562 12403
27566 12405
27570 12407
27574 12408
27578 12410
27582 12412
27586 12414
27590 12416
27594 12417
27598 12419
27602 12421
27606 12423
27610 12424
27614 12426
27618 12428
27622 12430
27626 12432
27630 12434
27634 12435
27638 12437
27642 12439
27646 12441
27650 12443
27654 12444
27658 12446
27662 12448
27666 12450
27670 12452
27674 12454
27678 12455
27682 12457
27686 12459
27690 12461
27694 12463
27698 12464
27702 12466
27706 12468
27710 12470
27714 12472
27718 12474
27722 12475
27726 12477
27730 12479
27734 12481
27738 12483
27742 12484
27746 12486
27750 12488
27754 12490
27758 12492
27762 12494
27766 12495
27770 12497
27774 12499
27778 12501
27782 12503
27786 12504
27790 12506
27794 12508
27798 12510
27802 12512
27806 12514
27810 12515
27814 12517
27818 12519
27822 12521
27826 12523
27830 12525
27834 12526
27838 12528
27842 12530
27846 12532
27850 12534
27854 12536
27858 12537
27862 12539
27866 12541
27870 12543
27874 12545
27878 12546
27882 12548
27886 12550
27890 12552
27894 12554
27898 12556
27902 12558
27906 12559
27910 12561
27914 12563
27918 12565
27922 12567
27926 12568
27930 12570
27934 12572
27938 12574
27942 12576
27946 12578
27950 12580
27954 12581
27958 12583
27962 12585
27966 12587
27970 12589
27974 12590
27978 12592
27982 12594
27986 12596
27990 12598
27994 12600
27998 12602
28002 12603
28006 12605
28010 12607
28014 12609
28018 12611
28022 12612
28026 12614
28030 12616
28034 12618
28038 12620
28042 12622
28046 12623
28050 12625
28054 12627
28058 12629
28062 12631
28066 12632
28070 12634
28074 12636
28078 12638
28082 12640
28086 12642
28090 12643
28094 12645
28098 12647
28102 12649
28106 12651
28110 12652
28114 12654
28118 12656
28122 12658
28126 12660
28130 12662
28134 12663
28138 12665
28142 12667
28146 12669
28150 12670
28154 12672
28158 12674
28162 12676
28166 12678
28170 12680
28174 12681
28178 12683
28182 12685
28186 12687
28190 12688
28194 12690
28198 12692
28202 12694
28206 12696
28210 12698
28214 12699
28218 12701
28222 12703
28226 12705
28230 12706
28234 12708
28238 12710
28242 12712
28246 12714
28250 12715
28254 12717
28258 12719
28262 12721
28266 12722
28270 12724
28274 12726
28278 12728
28282 12730
28286 12731
28290 12733
28294 12735
28298 12737
28302 12738
28306 12740
28310 12742
28314 12744
28318 12746
28322 12747
28326 12749
28330 12751
28334 12753
28338 12754
28342 12756
28346 12758
28350 12760
28354 12762
28358 12764
28362 12765
28366 12767
28370 12769
28374 12771
28378 12773
28382 12774
28386 12776
28390 12778
28394 12780
28398 12782
28402 12783
28406 12785
28410 12787
28414 12789
28418 12791
28422 12792
28426 12794
28430 12796
28434 12798
28438 12800
28442 12802
28446 12803
28450 12805
28454 12807
28458 12809
28462 12811
28466 12812
28470 12814
28474 12816
28478 12818
28482 12820
28486 12822
28490 12823
28494 12825
28498 12827
28502 12829
28506 12830
28510 12832
28514 12834
28518 12836
28522 12838
28526 12840
28530 12841
28534 12843
28538 12845
28542 12847
28546 12849
28550 12850
28554 12852
28558 12854
28562 12856
28566 12858
28570 12860
28574 12861
28578 12863
28582 12865
28586 12867
28590 12869
28594 12870
28598 12872
28602 12874
28606 12876
28610 12878
28614 12880
28618 12881
28622 12883
28626 12885
28630 12887
28634 12889
28638 12890
28642 12892
28646 12894
28650 12896
28654 12898
28658 12900
28662 12901
28666 12903
28670 12905
28674 12907
28678 12909
28682 12910
28686 12912
28690 12914
28694 12916
28698 12918
28702 12920
28706 12921
28710 12923
28714 12925
28718 12927
28722 12929
28726 12930
28730 12932
28734 12934
28738 12936
28742 12938
28746 12940
28750 12942
28754 12943
28758 12945
28762 12947
28766 12949
28770 12950
28774 12952
28778 12954
28782 12956
28786 12958
28790 12960
28794 12962
28798 12963
28802 12965
28806 12967
28810 12969
28814 12971
28818 12972
28822 12974
28826 12976
28830 12978
28834 12980
28838 12982
28842 12984
28846 12985
28850 12987
28854 12989
28858 12991
28862 12992
28866 12994
28870 12996
28874 12998
28878 13000
28882 13002
28886 13004
28890 13005
28894 13007
28898 13009
28902 13011
28906 13013
28910 13014
28914 13016
28918 13018
28922 13020
28926 13022
28930 13024
28934 13025
28938 13027
28942 13029
28946 13031
28950 13033
28954 13034
28958 13036
28962 13038
28966 13040
28970 13042
28974 13044
28978 13045
28982 13047
28986 13049
28990 13051
28994 13052
28998 13054
29002 13056
29006 13058
29010 13060
29014 13062
29018 13063
29022 13065
29026 13067
29030 13069
29034 13070
29038 13072
29042 13074
29046 13076
29050 13078
29054 13080
29058 13081
29062 13083
29066 13085
29070 13087
29074 13088
29078 13090
29082 13092
29086 13094
29090 13096
29094 13097
29098 13099
29102 13101
29106 13103
29110 13104
29114 13106
29118 13108
29122 13110
29126 13112
29130 13113
29134 13115
29138 13117
29142 13119
29146 13121
29150 13122
29154 13124
29158 13126
29162 13128
29166 13130
29170 13131
29174 13133
29178 13135
29182 13137
29186 13139
29190 13140
29194 13142
29198 13144
29202 13146
29206 13148
29210 13150
29214 13151
29218 13153
29222 13155
29226 13157
29230 13158
29234 13160
29238 13162
29242 13164
29246 13166
29250 13168
29254 13169
29258 13171
29262 13173
29266 13175
29270 13177
29274 13178
29278 13180
29282 13182
29286 13184
29290 13186
29294 13187
29298 13189
29302 13191
29306 13193
29310 13195
29314 13196
29318 13198
29322 13200
29326 13202
29330 13204
29334 13206
29338 13207
29342 13209
29346 13211
29350 13213
29354 13214
29358 13216
29362 13218
29366 13220
29370 13222
29374 13224
29378 13225
29382 13227
29386 13229
29390 13231
29394 13233
29398 13234
29402 13236
29406 13238
29410 13240
29414 13242
29418 13244
29422 13245
29426 13247
29430 13249
29434 13251
29438 13253
29442 13254
29446 13256
29450 13258
29454 13260
29458 13262
29462 13264
29466 13265
29470 13267
29474 13269
29478 13271
29482 13273
29486 13274
29490 13276
29494 13278
29498 13280
29502 13282
29506 13284
29510 13286
29514 13287
29518 13289
29522 13291
29526 13293
29530 13295
29534 13297
29538 13298
29542 13300
29546 13302
29550 13304
29554 13306
29558 13308
29562 13309
29566 13311
29570 13313
29574 13315
29578 13317
29582 13319
29586 13320
29590 13322
29594 13324
29598 13326
29602 13328
29606 13330
29610 13331
29614 13333
29618 13335
29622 13337
29626 13339
29630 13341
29634 13342
29638 13344
29642 13346
29646 13348
29650 13350
29654 13352
29658 13353
29662 13355
29666 13357
29670 13359
29674 13361
29678 13362
29682 13364
29686 13366
29690 13368
29694 13370
29698 13372
29702 13374
29706 13375
29710 13377
29714 13379
29718 13381
29722 13383
29726 13384
29730 13386
29734 13388
29738 13390
29742 13392
29746 13394
29750 13395
29754 13397
29758 13399
29762 13401
29766 13403
29770 13404
29774 13406
29778 13408
29782 13410
29786 13412
29790 13414
29794 13415
29798 13417
29802 13419
29806 13421
29810 13422
29814 13424
29818 13426
29822 13428
29826 13430
29830 13431
29834 13433
29838 13435
29842 13437
29846 13438
29850 13440
29854 13442
29858 13444
29862 13446
29866 13447
29870 13449
29874 13451
29878 13453
29882 13454
29886 13456
29890 13458
29894 13460
29898 13462
29902 13464
29906 13465
29910 13467
29914 13469
29918 13471
29922 13472
29926 13474
29930 13476
29934 13478
29938 13480
29942 13481
29946 13483
29950 13485
29954 13487
29958 13488
29962 13490
29966 13492
29970 13494
29974 13496
29978 13497
29982 13499
29986 13501
29990 13503
29994 13504
29998 13506
