10 0
14 0
18 0
22 0
26 0
30 1
34 1
38 1
42 2
46 2
50 2
54 3
58 3
62 4
66 4
70 4
74 5
78 6
82 6
86 7
90 7
94 8
98 8
102 9
106 10
110 10
114 11
118 12
122 12
126 13
130 14
134 14
138 15
142 16
146 16
150 17
154 18
158 18
162 19
166 20
170 21
174 21
178 22
182 23
186 23
190 24
194 25
198 26
202 26
206 27
210 28
214 28
218 29
222 30
226 30
230 31
234 32
238 33
242 33
246 34
250 35
254 36
258 36
262 37
266 38
270 38
274 39
278 40
282 41
286 41
290 42
294 43
298 44
302 44
306 45
310 46
314 46
318 47
322 48
326 49
330 49
334 50
338 51
342 52
346 52
350 53
354 54
358 54
362 55
366 56
370 57
374 57
378 58
382 59
386 60
390 60
394 61
398 62
402 62
406 63
410 64
414 65
418 65
422 66
426 67
430 68
434 68
438 69
442 70
446 70
450 71
454 72
458 73
462 73
466 74
470 75
474 75
478 76
482 77
486 78
490 78
494 79
498 80
502 81
506 81
510 82
514 83
518 84
522 84
526 85
530 86
534 86
538 87
542 88
546 89
550 89
554 90
558 91
562 92
566 92
570 93
574 94
578 94
582 95
586 96
590 97
594 97
598 98
602 99
606 100
610 100
614 101
618 102
622 102
626 103
630 104
634 105
638 105
642 106
646 107
650 108
654 108
658 109
662 110
666 111
670 111
674 112
678 113
682 114
686 114
690 115
694 116
698 116
702 117
706 118
710 119
714 119
718 120
722 121
726 122
730 122
734 123
738 124
742 125
746 125
750 126
754 127
758 128
762 128
766 129
770 130
774 130
778 131
782 132
786 133
790 134
794 134
798 135
802 136
806 136
810 137
814 138
818 139
822 140
826 140
830 141
834 142
838 142
842 143
846 144
850 145
854 145
858 146
862 147
866 148
870 148
874 149
878 150
882 150
886 151
890 152
894 153
898 154
902 154
906 155
910 156
914 156
918 157
922 158
926 159
930 160
934 160
938 161
942 162
946 162
950 163
954 164
958 165
962 165
966 166
970 167
974 168
978 168
982 169
986 170
990 171
994 171
998 172
1002 173
1006 174
1010 174
1014 175
1018 176
1022 176
1026 177
1030 178
1034 179
1038 179
1042 180
1046 181
1050 182
1054 182
1058 183
1062 184
1066 185
1070 185
1074 186
1078 187
1082 188
1086 188
1090 189
1094 190
1098 190
1102 191
1106 192
1110 193
1114 193
1118 194
1122 195
1126 196
1130 196
1134 197
1138 198
1142 199
1146 199
1150 200
1154 201
1158 202
1162 202
1166 203
1170 204
1174 204
1178 205
1182 206
1186 207
1190 208
1194 208
1198 209
1202 210
1206 210
1210 211
1214 212
1218 212
1222 213
1226 214
1230 215
1234 215
1238 216
1242 217
1246 218
1250 218
1254 219
1258 220
1262 220
1266 221
1270 222
1274 223
1278 223
1282 224
1286 225
1290 226
1294 226
1298 227
1302 228
1306 229
1310 229
1314 230
1318 231
1322 232
1326 232
1330 233
1334 234
1338 234
1342 235
1346 236
1350 237
1354 237
1358 238
1362 239
1366 240
1370 240
1374 241
1378 242
1382 242
1386 243
1390 244
1394 245
1398 246
1402 246
1406 247
1410 248
1414 248
1418 249
1422 250
1426 251
1430 251
1434 252
1438 253
1442 254
1446 254
1450 255
1454 256
1458 256
1462 257
1466 258
1470 259
1474 259
1478 260
1482 261
1486 262
1490 262
1494 263
1498 264
1502 264
1506 265
1510 266
1514 266
1518 267
1522 268
1526 269
1530 269
1534 270
1538 271
1542 272
1546 272
1550 273
1554 274
1558 274
1562 275
1566 276
1570 277
1574 277
1578 278
1582 279
1586 280
1590 280
1594 281
1598 282
1602 282
1606 283
1610 284
1614 285
1618 285
1622 286
1626 287
1630 288
1634 288
1638 289
1642 290
1646 290
1650 291
1654 292
1658 292
1662 293
1666 294
1670 295
1674 295
1678 296
1682 297
1686 298
1690 298
1694 299
1698 300
1702 300
1706 301
1710 302
1714 303
1718 303
1722 304
1726 305
1730 306
1734 306
1738 307
1742 308
1746 308
1750 309
1754 310
1758 310
1762 311
1766 312
1770 312
1774 313
1778 314
1782 315
1786 315
1790 316
1794 317
1798 318
1802 318
1806 319
1810 320
1814 320
1818 321
1822 322
1826 322
1830 323
1834 324
1838 325
1842 325
1846 326
1850 327
1854 328
1858 328
1862 329
1866 330
1870 330
1874 331
1878 332
1882 333
1886 333
1890 334
1894 335
1898 335
1902 336
1906 337
1910 338
1914 338
1918 339
1922 340
1926 340
1930 341
1934 342
1938 343
1942 343
1946 344
1950 345
1954 345
1958 346
1962 347
1966 348
1970 348
1974 349
1978 350
1982 350
1986 351
1990 352
1994 353
1998 353
2002 354
2006 355
2010 356
2014 356
2018 357
2022 358
2026 358
2030 359
2034 360
2038 361
2042 361
2046 362
2050 363
2054 364
2058 364
2062 365
2066 366
2070 366
2074 367
2078 368
2082 369
2086 369
2090 370
2094 371
2098 372
2102 372
2106 373
2110 374
2114 375
2118 375
2122 376
2126 377
2130 378
2134 378
2138 379
2142 380
2146 380
2150 381
2154 382
2158 383
2162 383
2166 384
2170 385
2174 386
2178 386
2182 387
2186 388
2190 388
2194 389
2198 390
2202 391
2206 391
2210 392
2214 393
2218 394
2222 394
2226 395
2230 396
2234 396
2238 397
2242 398
2246 399
2250 399
2254 400
2258 401
2262 402
2266 402
2270 403
2274 404
2278 404
2282 405
2286 406
2290 407
2294 407
2298 408
2302 409
2306 410
2310 410
2314 411
2318 412
2322 412
2326 413
2330 414
2334 415
2338 415
2342 416
2346 417
2350 418
2354 418
2358 419
2362 420
2366 420
2370 421
2374 422
2378 423
2382 423
2386 424
2390 425
2394 426
2398 426
2402 427
2406 428
2410 428
2414 429
2418 430
2422 431
2426 432
2430 432
2434 433
2438 434
2442 434
2446 435
2450 436
2454 436
2458 437
2462 438
2466 439
2470 439
2474 440
2478 441
2482 442
2486 442
2490 443
2494 444
2498 444
2502 445
2506 446
2510 447
2514 447
2518 448
2522 449
2526 450
2530 450
2534 451
2538 452
2542 452
2546 453
2550 454
2554 455
2558 455
2562 456
2566 457
2570 458
2574 458
2578 459
2582 460
2586 460
2590 461
2594 462
2598 463
2602 464
2606 464
2610 465
2614 466
2618 466
2622 467
2626 468
2630 469
2634 469
2638 470
2642 471
2646 472
2650 472
2654 473
2658 474
2662 475
2666 475
2670 476
2674 477
2678 478
2682 478
2686 479
2690 480
2694 480
2698 481
2702 482
2706 483
2710 483
2714 484
2718 485
2722 486
2726 486
2730 487
2734 488
2738 489
2742 489
2746 490
2750 491
2754 492
2758 492
2762 493
2766 494
2770 495
2774 495
2778 496
2782 497
2786 498
2790 498
2794 499
2798 500
2802 500
2806 501
2810 502
2814 503
2818 504
2822 504
2826 505
2830 506
2834 506
2838 507
2842 508
2846 509
2850 509
2854 510
2858 511
2862 512
2866 512
2870 513
2874 514
2878 515
2882 515
2886 516
2890 517
2894 518
2898 518
2902 519
2906 520
2910 521
2914 521
2918 522
2922 523
2926 524
2930 524
2934 525
2938 526
2942 526
2946 527
2950 528
2954 529
2958 530
2962 530
2966 531
2970 532
2974 532
2978 533
2982 534
2986 535
2990 535
2994 536
2998 537
3002 538
3006 538
3010 539
3014 540
3018 540
3022 541
3026 542
3030 543
3034 544
3038 544
3042 545
3046 546
3050 546
3054 547
3058 548
3062 549
3066 549
3070 550
3074 551
3078 552
3082 552
3086 553
3090 554
3094 554
3098 555
3102 556
3106 557
3110 558
3114 558
3118 559
3122 560
3126 560
3130 561
3134 562
3138 563
3142 563
3146 564
3150 565
3154 566
3158 566
3162 567
3166 568
3170 569
3174 569
3178 570
3182 571
3186 572
3190 572
3194 573
3198 574
3202 574
3206 575
3210 576
3214 576
3218 577
3222 578
3226 579
3230 579
3234 580
3238 581
3242 582
3246 582
3250 583
3254 584
3258 584
3262 585
3266 586
3270 587
3274 588
3278 588
3282 589
3286 590
3290 590
3294 591
3298 592
3302 593
3306 593
3310 594
3314 595
3318 596
3322 596
3326 597
3330 598
3334 599
3338 599
3342 600
3346 601
3350 602
3354 602
3358 603
3362 604
3366 604
3370 605
3374 606
3378 607
3382 607
3386 608
3390 609
3394 610
3398 610
3402 611
3406 612
3410 612
3414 613
3418 614
3422 615
3426 615
3430 616
3434 617
3438 618
3442 618
3446 619
3450 620
3454 620
3458 621
3462 622
3466 623
3470 623
3474 624
3478 625
3482 626
3486 626
3490 627
3494 628
3498 628
3502 629
3506 630
3510 631
3514 631
3518 632
3522 633
3526 634
3530 634
3534 635
3538 636
3542 636
3546 637
3550 638
3554 638
3558 639
3562 640
3566 641
3570 642
3574 642
3578 643
3582 644
3586 644
3590 645
3594 646
3598 646
3602 647
3606 648
3610 649
3614 649
3618 650
3622 651
3626 652
3630 652
3634 653
3638 654
3642 654
3646 655
3650 656
3654 657
3658 657
3662 658
3666 659
3670 660
3674 660
3678 661
3682 662
3686 662
3690 663
3694 664
3698 665
3702 665
3706 666
3710 667
3714 667
3718 668
3722 669
3726 670
3730 670
3734 671
3738 672
3742 672
3746 673
3750 674
3754 674
3758 675
3762 676
3766 677
3770 677
3774 678
3778 679
3782 680
3786 680
3790 681
3794 682
3798 682
3802 683
3806 684
3810 684
3814 685
3818 686
3822 687
3826 687
3830 688
3834 689
3838 690
3842 690
3846 691
3850 692
3854 692
3858 693
3862 694
3866 695
3870 695
3874 696
3878 697
3882 697
3886 698
3890 699
3894 700
3898 700
3902 701
3906 702
3910 702
3914 703
3918 704
3922 705
3926 705
3930 706
3934 707
3938 708
3942 708
3946 709
3950 710
3954 710
3958 711
3962 712
3966 713
3970 713
3974 714
3978 715
3982 716
3986 716
3990 717
3994 718
3998 718
4002 719
4006 720
4010 721
4014 721
4018 722
4022 723
4026 724
4030 724
4034 725
4038 726
4042 726
4046 727
4050 728
4054 729
4058 729
4062 730
4066 731
4070 732
4074 732
4078 733
4082 734
4086 735
4090 735
4094 736
4098 737
4102 738
4106 738
4110 739
4114 740
4118 740
4122 741
4126 742
4130 743
4134 743
4138 744
4142 745
4146 746
4150 746
4154 747
4158 748
4162 748
4166 749
4170 750
4174 751
4178 751
4182 752
4186 753
4190 754
4194 754
4198 755
4202 756
4206 756
4210 757
4214 758
4218 759
4222 760
4226 760
4230 761
4234 762
4238 762
4242 763
4246 764
4250 764
4254 765
4258 766
4262 767
4266 767
4270 768
4274 769
4278 770
4282 770
4286 771
4290 772
4294 772
4298 773
4302 774
4306 775
4310 775
4314 776
4318 777
4322 778
4326 778
4330 779
4334 780
4338 780
4342 781
4346 782
4350 783
4354 784
4358 784
4362 785
4366 786
4370 786
4374 787
4378 788
4382 788
4386 789
4390 790
4394 791
4398 792
4402 792
4406 793
4410 794
4414 794
4418 795
4422 796
4426 796
4430 797
4434 798
4438 799
4442 799
4446 800
4450 801
4454 802
4458 802
4462 803
4466 804
4470 804
4474 805
4478 806
4482 807
4486 808
4490 808
4494 809
4498 810
4502 810
4506 811
4510 812
4514 813
4518 813
4522 814
4526 815
4530 816
4534 816
4538 817
4542 818
4546 818
4550 819
4554 820
4558 821
4562 821
4566 822
4570 823
4574 824
4578 824
4582 825
4586 826
4590 826
4594 827
4598 828
4602 829
4606 830
4610 830
4614 831
4618 832
4622 832
4626 833
4630 834
4634 835
4638 836
4642 836
4646 837
4650 838
4654 838
4658 839
4662 840
4666 841
4670 841
4674 842
4678 843
4682 844
4686 844
4690 845
4694 846
4698 847
4702 847
4706 848
4710 849
4714 850
4718 850
4722 851
4726 852
4730 853
4734 853
4738 854
4742 855
4746 856
4750 856
4754 857
4758 858
4762 858
4766 859
4770 860
4774 861
4778 861
4782 862
4786 863
4790 864
4794 864
4798 865
4802 866
4806 867
4810 867
4814 868
4818 869
4822 870
4826 870
4830 871
4834 872
4838 872
4842 873
4846 874
4850 875
4854 876
4858 876
4862 877
4866 878
4870 878
4874 879
4878 880
4882 881
4886 882
4890 882
4894 883
4898 884
4902 884
4906 885
4910 886
4914 887
4918 887
4922 888
4926 889
4930 890
4934 890
4938 891
4942 892
4946 892
4950 893
4954 894
4958 895
4962 896
4966 896
4970 897
4974 898
4978 898
4982 899
4986 900
4990 901
4994 901
4998 902
5002 903
5006 904
5010 904
5014 905
5018 906
5022 907
5026 907
5030 908
5034 909
5038 910
5042 910
5046 911
5050 912
5054 912
5058 913
5062 914
5066 915
5070 915
5074 916
5078 917
5082 918
5086 918
5090 919
5094 920
5098 920
5102 921
5106 922
5110 923
5114 923
5118 924
5122 925
5126 926
5130 926
5134 927
5138 928
5142 929
5146 929
5150 930
5154 931
5158 932
5162 932
5166 933
5170 934
5174 934
5178 935
5182 936
5186 937
5190 937
5194 938
5198 939
5202 940
5206 940
5210 941
5214 942
5218 943
5222 943
5226 944
5230 945
5234 946
5238 946
5242 947
5246 948
5250 948
5254 949
5258 950
5262 951
5266 951
5270 952
5274 953
5278 954
5282 954
5286 955
5290 956
5294 957
5298 957
5302 958
5306 959
5310 960
5314 960
5318 961
5322 962
5326 962
5330 963
5334 964
5338 965
5342 965
5346 966
5350 967
5354 968
5358 968
5362 969
5366 970
5370 970
5374 971
5378 972
5382 973
5386 974
5390 974
5394 975
5398 976
5402 976
5406 977
5410 978
5414 979
5418 979
5422 980
5426 981
5430 982
5434 982
5438 983
5442 984
5446 984
5450 985
5454 986
5458 986
5462 987
5466 988
5470 989
5474 989
5478 990
5482 991
5486 992
5490 992
5494 993
5498 994
5502 994
5506 995
5510 996
5514 997
5518 997
5522 998
5526 999
5530 1000
5534 1000
5538 1001
5542 1002
5546 1002
5550 1003
5554 1004
5558 1005
5562 1005
5566 1006
5570 1007
5574 1007
5578 1008
5582 1009
5586 1010
5590 1010
5594 1011
5598 1012
5602 1012
5606 1013
5610 1014
5614 1015
5618 1015
5622 1016
5626 1017
5630 1018
5634 1018
5638 1019
5642 1020
5646 1020
5650 1021
5654 1022
5658 1022
5662 1023
5666 1024
5670 1025
5674 1025
5678 1026
5682 1027
5686 1028
5690 1028
5694 1029
5698 1030
5702 1030
5706 1031
5710 1032
5714 1032
5718 1033
5722 1034
5726 1035
5730 1035
5734 1036
5738 1037
5742 1037
5746 1038
5750 1039
5754 1040
5758 1040
5762 1041
5766 1042
5770 1042
5774 1043
5778 1044
5782 1045
5786 1045
5790 1046
5794 1047
5798 1048
5802 1048
5806 1049
5810 1050
5814 1050
5818 1051
5822 1052
5826 1052
5830 1053
5834 1054
5838 1055
5842 1055
5846 1056
5850 1057
5854 1058
5858 1058
5862 1059
5866 1060
5870 1060
5874 1061
5878 1062
5882 1062
5886 1063
5890 1064
5894 1065
5898 1065
5902 1066
5906 1067
5910 1068
5914 1068
5918 1069
5922 1070
5926 1070
5930 1071
5934 1072
5938 1073
5942 1073
5946 1074
5950 1075
5954 1076
5958 1076
5962 1077
5966 1078
5970 1078
5974 1079
5978 1080
5982 1081
5986 1081
5990 1082
5994 1083
5998 1084
6002 1084
6006 1085
6010 1086
6014 1086
6018 1087
6022 1088
6026 1089
6030 1089
6034 1090
6038 1091
6042 1092
6046 1092
6050 1093
6054 1094
6058 1095
6062 1095
6066 1096
6070 1097
6074 1098
6078 1098
6082 1099
6086 1100
6090 1100
6094 1101
6098 1102
6102 1103
6106 1103
6110 1104
6114 1105
6118 1106
6122 1106
6126 1107
6130 1108
6134 1108
6138 1109
6142 1110
6146 1111
6150 1111
6154 1112
6158 1113
6162 1114
6166 1114
6170 1115
6174 1116
6178 1116
6182 1117
6186 1118
6190 1119
6194 1119
6198 1120
6202 1121
6206 1122
6210 1122
6214 1123
6218 1124
6222 1124
6226 1125
6230 1126
6234 1127
6238 1127
6242 1128
6246 1129
6250 1130
6254 1130
6258 1131
6262 1132
6266 1132
6270 1133
6274 1134
6278 1134
6282 1135
6286 1136
6290 1137
6294 1138
6298 1138
6302 1139
6306 1140
6310 1140
6314 1141
6318 1142
6322 1143
6326 1143
6330 1144
6334 1145
6338 1146
6342 1146
6346 1147
6350 1148
6354 1148
6358 1149
6362 1150
6366 1151
6370 1151
6374 1152
6378 1153
6382 1154
6386 1154
6390 1155
6394 1156
6398 1156
6402 1157
6406 1158
6410 1159
6414 1159
6418 1160
6422 1161
6426 1162
6430 1162
6434 1163
6438 1164
6442 1164
6446 1165
6450 1166
6454 1167
6458 1167
6462 1168
6466 1169
6470 1170
6474 1170
6478 1171
6482 1172
6486 1172
6490 1173
6494 1174
6498 1175
6502 1176
6506 1176
6510 1177
6514 1178
6518 1178
6522 1179
6526 1180
6530 1181
6534 1181
6538 1182
6542 1183
6546 1184
6550 1184
6554 1185
6558 1186
6562 1186
6566 1187
6570 1188
6574 1189
6578 1190
6582 1190
6586 1191
6590 1192
6594 1192
6598 1193
6602 1194
6606 1195
6610 1195
6614 1196
6618 1197
6622 1198
6626 1198
6630 1199
6634 1200
6638 1201
6642 1201
6646 1202
6650 1203
6654 1204
6658 1204
6662 1205
6666 1206
6670 1206
6674 1207
6678 1208
6682 1209
6686 1210
6690 1210
6694 1211
6698 1212
6702 1212
6706 1213
6710 1214
6714 1215
6718 1216
6722 1216
6726 1217
6730 1218
6734 1218
6738 1219
6742 1220
6746 1221
6750 1221
6754 1222
6758 1223
6762 1224
6766 1224
6770 1225
6774 1226
6778 1226
6782 1227
6786 1228
6790 1229
6794 1230
6798 1230
6802 1231
6806 1232
6810 1232
6814 1233
6818 1234
6822 1235
6826 1235
6830 1236
6834 1237
6838 1238
6842 1238
6846 1239
6850 1240
6854 1241
6858 1241
6862 1242
6866 1243
6870 1244
6874 1244
6878 1245
6882 1246
6886 1246
6890 1247
6894 1248
6898 1249
6902 1250
6906 1250
6910 1251
6914 1252
6918 1252
6922 1253
6926 1254
6930 1255
6934 1255
6938 1256
6942 1257
6946 1258
6950 1258
6954 1259
6958 1260
6962 1261
6966 1261
6970 1262
6974 1263
6978 1264
6982 1264
6986 1265
6990 1266
6994 1266
6998 1267
7002 1268
7006 1269
7010 1269
7014 1270
7018 1271
7022 1272
7026 1272
7030 1273
7034 1274
7038 1274
7042 1275
7046 1276
7050 1277
7054 1278
7058 1278
7062 1279
7066 1280
7070 1280
7074 1281
7078 1282
7082 1283
7086 1283
7090 1284
7094 1285
7098 1286
7102 1286
7106 1287
7110 1288
7114 1289
7118 1289
7122 1290
7126 1291
7130 1292
7134 1292
7138 1293
7142 1294
7146 1294
7150 1295
7154 1296
7158 1297
7162 1297
7166 1298
7170 1299
7174 1300
7178 1300
7182 1301
7186 1302
7190 1302
7194 1303
7198 1304
7202 1305
7206 1306
7210 1306
7214 1307
7218 1308
7222 1308
7226 1309
7230 1310
7234 1311
7238 1311
7242 1312
7246 1313
7250 1314
7254 1314
7258 1315
7262 1316
7266 1316
7270 1317
7274 1318
7278 1319
7282 1319
7286 1320
7290 1321
7294 1322
7298 1322
7302 1323
7306 1324
7310 1325
7314 1325
7318 1326
7322 1327
7326 1328
7330 1328
7334 1329
7338 1330
7342 1330
7346 1331
7350 1332
7354 1333
7358 1333
7362 1334
7366 1335
7370 1336
7374 1336
7378 1337
7382 1338
7386 1338
7390 1339
7394 1340
7398 1341
7402 1341
7406 1342
7410 1343
7414 1344
7418 1344
7422 1345
7426 1346
7430 1346
7434 1347
7438 1348
7442 1348
7446 1349
7450 1350
7454 1351
7458 1351
7462 1352
7466 1353
7470 1354
7474 1354
7478 1355
7482 1356
7486 1356
7490 1357
7494 1358
7498 1359
7502 1359
7506 1360
7510 1361
7514 1362
7518 1362
7522 1363
7526 1364
7530 1364
7534 1365
7538 1366
7542 1367
7546 1367
7550 1368
7554 1369
7558 1370
7562 1370
7566 1371
7570 1372
7574 1372
7578 1373
7582 1374
7586 1374
7590 1375
7594 1376
7598 1377
7602 1377
7606 1378
7610 1379
7614 1380
7618 1380
7622 1381
7626 1382
7630 1382
7634 1383
7638 1384
7642 1385
7646 1385
7650 1386
7654 1387
7658 1387
7662 1388
7666 1389
7670 1390
7674 1390
7678 1391
7682 1392
7686 1392
7690 1393
7694 1394
7698 1394
7702 1395
7706 1396
7710 1397
7714 1397
7718 1398
7722 1399
7726 1400
7730 1400
7734 1401
7738 1402
7742 1402
7746 1403
7750 1404
7754 1405
7758 1405
7762 1406
7766 1407
7770 1408
7774 1408
7778 1409
7782 1410
7786 1410
7790 1411
7794 1412
7798 1412
7802 1413
7806 1414
7810 1415
7814 1415
7818 1416
7822 1417
7826 1418
7830 1418
7834 1419
7838 1420
7842 1420
7846 1421
7850 1422
7854 1423
7858 1423
7862 1424
7866 1425
7870 1426
7874 1426
7878 1427
7882 1428
7886 1428
7890 1429
7894 1430
7898 1431
7902 1431
7906 1432
7910 1433
7914 1434
7918 1434
7922 1435
7926 1436
7930 1436
7934 1437
7938 1438
7942 1439
7946 1439
7950 1440
7954 1441
7958 1442
7962 1442
7966 1443
7970 1444
7974 1444
7978 1445
7982 1446
7986 1447
7990 1447
7994 1448
7998 1449
8002 1450
8006 1450
8010 1451
8014 1452
8018 1453
8022 1453
8026 1454
8030 1455
8034 1456
8038 1456
8042 1457
8046 1458
8050 1458
8054 1459
8058 1460
8062 1461
8066 1461
8070 1462
8074 1463
8078 1463
8082 1464
8086 1465
8090 1466
8094 1466
8098 1467
8102 1468
8106 1468
8110 1469
8114 1470
8118 1471
8122 1471
8126 1472
8130 1473
8134 1474
8138 1474
8142 1475
8146 1476
8150 1477
8154 1477
8158 1478
8162 1479
8166 1480
8170 1480
8174 1481
8178 1482
8182 1482
8186 1483
8190 1484
8194 1485
8198 1485
8202 1486
8206 1487
8210 1487
8214 1488
8218 1489
8222 1490
8226 1490
8230 1491
8234 1492
8238 1492
8242 1493
8246 1494
8250 1495
8254 1495
8258 1496
8262 1497
8266 1498
8270 1498
8274 1499
8278 1500
8282 1500
8286 1501
8290 1502
8294 1503
8298 1503
8302 1504
8306 1505
8310 1506
8314 1506
8318 1507
8322 1508
8326 1508
8330 1509
8334 1510
8338 1511
8342 1511
8346 1512
8350 1513
8354 1514
8358 1514
8362 1515
8366 1516
8370 1516
8374 1517
8378 1518
8382 1519
8386 1519
8390 1520
8394 1521
8398 1522
8402 1522
8406 1523
8410 1524
8414 1524
8418 1525
8422 1526
8426 1527
8430 1528
8434 1528
8438 1529
8442 1530
8446 1530
8450 1531
8454 1532
8458 1533
8462 1533
8466 1534
8470 1535
8474 1536
8478 1536
8482 1537
8486 1538
8490 1538
8494 1539
8498 1540
8502 1541
8506 1541
8510 1542
8514 1543
8518 1544
8522 1544
8526 1545
8530 1546
8534 1546
8538 1547
8542 1548
8546 1549
8550 1550
8554 1550
8558 1551
8562 1552
8566 1552
8570 1553
8574 1554
8578 1555
8582 1556
8586 1556
8590 1557
8594 1558
8598 1558
8602 1559
8606 1560
8610 1561
8614 1561
8618 1562
8622 1563
8626 1564
8630 1564
8634 1565
8638 1566
8642 1567
8646 1567
8650 1568
8654 1569
8658 1570
8662 1570
8666 1571
8670 1572
8674 1573
8678 1573
8682 1574
8686 1575
8690 1576
8694 1576
8698 1577
8702 1578
8706 1578
8710 1579
8714 1580
8718 1581
8722 1581
8726 1582
8730 1583
8734 1584
8738 1584
8742 1585
8746 1586
8750 1587
8754 1587
8758 1588
8762 1589
8766 1590
8770 1590
8774 1591
8778 1592
8782 1592
8786 1593
8790 1594
8794 1595
8798 1596
8802 1596
8806 1597
8810 1598
8814 1598
8818 1599
8822 1600
8826 1601
8830 1602
8834 1602
8838 1603
8842 1604
8846 1604
8850 1605
8854 1606
8858 1606
8862 1607
8866 1608
8870 1609
8874 1610
8878 1610
8882 1611
8886 1612
8890 1612
8894 1613
8898 1614
8902 1615
8906 1615
8910 1616
8914 1617
8918 1618
8922 1618
8926 1619
8930 1620
8934 1621
8938 1621
8942 1622
8946 1623
8950 1624
8954 1624
8958 1625
8962 1626
8966 1627
8970 1627
8974 1628
8978 1629
8982 1630
8986 1630
8990 1631
8994 1632
8998 1632
9002 1633
9006 1634
9010 1635
9014 1635
9018 1636
9022 1637
9026 1638
9030 1638
9034 1639
9038 1640
9042 1640
9046 1641
9050 1642
9054 1643
9058 1644
9062 1644
9066 1645
9070 1646
9074 1646
9078 1647
9082 1648
9086 1649
9090 1649
9094 1650
9098 1651
9102 1652
9106 1652
9110 1653
9114 1654
9118 1655
9122 1655
9126 1656
9130 1657
9134 1658
9138 1658
9142 1659
9146 1660
9150 1660
9154 1661
9158 1662
9162 1663
9166 1663
9170 1664
9174 1665
9178 1666
9182 1666
9186 1667
9190 1668
9194 1669
9198 1669
9202 1670
9206 1671
9210 1672
9214 1672
9218 1673
9222 1674
9226 1674
9230 1675
9234 1676
9238 1677
9242 1677
9246 1678
9250 1679
9254 1680
9258 1680
9262 1681
9266 1682
9270 1682
9274 1683
9278 1684
9282 1685
9286 1685
9290 1686
9294 1687
9298 1688
9302 1688
9306 1689
9310 1690
9314 1690
9318 1691
9322 1692
9326 1693
9330 1694
9334 1694
9338 1695
9342 1696
9346 1696
9350 1697
9354 1698
9358 1699
9362 1699
9366 1700
9370 1701
9374 1701
9378 1702
9382 1703
9386 1704
9390 1704
9394 1705
9398 1706
9402 1706
9406 1707
9410 1708
9414 1709
9418 1709
9422 1710
9426 1711
9430 1712
9434 1712
9438 1713
9442 1714
9446 1714
9450 1715
9454 1716
9458 1717
9462 1717
9466 1718
9470 1719
9474 1720
9478 1720
9482 1721
9486 1722
9490 1722
9494 1723
9498 1724
9502 1725
9506 1725
9510 1726
9514 1727
9518 1727
9522 1728
9526 1729
9530 1730
9534 1730
9538 1731
9542 1732
9546 1732
9550 1733
9554 1734
9558 1735
9562 1735
9566 1736
9570 1737
9574 1738
9578 1738
9582 1739
9586 1740
9590 1740
9594 1741
9598 1742
9602 1743
9606 1743
9610 1744
9614 1745
9618 1746
9622 1746
9626 1747
9630 1748
9634 1748
9638 1749
9642 1750
9646 1750
9650 1751
9654 1752
9658 1753
9662 1753
9666 1754
9670 1755
9674 1755
9678 1756
9682 1757
9686 1758
9690 1758
9694 1759
9698 1760
9702 1760
9706 1761
9710 1762
9714 1763
9718 1763
9722 1764
9726 1765
9730 1766
9734 1766
9738 1767
9742 1768
9746 1768
9750 1769
9754 1770
9758 1770
9762 1771
9766 1772
9770 1773
9774 1773
9778 1774
9782 1775
9786 1776
9790 1776
9794 1777
9798 1778
9802 1778
9806 1779
9810 1780
9814 1781
9818 1781
9822 1782
9826 1783
9830 1784
9834 1784
9838 1785
9842 1786
9846 1786
9850 1787
9854 1788
9858 1789
9862 1789
9866 1790
9870 1791
9874 1792
9878 1792
9882 1793
9886 1794
9890 1794
9894 1795
9898 1796
9902 1797
9906 1797
9910 1798
9914 1799
9918 1800
9922 1800
9926 1801
9930 1802
9934 1802
9938 1803
9942 1804
9946 1804
9950 1805
9954 1806
9958 1807
9962 1807
9966 1808
9970 1809
9974 1810
9978 1810
9982 1811
9986 1812
9990 1813
9994 1813
9998 1814
10002 1815
10006 1816
10010 1816
10014 1817
10018 1818
10022 1818
10026 1819
10030 1820
10034 1821
10038 1821
10042 1822
10046 1823
10050 1823
10054 1824
10058 1825
10062 1826
10066 1826
10070 1827
10074 1828
10078 1828
10082 1829
10086 1830
10090 1831
10094 1831
10098 1832
10102 1833
10106 1834
10110 1834
10114 1835
10118 1836
10122 1837
10126 1837
10130 1838
10134 1839
10138 1840
10142 1840
10146 1841
10150 1842
10154 1842
10158 1843
10162 1844
10166 1845
10170 1845
10174 1846
10178 1847
10182 1848
10186 1848
10190 1849
10194 1850
10198 1850
10202 1851
10206 1852
10210 1852
10214 1853
10218 1854
10222 1855
10226 1855
10230 1856
10234 1857
10238 1858
10242 1858
10246 1859
10250 1860
10254 1860
10258 1861
10262 1862
10266 1863
10270 1864
10274 1864
10278 1865
10282 1866
10286 1866
10290 1867
10294 1868
10298 1869
10302 1869
10306 1870
10310 1871
10314 1872
10318 1872
10322 1873
10326 1874
10330 1874
10334 1875
10338 1876
10342 1877
10346 1877
10350 1878
10354 1879
10358 1880
10362 1880
10366 1881
10370 1882
10374 1882
10378 1883
10382 1884
10386 1885
10390 1886
10394 1886
10398 1887
10402 1888
10406 1888
10410 1889
10414 1890
10418 1891
10422 1891
10426 1892
10430 1893
10434 1894
10438 1894
10442 1895
10446 1896
10450 1896
10454 1897
10458 1898
10462 1899
10466 1899
10470 1900
10474 1901
10478 1902
10482 1902
10486 1903
10490 1904
10494 1905
10498 1905
10502 1906
10506 1907
10510 1908
10514 1908
10518 1909
10522 1910
10526 1910
10530 1911
10534 1912
10538 1913
10542 1914
10546 1914
10550 1915
10554 1916
10558 1916
10562 1917
10566 1918
10570 1919
10574 1919
10578 1920
10582 1921
10586 1922
10590 1922
10594 1923
10598 1924
10602 1925
10606 1925
10610 1926
10614 1927
10618 1928
10622 1928
10626 1929
10630 1930
10634 1930
10638 1931
10642 1932
10646 1933
10650 1934
10654 1934
10658 1935
10662 1936
10666 1936
10670 1937
10674 1938
10678 1939
10682 1940
10686 1940
10690 1941
10694 1942
10698 1942
10702 1943
10706 1944
10710 1945
10714 1945
10718 1946
10722 1947
10726 1948
10730 1948
10734 1949
10738 1950
10742 1950
10746 1951
10750 1952
10754 1953
10758 1953
10762 1954
10766 1955
10770 1956
10774 1956
10778 1957
10782 1958
10786 1959
10790 1959
10794 1960
10798 1961
10802 1962
10806 1962
10810 1963
10814 1964
10818 1964
10822 1965
10826 1966
10830 1967
10834 1968
10838 1968
10842 1969
10846 1970
10850 1970
10854 1971
10858 1972
10862 1973
10866 1973
10870 1974
10874 1975
10878 1976
10882 1976
10886 1977
10890 1978
10894 1979
10898 1979
10902 1980
10906 1981
10910 1982
10914 1982
10918 1983
10922 1984
10926 1985
10930 1985
10934 1986
10938 1987
10942 1988
10946 1988
10950 1989
10954 1990
10958 1990
10962 1991
10966 1992
10970 1993
10974 1993
10978 1994
10982 1995
10986 1996
10990 1996
10994 1997
10998 1998
11002 1999
11006 1999
11010 2000
11014 2001
11018 2002
11022 2002
11026 2003
11030 2004
11034 2004
11038 2005
11042 2006
11046 2007
11050 2008
11054 2008
11058 2009
11062 2010
11066 2010
11070 2011
11074 2012
11078 2013
11082 2013
11086 2014
11090 2015
11094 2016
11098 2016
11102 2017
11106 2018
11110 2018
11114 2019
11118 2020
11122 2021
11126 2021
11130 2022
11134 2023
11138 2024
11142 2024
11146 2025
11150 2026
11154 2026
11158 2027
11162 2028
11166 2029
11170 2030
11174 2030
11178 2031
11182 2032
11186 2032
11190 2033
11194 2034
11198 2035
11202 2035
11206 2036
11210 2037
11214 2038
11218 2038
11222 2039
11226 2040
11230 2040
11234 2041
11238 2042
11242 2043
11246 2043
11250 2044
11254 2045
11258 2046
11262 2046
11266 2047
11270 2048
11274 2048
11278 2049
11282 2050
11286 2051
11290 2052
11294 2052
11298 2053
11302 2054
11306 2054
11310 2055
11314 2056
11318 2056
11322 2057
11326 2058
11330 2059
11334 2059
11338 2060
11342 2061
11346 2062
11350 2062
11354 2063
11358 2064
11362 2064
11366 2065
11370 2066
11374 2067
11378 2067
11382 2068
11386 2069
11390 2070
11394 2070
11398 2071
11402 2072
11406 2072
11410 2073
11414 2074
11418 2074
11422 2075
11426 2076
11430 2077
11434 2077
11438 2078
11442 2079
11446 2080
11450 2080
11454 2081
11458 2082
11462 2082
11466 2083
11470 2084
11474 2085
11478 2085
11482 2086
11486 2087
11490 2088
11494 2088
11498 2089
11502 2090
11506 2090
11510 2091
11514 2092
11518 2092
11522 2093
11526 2094
11530 2095
11534 2095
11538 2096
11542 2097
11546 2098
11550 2098
11554 2099
11558 2100
11562 2100
11566 2101
11570 2102
11574 2103
11578 2103
11582 2104
11586 2105
11590 2106
11594 2106
11598 2107
11602 2108
11606 2108
11610 2109
11614 2110
11618 2110
11622 2111
11626 2112
11630 2113
11634 2113
11638 2114
11642 2115
11646 2116
11650 2116
11654 2117
11658 2118
11662 2118
11666 2119
11670 2120
11674 2121
11678 2121
11682 2122
11686 2123
11690 2123
11694 2124
11698 2125
11702 2126
11706 2126
11710 2127
11714 2128
11718 2128
11722 2129
11726 2130
11730 2131
11734 2131
11738 2132
11742 2133
11746 2134
11750 2134
11754 2135
11758 2136
11762 2136
11766 2137
11770 2138
11774 2138
11778 2139
11782 2140
11786 2141
11790 2142
11794 2142
11798 2143
11802 2144
11806 2144
11810 2145
11814 2146
11818 2146
11822 2147
11826 2148
11830 2149
11834 2150
11838 2150
11842 2151
11846 2152
11850 2152
11854 2153
11858 2154
11862 2154
11866 2155
11870 2156
11874 2157
11878 2158
11882 2158
11886 2159
11890 2160
11894 2160
11898 2161
11902 2162
11906 2162
11910 2163
11914 2164
11918 2165
11922 2166
11926 2166
11930 2167
11934 2168
11938 2168
11942 2169
11946 2170
11950 2171
11954 2171
11958 2172
11962 2173
11966 2174
11970 2174
11974 2175
11978 2176
11982 2176
11986 2177
11990 2178
11994 2179
11998 2179
12002 2180
12006 2181
12010 2182
12014 2182
12018 2183
12022 2184
12026 2184
12030 2185
12034 2186
12038 2187
12042 2187
12046 2188
12050 2189
12054 2190
12058 2190
12062 2191
12066 2192
12070 2192
12074 2193
12078 2194
12082 2195
12086 2195
12090 2196
12094 2197
12098 2198
12102 2198
12106 2199
12110 2200
12114 2200
12118 2201
12122 2202
12126 2203
12130 2203
12134 2204
12138 2205
12142 2206
12146 2206
12150 2207
12154 2208
12158 2208
12162 2209
12166 2210
12170 2211
12174 2211
12178 2212
12182 2213
12186 2213
12190 2214
12194 2215
12198 2216
12202 2216
12206 2217
12210 2218
12214 2219
12218 2219
12222 2220
12226 2221
12230 2222
12234 2222
12238 2223
12242 2224
12246 2224
12250 2225
12254 2226
12258 2227
12262 2227
12266 2228
12270 2229
12274 2230
12278 2230
12282 2231
12286 2232
12290 2232
12294 2233
12298 2234
12302 2235
12306 2235
12310 2236
12314 2237
12318 2238
12322 2238
12326 2239
12330 2240
12334 2240
12338 2241
12342 2242
12346 2243
12350 2243
12354 2244
12358 2245
12362 2246
12366 2246
12370 2247
12374 2248
12378 2249
12382 2249
12386 2250
12390 2251
12394 2252
12398 2252
12402 2253
12406 2254
12410 2254
12414 2255
12418 2256
12422 2257
12426 2257
12430 2258
12434 2259
12438 2260
12442 2260
12446 2261
12450 2262
12454 2263
12458 2263
12462 2264
12466 2265
12470 2266
12474 2266
12478 2267
12482 2268
12486 2268
12490 2269
12494 2270
12498 2271
12502 2271
12506 2272
12510 2273
12514 2274
12518 2274
12522 2275
12526 2276
12530 2277
12534 2277
12538 2278
12542 2279
12546 2280
12550 2280
12554 2281
12558 2282
12562 2282
12566 2283
12570 2284
12574 2285
12578 2285
12582 2286
12586 2287
12590 2288
12594 2288
12598 2289
12602 2290
12606 2291
12610 2291
12614 2292
12618 2293
12622 2294
12626 2294
12630 2295
12634 2296
12638 2296
12642 2297
12646 2298
12650 2299
12654 2300
12658 2300
12662 2301
12666 2302
12670 2302
12674 2303
12678 2304
12682 2305
12686 2305
12690 2306
12694 2307
12698 2308
12702 2308
12706 2309
12710 2310
12714 2310
12718 2311
12722 2312
12726 2313
12730 2314
12734 2314
12738 2315
12742 2316
12746 2316
12750 2317
12754 2318
12758 2319
12762 2320
12766 2320
12770 2321
12774 2322
12778 2322
12782 2323
12786 2324
12790 2325
12794 2325
12798 2326
12802 2327
12806 2328
12810 2328
12814 2329
12818 2330
12822 2330
12826 2331
12830 2332
12834 2333
12838 2334
12842 2334
12846 2335
12850 2336
12854 2336
12858 2337
12862 2338
12866 2339
12870 2340
12874 2340
12878 2341
12882 2342
12886 2342
12890 2343
12894 2344
12898 2345
12902 2346
12906 2346
12910 2347
12914 2348
12918 2348
12922 2349
12926 2350
12930 2351
12934 2351
12938 2352
12942 2353
12946 2354
12950 2354
12954 2355
12958 2356
12962 2356
12966 2357
12970 2358
12974 2359
12978 2360
12982 2360
12986 2361
12990 2362
12994 2362
12998 2363
13002 2364
13006 2365
13010 2365
13014 2366
13018 2367
13022 2368
13026 2368
13030 2369
13034 2370
13038 2370
13042 2371
13046 2372
13050 2373
13054 2374
13058 2374
13062 2375
13066 2376
13070 2376
13074 2377
13078 2378
13082 2379
13086 2379
13090 2380
13094 2381
13098 2382
13102 2382
13106 2383
13110 2384
13114 2384
13118 2385
13122 2386
13126 2387
13130 2387
13134 2388
13138 2389
13142 2390
13146 2390
13150 2391
13154 2392
13158 2393
13162 2393
13166 2394
13170 2395
13174 2396
13178 2396
13182 2397
13186 2398
13190 2398
13194 2399
13198 2400
13202 2401
13206 2401
13210 2402
13214 2403
13218 2404
13222 2404
13226 2405
13230 2406
13234 2406
13238 2407
13242 2408
13246 2409
13250 2409
13254 2410
13258 2411
13262 2412
13266 2412
13270 2413
13274 2414
13278 2414
13282 2415
13286 2416
13290 2417
13294 2417
13298 2418
13302 2419
13306 2420
13310 2420
13314 2421
13318 2422
13322 2422
13326 2423
13330 2424
13334 2424
13338 2425
13342 2426
13346 2427
13350 2427
13354 2428
13358 2429
13362 2430
13366 2430
13370 2431
13374 2432
13378 2432
13382 2433
13386 2434
13390 2435
13394 2435
13398 2436
13402 2437
13406 2438
13410 2438
13414 2439
13418 2440
13422 2440
13426 2441
13430 2442
13434 2443
13438 2443
13442 2444
13446 2445
13450 2446
13454 2446
13458 2447
13462 2448
13466 2448
13470 2449
13474 2450
13478 2451
13482 2451
13486 2452
13490 2453
13494 2453
13498 2454
13502 2455
13506 2456
13510 2456
13514 2457
13518 2458
13522 2458
13526 2459
13530 2460
13534 2461
13538 2461
13542 2462
13546 2463
13550 2464
13554 2464
13558 2465
13562 2466
13566 2466
13570 2467
13574 2468
13578 2468
13582 2469
13586 2470
13590 2471
13594 2471
13598 2472
13602 2473
13606 2474
13610 2474
13614 2475
13618 2476
13622 2476
13626 2477
13630 2478
13634 2479
13638 2479
13642 2480
13646 2481
13650 2482
13654 2482
13658 2483
13662 2484
13666 2484
13670 2485
13674 2486
13678 2487
13682 2487
13686 2488
13690 2489
13694 2489
13698 2490
13702 2491
13706 2492
13710 2492
13714 2493
13718 2494
13722 2494
13726 2495
13730 2496
13734 2497
13738 2497
13742 2498
13746 2499
13750 2499
13754 2500
13758 2501
13762 2502
13766 2502
13770 2503
13774 2504
13778 2504
13782 2505
13786 2506
13790 2507
13794 2507
13798 2508
13802 2509
13806 2510
13810 2510
13814 2511
13818 2512
13822 2512
13826 2513
13830 2514
13834 2515
13838 2515
13842 2516
13846 2517
13850 2518
13854 2518
13858 2519
13862 2520
13866 2520
13870 2521
13874 2522
13878 2522
13882 2523
13886 2524
13890 2525
13894 2526
13898 2526
13902 2527
13906 2528
13910 2528
13914 2529
13918 2530
13922 2531
13926 2531
13930 2532
13934 2533
13938 2534
13942 2534
13946 2535
13950 2536
13954 2536
13958 2537
13962 2538
13966 2539
13970 2539
13974 2540
13978 2541
13982 2542
13986 2542
13990 2543
13994 2544
13998 2544
14002 2545
14006 2546
14010 2547
14014 2547
14018 2548
14022 2549
14026 2550
14030 2550
14034 2551
14038 2552
14042 2552
14046 2553
14050 2554
14054 2555
14058 2555
14062 2556
14066 2557
14070 2558
14074 2558
14078 2559
14082 2560
14086 2560
14090 2561
14094 2562
14098 2563
14102 2563
14106 2564
14110 2565
14114 2566
14118 2566
14122 2567
14126 2568
14130 2568
14134 2569
14138 2570
14142 2571
14146 2571
14150 2572
14154 2573
14158 2574
14162 2574
14166 2575
14170 2576
14174 2576
14178 2577
14182 2578
14186 2579
14190 2579
14194 2580
14198 2581
14202 2582
14206 2582
14210 2583
14214 2584
14218 2585
14222 2585
14226 2586
14230 2587
14234 2588
14238 2588
14242 2589
14246 2590
14250 2590
14254 2591
14258 2592
14262 2593
14266 2593
14270 2594
14274 2595
14278 2595
14282 2596
14286 2597
14290 2598
14294 2598
14298 2599
14302 2600
14306 2601
14310 2601
14314 2602
14318 2603
14322 2604
14326 2604
14330 2605
14334 2606
14338 2606
14342 2607
14346 2608
14350 2609
14354 2609
14358 2610
14362 2611
14366 2612
14370 2612
14374 2613
14378 2614
14382 2615
14386 2615
14390 2616
14394 2617
14398 2618
14402 2618
14406 2619
14410 2620
14414 2620
14418 2621
14422 2622
14426 2623
14430 2623
14434 2624
14438 2625
14442 2626
14446 2626
14450 2627
14454 2628
14458 2629
14462 2629
14466 2630
14470 2631
14474 2632
14478 2632
14482 2633
14486 2634
14490 2634
14494 2635
14498 2636
14502 2637
14506 2637
14510 2638
14514 2639
14518 2640
14522 2640
14526 2641
14530 2642
14534 2642
14538 2643
14542 2644
14546 2645
14550 2646
14554 2646
14558 2647
14562 2648
14566 2648
14570 2649
14574 2650
14578 2651
14582 2652
14586 2652
14590 2653
14594 2654
14598 2654
14602 2655
14606 2656
14610 2657
14614 2657
14618 2658
14622 2659
14626 2660
14630 2660
14634 2661
14638 2662
14642 2662
14646 2663
14650 2664
14654 2665
14658 2666
14662 2666
14666 2667
14670 2668
14674 2668
14678 2669
14682 2670
14686 2671
14690 2671
14694 2672
14698 2673
14702 2674
14706 2674
14710 2675
14714 2676
14718 2677
14722 2677
14726 2678
14730 2679
14734 2680
14738 2680
14742 2681
14746 2682
14750 2683
14754 2683
14758 2684
14762 2685
14766 2686
14770 2686
14774 2687
14778 2688
14782 2688
14786 2689
14790 2690
14794 2691
14798 2691
14802 2692
14806 2693
14810 2694
14814 2694
14818 2695
14822 2696
14826 2697
14830 2697
14834 2698
14838 2699
14842 2700
14846 2700
14850 2701
14854 2702
14858 2703
14862 2703
14866 2704
14870 2705
14874 2706
14878 2706
14882 2707
14886 2708
14890 2708
14894 2709
14898 2710
14902 2711
14906 2712
14910 2712
14914 2713
14918 2714
14922 2714
14926 2715
14930 2716
14934 2717
14938 2717
14942 2718
14946 2719
14950 2720
14954 2720
14958 2721
14962 2722
14966 2722
14970 2723
14974 2724
14978 2725
14982 2726
14986 2726
14990 2727
14994 2728
14998 2728
15002 2729
15006 2730
15010 2731
15014 2731
15018 2732
15022 2733
15026 2734
15030 2734
15034 2735
15038 2736
15042 2736
15046 2737
15050 2738
15054 2739
15058 2739
15062 2740
15066 2741
15070 2742
15074 2742
15078 2743
15082 2744
15086 2744
15090 2745
15094 2746
15098 2747
15102 2748
15106 2748
15110 2749
15114 2750
15118 2750
15122 2751
15126 2752
15130 2753
15134 2753
15138 2754
15142 2755
15146 2756
15150 2756
15154 2757
15158 2758
15162 2758
15166 2759
15170 2760
15174 2761
15178 2761
15182 2762
15186 2763
15190 2764
15194 2764
15198 2765
15202 2766
15206 2767
15210 2767
15214 2768
15218 2769
15222 2770
15226 2770
15230 2771
15234 2772
15238 2772
15242 2773
15246 2774
15250 2775
15254 2775
15258 2776
15262 2777
15266 2777
15270 2778
15274 2779
15278 2780
15282 2780
15286 2781
15290 2782
15294 2782
15298 2783
15302 2784
15306 2785
15310 2785
15314 2786
15318 2787
15322 2788
15326 2788
15330 2789
15334 2790
15338 2790
15342 2791
15346 2792
15350 2792
15354 2793
15358 2794
15362 2795
15366 2796
15370 2796
15374 2797
15378 2798
15382 2798
15386 2799
15390 2800
15394 2801
15398 2801
15402 2802
15406 2803
15410 2804
15414 2804
15418 2805
15422 2806
15426 2806
15430 2807
15434 2808
15438 2808
15442 2809
15446 2810
15450 2811
15454 2811
15458 2812
15462 2813
15466 2814
15470 2814
15474 2815
15478 2816
15482 2816
15486 2817
15490 2818
15494 2819
15498 2819
15502 2820
15506 2821
15510 2822
15514 2822
15518 2823
15522 2824
15526 2824
15530 2825
15534 2826
15538 2826
15542 2827
15546 2828
15550 2829
15554 2829
15558 2830
15562 2831
15566 2832
15570 2832
15574 2833
15578 2834
15582 2834
15586 2835
15590 2836
15594 2836
15598 2837
15602 2838
15606 2839
15610 2839
15614 2840
15618 2841
15622 2842
15626 2842
15630 2843
15634 2844
15638 2844
15642 2845
15646 2846
15650 2847
15654 2847
15658 2848
15662 2849
15666 2850
15670 2850
15674 2851
15678 2852
15682 2852
15686 2853
15690 2854
15694 2855
15698 2855
15702 2856
15706 2857
15710 2857
15714 2858
15718 2859
15722 2860
15726 2860
15730 2861
15734 2862
15738 2862
15742 2863
15746 2864
15750 2865
15754 2865
15758 2866
15762 2867
15766 2868
15770 2868
15774 2869
15778 2870
15782 2870
15786 2871
15790 2872
15794 2873
15798 2873
15802 2874
15806 2875
15810 2876
15814 2876
15818 2877
15822 2878
15826 2878
15830 2879
15834 2880
15838 2880
15842 2881
15846 2882
15850 2883
15854 2883
15858 2884
15862 2885
15866 2886
15870 2886
15874 2887
15878 2888
15882 2888
15886 2889
15890 2890
15894 2891
15898 2892
15902 2892
15906 2893
15910 2894
15914 2894
15918 2895
15922 2896
15926 2897
15930 2897
15934 2898
15938 2899
15942 2900
15946 2900
15950 2901
15954 2902
15958 2902
15962 2903
15966 2904
15970 2905
15974 2905
15978 2906
15982 2907
15986 2908
15990 2908
15994 2909
15998 2910
16002 2910
16006 2911
16010 2912
16014 2912
16018 2913
16022 2914
16026 2915
16030 2916
16034 2916
16038 2917
16042 2918
16046 2918
16050 2919
16054 2920
16058 2921
16062 2921
16066 2922
16070 2923
16074 2924
16078 2924
16082 2925
16086 2926
16090 2926
16094 2927
16098 2928
16102 2929
16106 2929
16110 2930
16114 2931
16118 2932
16122 2932
16126 2933
16130 2934
16134 2934
16138 2935
16142 2936
16146 2937
16150 2937
16154 2938
16158 2939
16162 2940
16166 2940
16170 2941
16174 2942
16178 2942
16182 2943
16186 2944
16190 2945
16194 2946
16198 2946
16202 2947
16206 2948
16210 2948
16214 2949
16218 2950
16222 2951
16226 2951
16230 2952
16234 2953
16238 2954
16242 2954
16246 2955
16250 2956
16254 2956
16258 2957
16262 2958
16266 2959
16270 2959
16274 2960
16278 2961
16282 2962
16286 2962
16290 2963
16294 2964
16298 2964
16302 2965
16306 2966
16310 2967
16314 2967
16318 2968
16322 2969
16326 2970
16330 2970
16334 2971
16338 2972
16342 2972
16346 2973
16350 2974
16354 2975
16358 2976
16362 2976
16366 2977
16370 2978
16374 2978
16378 2979
16382 2980
16386 2980
16390 2981
16394 2982
16398 2983
16402 2984
16406 2984
16410 2985
16414 2986
16418 2986
16422 2987
16426 2988
16430 2989
16434 2989
16438 2990
16442 2991
16446 2992
16450 2992
16454 2993
16458 2994
16462 2994
16466 2995
16470 2996
16474 2997
16478 2998
16482 2998
16486 2999
16490 3000
16494 3000
16498 3001
16502 3002
16506 3003
16510 3003
16514 3004
16518 3005
16522 3006
16526 3006
16530 3007
16534 3008
16538 3008
16542 3009
16546 3010
16550 3011
16554 3012
16558 3012
16562 3013
16566 3014
16570 3014
16574 3015
16578 3016
16582 3017
16586 3017
16590 3018
16594 3019
16598 3020
16602 3020
16606 3021
16610 3022
16614 3022
16618 3023
16622 3024
16626 3025
16630 3026
16634 3026
16638 3027
16642 3028
16646 3028
16650 3029
16654 3030
16658 3031
16662 3031
16666 3032
16670 3033
16674 3034
16678 3034
16682 3035
16686 3036
16690 3037
16694 3037
16698 3038
16702 3039
16706 3040
16710 3040
16714 3041
16718 3042
16722 3043
16726 3043
16730 3044
16734 3045
16738 3046
16742 3046
16746 3047
16750 3048
16754 3049
16758 3049
16762 3050
16766 3051
16770 3052
16774 3052
16778 3053
16782 3054
16786 3054
16790 3055
16794 3056
16798 3057
16802 3058
16806 3058
16810 3059
16814 3060
16818 3060
16822 3061
16826 3062
16830 3063
16834 3064
16838 3064
16842 3065
16846 3066
16850 3066
16854 3067
16858 3068
16862 3069
16866 3069
16870 3070
16874 3071
16878 3072
16882 3072
16886 3073
16890 3074
16894 3075
16898 3075
16902 3076
16906 3077
16910 3078
16914 3078
16918 3079
16922 3080
16926 3080
16930 3081
16934 3082
16938 3083
16942 3083
16946 3084
16950 3085
16954 3086
16958 3086
16962 3087
16966 3088
16970 3089
16974 3089
16978 3090
16982 3091
16986 3092
16990 3092
16994 3093
16998 3094
17002 3094
17006 3095
17010 3096
17014 3097
17018 3097
17022 3098
17026 3099
17030 3100
17034 3100
17038 3101
17042 3102
17046 3102
17050 3103
17054 3104
17058 3105
17062 3105
17066 3106
17070 3107
17074 3108
17078 3108
17082 3109
17086 3110
17090 3111
17094 3111
17098 3112
17102 3113
17106 3114
17110 3114
17114 3115
17118 3116
17122 3116
17126 3117
17130 3118
17134 3119
17138 3119
17142 3120
17146 3121
17150 3122
17154 3122
17158 3123
17162 3124
17166 3124
17170 3125
17174 3126
17178 3127
17182 3127
17186 3128
17190 3129
17194 3130
17198 3130
17202 3131
17206 3132
17210 3132
17214 3133
17218 3134
17222 3135
17226 3135
17230 3136
17234 3137
17238 3138
17242 3138
17246 3139
17250 3140
17254 3140
17258 3141
17262 3142
17266 3142
17270 3143
17274 3144
17278 3145
17282 3145
17286 3146
17290 3147
17294 3148
17298 3148
17302 3149
17306 3150
17310 3150
17314 3151
17318 3152
17322 3153
17326 3153
17330 3154
17334 3155
17338 3156
17342 3156
17346 3157
17350 3158
17354 3158
17358 3159
17362 3160
17366 3161
17370 3161
17374 3162
17378 3163
17382 3164
17386 3164
17390 3165
17394 3166
17398 3166
17402 3167
17406 3168
17410 3169
17414 3169
17418 3170
17422 3171
17426 3172
17430 3172
17434 3173
17438 3174
17442 3174
17446 3175
17450 3176
17454 3177
17458 3177
17462 3178
17466 3179
17470 3180
17474 3180
17478 3181
17482 3182
17486 3182
17490 3183
17494 3184
17498 3184
17502 3185
17506 3186
17510 3187
17514 3187
17518 3188
17522 3189
17526 3190
17530 3190
17534 3191
17538 3192
17542 3192
17546 3193
17550 3194
17554 3194
17558 3195
17562 3196
17566 3197
17570 3197
17574 3198
17578 3199
17582 3200
17586 3200
17590 3201
17594 3202
17598 3202
17602 3203
17606 3204
17610 3204
17614 3205
17618 3206
17622 3207
17626 3208
17630 3208
17634 3209
17638 3210
17642 3210
17646 3211
17650 3212
17654 3212
17658 3213
17662 3214
17666 3215
17670 3215
17674 3216
17678 3217
17682 3217
17686 3218
17690 3219
17694 3220
17698 3220
17702 3221
17706 3222
17710 3222
17714 3223
17718 3224
17722 3225
17726 3225
17730 3226
17734 3227
17738 3228
17742 3228
17746 3229
17750 3230
17754 3230
17758 3231
17762 3232
17766 3232
17770 3233
17774 3234
17778 3235
17782 3235
17786 3236
17790 3237
17794 3238
17798 3238
17802 3239
17806 3240
17810 3240
17814 3241
17818 3242
17822 3243
17826 3243
17830 3244
17834 3245
17838 3246
17842 3246
17846 3247
17850 3248
17854 3248
17858 3249
17862 3250
17866 3251
17870 3251
17874 3252
17878 3253
17882 3254
17886 3254
17890 3255
17894 3256
17898 3256
17902 3257
17906 3258
17910 3259
17914 3260
17918 3260
17922 3261
17926 3262
17930 3262
17934 3263
17938 3264
17942 3264
17946 3265
17950 3266
17954 3267
17958 3267
17962 3268
17966 3269
17970 3270
17974 3270
17978 3271
17982 3272
17986 3272
17990 3273
17994 3274
17998 3275
18002 3276
18006 3276
18010 3277
18014 3278
18018 3278
18022 3279
18026 3280
18030 3281
18034 3281
18038 3282
18042 3283
18046 3284
18050 3284
18054 3285
18058 3286
18062 3286
18066 3287
18070 3288
18074 3289
18078 3289
18082 3290
18086 3291
18090 3292
18094 3292
18098 3293
18102 3294
18106 3294
18110 3295
18114 3296
18118 3297
18122 3297
18126 3298
18130 3299
18134 3300
18138 3300
18142 3301
18146 3302
18150 3302
18154 3303
18158 3304
18162 3305
18166 3306
18170 3306
18174 3307
18178 3308
18182 3308
18186 3309
18190 3310
18194 3311
18198 3311
18202 3312
18206 3313
18210 3314
18214 3314
18218 3315
18222 3316
18226 3316
18230 3317
18234 3318
18238 3319
18242 3319
18246 3320
18250 3321
18254 3322
18258 3322
18262 3323
18266 3324
18270 3324
18274 3325
18278 3326
18282 3327
18286 3327
18290 3328
18294 3329
18298 3330
18302 3330
18306 3331
18310 3332
18314 3332
18318 3333
18322 3334
18326 3335
18330 3335
18334 3336
18338 3337
18342 3338
18346 3338
18350 3339
18354 3340
18358 3340
18362 3341
18366 3342
18370 3343
18374 3343
18378 3344
18382 3345
18386 3346
18390 3346
18394 3347
18398 3348
18402 3349
18406 3349
18410 3350
18414 3351
18418 3352
18422 3352
18426 3353
18430 3354
18434 3354
18438 3355
18442 3356
18446 3357
18450 3358
18454 3358
18458 3359
18462 3360
18466 3360
18470 3361
18474 3362
18478 3362
18482 3363
18486 3364
18490 3365
18494 3366
18498 3366
18502 3367
18506 3368
18510 3368
18514 3369
18518 3370
18522 3371
18526 3372
18530 3372
18534 3373
18538 3374
18542 3374
18546 3375
18550 3376
18554 3377
18558 3377
18562 3378
18566 3379
18570 3380
18574 3380
18578 3381
18582 3382
18586 3382
18590 3383
18594 3384
18598 3385
18602 3385
18606 3386
18610 3387
18614 3388
18618 3388
18622 3389
18626 3390
18630 3391
18634 3391
18638 3392
18642 3393
18646 3394
18650 3394
18654 3395
18658 3396
18662 3397
18666 3397
18670 3398
18674 3399
18678 3400
18682 3400
18686 3401
18690 3402
18694 3403
18698 3403
18702 3404
18706 3405
18710 3406
18714 3406
18718 3407
18722 3408
18726 3408
18730 3409
18734 3410
18738 3411
18742 3412
18746 3412
18750 3413
18754 3414
18758 3414
18762 3415
18766 3416
18770 3417
18774 3417
18778 3418
18782 3419
18786 3420
18790 3420
18794 3421
18798 3422
18802 3423
18806 3423
18810 3424
18814 3425
18818 3426
18822 3426
18826 3427
18830 3428
18834 3429
18838 3429
18842 3430
18846 3431
18850 3432
18854 3432
18858 3433
18862 3434
18866 3434
18870 3435
18874 3436
18878 3437
18882 3438
18886 3438
18890 3439
18894 3440
18898 3440
18902 3441
18906 3442
18910 3443
18914 3443
18918 3444
18922 3445
18926 3446
18930 3446
18934 3447
18938 3448
18942 3449
18946 3449
18950 3450
18954 3451
18958 3452
18962 3452
18966 3453
18970 3454
18974 3454
18978 3455
18982 3456
18986 3457
18990 3457
18994 3458
18998 3459
19002 3459
19006 3460
19010 3461
19014 3462
19018 3462
19022 3463
19026 3464
19030 3464
19034 3465
19038 3466
19042 3467
19046 3468
19050 3468
19054 3469
19058 3470
19062 3470
19066 3471
19070 3472
19074 3473
19078 3473
19082 3474
19086 3475
19090 3476
19094 3476
19098 3477
19102 3478
19106 3479
19110 3479
19114 3480
19118 3481
19122 3481
19126 3482
19130 3483
19134 3484
19138 3484
19142 3485
19146 3486
19150 3487
19154 3487
19158 3488
19162 3489
19166 3490
19170 3490
19174 3491
19178 3492
19182 3492
19186 3493
19190 3494
19194 3495
19198 3495
19202 3496
19206 3497
19210 3498
19214 3498
19218 3499
19222 3500
19226 3500
19230 3501
19234 3502
19238 3502
19242 3503
19246 3504
19250 3505
19254 3505
19258 3506
19262 3507
19266 3508
19270 3508
19274 3509
19278 3510
19282 3510
19286 3511
19290 3512
19294 3513
19298 3513
19302 3514
19306 3515
19310 3516
19314 3516
19318 3517
19322 3518
19326 3518
19330 3519
19334 3520
19338 3521
19342 3521
19346 3522
19350 3523
19354 3524
19358 3524
19362 3525
19366 3526
19370 3526
19374 3527
19378 3528
19382 3529
19386 3529
19390 3530
19394 3531
19398 3532
19402 3532
19406 3533
19410 3534
19414 3534
19418 3535
19422 3536
19426 3536
19430 3537
19434 3538
19438 3539
19442 3539
19446 3540
19450 3541
19454 3542
19458 3542
19462 3543
19466 3544
19470 3544
19474 3545
19478 3546
19482 3547
19486 3547
19490 3548
19494 3549
19498 3550
19502 3550
19506 3551
19510 3552
19514 3552
19518 3553
19522 3554
19526 3554
19530 3555
19534 3556
19538 3556
19542 3557
19546 3558
19550 3559
19554 3560
19558 3560
19562 3561
19566 3562
19570 3562
19574 3563
19578 3564
19582 3564
19586 3565
19590 3566
19594 3567
19598 3567
19602 3568
19606 3569
19610 3570
19614 3570
19618 3571
19622 3572
19626 3572
19630 3573
19634 3574
19638 3574
19642 3575
19646 3576
19650 3577
19654 3577
19658 3578
19662 3579
19666 3580
19670 3580
19674 3581
19678 3582
19682 3582
19686 3583
19690 3584
19694 3584
19698 3585
19702 3586
19706 3587
19710 3587
19714 3588
19718 3589
19722 3590
19726 3590
19730 3591
19734 3592
19738 3592
19742 3593
19746 3594
19750 3595
19754 3595
19758 3596
19762 3597
19766 3598
19770 3598
19774 3599
19778 3600
19782 3600
19786 3601
19790 3602
19794 3603
19798 3603
19802 3604
19806 3605
19810 3606
19814 3606
19818 3607
19822 3608
19826 3608
19830 3609
19834 3610
19838 3611
19842 3611
19846 3612
19850 3613
19854 3614
19858 3614
19862 3615
19866 3616
19870 3616
19874 3617
19878 3618
19882 3619
19886 3619
19890 3620
19894 3621
19898 3622
19902 3622
19906 3623
19910 3624
19914 3624
19918 3625
19922 3626
19926 3627
19930 3627
19934 3628
19938 3629
19942 3630
19946 3630
19950 3631
19954 3632
19958 3632
19962 3633
19966 3634
19970 3635
19974 3636
19978 3636
19982 3637
19986 3638
19990 3638
19994 3639
19998 3640
20002 3641
20006 3641
20010 3642
20014 3643
20018 3644
20022 3644
20026 3645
20030 3646
20034 3646
20038 3647
20042 3648
20046 3649
20050 3649
20054 3650
20058 3651
20062 3652
20066 3652
20070 3653
20074 3654
20078 3654
20082 3655
20086 3656
20090 3657
20094 3657
20098 3658
20102 3659
20106 3660
20110 3660
20114 3661
20118 3662
20122 3662
20126 3663
20130 3664
20134 3665
20138 3665
20142 3666
20146 3667
20150 3668
20154 3668
20158 3669
20162 3670
20166 3670
20170 3671
20174 3672
20178 3673
20182 3673
20186 3674
20190 3675
20194 3676
20198 3676
20202 3677
20206 3678
20210 3678
20214 3679
20218 3680
20222 3681
20226 3681
20230 3682
20234 3683
20238 3684
20242 3684
20246 3685
20250 3686
20254 3686
20258 3687
20262 3688
20266 3689
20270 3689
20274 3690
20278 3691
20282 3692
20286 3692
20290 3693
20294 3694
20298 3694
20302 3695
20306 3696
20310 3697
20314 3697
20318 3698
20322 3699
20326 3700
20330 3700
20334 3701
20338 3702
20342 3703
20346 3703
20350 3704
20354 3705
20358 3706
20362 3706
20366 3707
20370 3708
20374 3708
20378 3709
20382 3710
20386 3711
20390 3712
20394 3712
20398 3713
20402 3714
20406 3714
20410 3715
20414 3716
20418 3717
20422 3717
20426 3718
20430 3719
20434 3720
20438 3720
20442 3721
20446 3722
20450 3722
20454 3723
20458 3724
20462 3725
20466 3725
20470 3726
20474 3727
20478 3728
20482 3728
20486 3729
20490 3730
20494 3731
20498 3731
20502 3732
20506 3733
20510 3734
20514 3734
20518 3735
20522 3736
20526 3736
20530 3737
20534 3738
20538 3739
20542 3740
20546 3740
20550 3741
20554 3742
20558 3742
20562 3743
20566 3744
20570 3745
20574 3745
20578 3746
20582 3747
20586 3748
20590 3748
20594 3749
20598 3750
20602 3751
20606 3751
20610 3752
20614 3753
20618 3754
20622 3754
20626 3755
20630 3756
20634 3757
20638 3757
20642 3758
20646 3759
20650 3760
20654 3760
20658 3761
20662 3762
20666 3763
20670 3763
20674 3764
20678 3765
20682 3766
20686 3766
20690 3767
20694 3768
20698 3769
20702 3769
20706 3770
20710 3771
20714 3772
20718 3772
20722 3773
20726 3774
20730 3774
20734 3775
20738 3776
20742 3777
20746 3778
20750 3778
20754 3779
20758 3780
20762 3780
20766 3781
20770 3782
20774 3783
20778 3783
20782 3784
20786 3785
20790 3786
20794 3786
20798 3787
20802 3788
20806 3789
20810 3789
20814 3790
20818 3791
20822 3792
20826 3792
20830 3793
20834 3794
20838 3794
20842 3795
20846 3796
20850 3797
20854 3797
20858 3798
20862 3799
20866 3800
20870 3800
20874 3801
20878 3802
20882 3803
20886 3803
20890 3804
20894 3805
20898 3806
20902 3806
20906 3807
20910 3808
20914 3808
20918 3809
20922 3810
20926 3811
20930 3811
20934 3812
20938 3813
20942 3814
20946 3814
20950 3815
20954 3816
20958 3816
20962 3817
20966 3818
20970 3819
20974 3819
20978 3820
20982 3821
20986 3822
20990 3822
20994 3823
20998 3824
21002 3824
21006 3825
21010 3826
21014 3827
21018 3828
21022 3828
21026 3829
21030 3830
21034 3830
21038 3831
21042 3832
21046 3833
21050 3833
21054 3834
21058 3835
21062 3836
21066 3836
21070 3837
21074 3838
21078 3838
21082 3839
21086 3840
21090 3841
21094 3841
21098 3842
21102 3843
21106 3844
21110 3844
21114 3845
21118 3846
21122 3846
21126 3847
21130 3848
21134 3849
21138 3849
21142 3850
21146 3851
21150 3852
21154 3852
21158 3853
21162 3854
21166 3854
21170 3855
21174 3856
21178 3857
21182 3858
21186 3858
21190 3859
21194 3860
21198 3860
21202 3861
21206 3862
21210 3862
21214 3863
21218 3864
21222 3865
21226 3865
21230 3866
21234 3867
21238 3868
21242 3868
21246 3869
21250 3870
21254 3870
21258 3871
21262 3872
21266 3873
21270 3873
21274 3874
21278 3875
21282 3876
21286 3876
21290 3877
21294 3878
21298 3878
21302 3879
21306 3880
21310 3881
21314 3881
21318 3882
21322 3883
21326 3884
21330 3884
21334 3885
21338 3886
21342 3886
21346 3887
21350 3888
21354 3889
21358 3889
21362 3890
21366 3891
21370 3892
21374 3892
21378 3893
21382 3894
21386 3894
21390 3895
21394 3896
21398 3897
21402 3897
21406 3898
21410 3899
21414 3900
21418 3900
21422 3901
21426 3902
21430 3902
21434 3903
21438 3904
21442 3905
21446 3905
21450 3906
21454 3907
21458 3907
21462 3908
21466 3909
21470 3910
21474 3910
21478 3911
21482 3912
21486 3912
21490 3913
21494 3914
21498 3914
21502 3915
21506 3916
21510 3917
21514 3917
21518 3918
21522 3919
21526 3920
21530 3920
21534 3921
21538 3922
21542 3922
21546 3923
21550 3924
21554 3924
21558 3925
21562 3926
21566 3927
21570 3927
21574 3928
21578 3929
21582 3930
21586 3930
21590 3931
21594 3932
21598 3932
21602 3933
21606 3934
21610 3934
21614 3935
21618 3936
21622 3937
21626 3937
21630 3938
21634 3939
21638 3940
21642 3940
21646 3941
21650 3942
21654 3942
21658 3943
21662 3944
21666 3944
21670 3945
21674 3946
21678 3947
21682 3947
21686 3948
21690 3949
21694 3950
21698 3950
21702 3951
21706 3952
21710 3952
21714 3953
21718 3954
21722 3955
21726 3955
21730 3956
21734 3957
21738 3958
21742 3958
21746 3959
21750 3960
21754 3960
21758 3961
21762 3962
21766 3963
21770 3963
21774 3964
21778 3965
21782 3966
21786 3966
21790 3967
21794 3968
21798 3968
21802 3969
21806 3970
21810 3971
21814 3971
21818 3972
21822 3973
21826 3974
21830 3974
21834 3975
21838 3976
21842 3976
21846 3977
21850 3978
21854 3979
21858 3980
21862 3980
21866 3981
21870 3982
21874 3982
21878 3983
21882 3984
21886 3984
21890 3985
21894 3986
21898 3987
21902 3988
21906 3988
21910 3989
21914 3990
21918 3990
21922 3991
21926 3992
21930 3993
21934 3993
21938 3994
21942 3995
21946 3996
21950 3996
21954 3997
21958 3998
21962 3998
21966 3999
21970 4000
21974 4001
21978 4001
21982 4002
21986 4003
21990 4004
21994 4004
21998 4005
22002 4006
22006 4006
22010 4007
22014 4008
22018 4009
22022 4010
22026 4010
22030 4011
22034 4012
22038 4012
22042 4013
22046 4014
22050 4014
22054 4015
22058 4016
22062 4017
22066 4018
22070 4018
22074 4019
22078 4020
22082 4020
22086 4021
22090 4022
22094 4023
22098 4023
22102 4024
22106 4025
22110 4026
22114 4026
22118 4027
22122 4028
22126 4028
22130 4029
22134 4030
22138 4031
22142 4031
22146 4032
22150 4033
22154 4034
22158 4034
22162 4035
22166 4036
22170 4036
22174 4037
22178 4038
22182 4039
22186 4039
22190 4040
22194 4041
22198 4042
22202 4042
22206 4043
22210 4044
22214 4044
22218 4045
22222 4046
22226 4047
22230 4047
22234 4048
22238 4049
22242 4050
22246 4050
22250 4051
22254 4052
22258 4052
22262 4053
22266 4054
22270 4055
22274 4056
22278 4056
22282 4057
22286 4058
22290 4058
22294 4059
22298 4060
22302 4060
22306 4061
22310 4062
22314 4063
22318 4064
22322 4064
22326 4065
22330 4066
22334 4066
22338 4067
22342 4068
22346 4069
22350 4069
22354 4070
22358 4071
22362 4072
22366 4072
22370 4073
22374 4074
22378 4074
22382 4075
22386 4076
22390 4077
22394 4078
22398 4078
22402 4079
22406 4080
22410 4080
22414 4081
22418 4082
22422 4083
22426 4083
22430 4084
22434 4085
22438 4086
22442 4086
22446 4087
22450 4088
22454 4088
22458 4089
22462 4090
22466 4091
22470 4092
22474 4092
22478 4093
22482 4094
22486 4094
22490 4095
22494 4096
22498 4097
22502 4098
22506 4098
22510 4099
22514 4100
22518 4100
22522 4101
22526 4102
22530 4103
22534 4103
22538 4104
22542 4105
22546 4106
22550 4106
22554 4107
22558 4108
22562 4109
22566 4109
22570 4110
22574 4111
22578 4112
22582 4112
22586 4113
22590 4114
22594 4115
22598 4115
22602 4116
22606 4117
22610 4118
22614 4118
22618 4119
22622 4120
22626 4121
22630 4121
22634 4122
22638 4123
22642 4124
22646 4124
22650 4125
22654 4126
22658 4126
22662 4127
22666 4128
22670 4129
22674 4130
22678 4130
22682 4131
22686 4132
22690 4132
22694 4133
22698 4134
22702 4135
22706 4135
22710 4136
22714 4137
22718 4138
22722 4138
22726 4139
22730 4140
22734 4141
22738 4141
22742 4142
22746 4143
22750 4144
22754 4144
22758 4145
22762 4146
22766 4146
22770 4147
22774 4148
22778 4149
22782 4150
22786 4150
22790 4151
22794 4152
22798 4152
22802 4153
22806 4154
22810 4155
22814 4155
22818 4156
22822 4157
22826 4158
22830 4158
22834 4159
22838 4160
22842 4160
22846 4161
22850 4162
22854 4163
22858 4163
22862 4164
22866 4165
22870 4166
22874 4166
22878 4167
22882 4168
22886 4169
22890 4169
22894 4170
22898 4171
22902 4172
22906 4172
22910 4173
22914 4174
22918 4174
22922 4175
22926 4176
22930 4177
22934 4177
22938 4178
22942 4179
22946 4180
22950 4180
22954 4181
22958 4182
22962 4182
22966 4183
22970 4184
22974 4185
22978 4185
22982 4186
22986 4187
22990 4188
22994 4188
22998 4189
23002 4190
23006 4190
23010 4191
23014 4192
23018 4193
23022 4193
23026 4194
23030 4195
23034 4196
23038 4196
23042 4197
23046 4198
23050 4199
23054 4199
23058 4200
23062 4201
23066 4201
23070 4202
23074 4203
23078 4204
23082 4204
23086 4205
23090 4206
23094 4207
23098 4207
23102 4208
23106 4209
23110 4210
23114 4210
23118 4211
23122 4212
23126 4212
23130 4213
23134 4214
23138 4215
23142 4215
23146 4216
23150 4217
23154 4218
23158 4218
23162 4219
23166 4220
23170 4220
23174 4221
23178 4222
23182 4223
23186 4223
23190 4224
23194 4225
23198 4226
23202 4226
23206 4227
23210 4228
23214 4228
23218 4229
23222 4230
23226 4230
23230 4231
23234 4232
23238 4233
23242 4234
23246 4234
23250 4235
23254 4236
23258 4236
23262 4237
23266 4238
23270 4239
23274 4239
23278 4240
23282 4241
23286 4242
23290 4242
23294 4243
23298 4244
23302 4244
23306 4245
23310 4246
23314 4246
23318 4247
23322 4248
23326 4249
23330 4250
23334 4250
23338 4251
23342 4252
23346 4252
23350 4253
23354 4254
23358 4254
23362 4255
23366 4256
23370 4257
23374 4257
23378 4258
23382 4259
23386 4260
23390 4260
23394 4261
23398 4262
23402 4262
23406 4263
23410 4264
23414 4265
23418 4265
23422 4266
23426 4267
23430 4267
23434 4268
23438 4269
23442 4270
23446 4270
23450 4271
23454 4272
23458 4272
23462 4273
23466 4274
23470 4274
23474 4275
23478 4276
23482 4277
23486 4277
23490 4278
23494 4279
23498 4280
23502 4280
23506 4281
23510 4282
23514 4282
23518 4283
23522 4284
23526 4284
23530 4285
23534 4286
23538 4287
23542 4287
23546 4288
23550 4289
23554 4290
23558 4290
23562 4291
23566 4292
23570 4292
23574 4293
23578 4294
23582 4294
23586 4295
23590 4296
23594 4297
23598 4297
23602 4298
23606 4299
23610 4299
23614 4300
23618 4301
23622 4302
23626 4302
23630 4303
23634 4304
23638 4304
23642 4305
23646 4306
23650 4307
23654 4307
23658 4308
23662 4309
23666 4310
23670 4310
23674 4311
23678 4312
23682 4312
23686 4313
23690 4314
23694 4315
23698 4315
23702 4316
23706 4317
23710 4318
23714 4318
23718 4319
23722 4320
23726 4320
23730 4321
23734 4322
23738 4322
23742 4323
23746 4324
23750 4325
23754 4325
23758 4326
23762 4327
23766 4328
23770 4328
23774 4329
23778 4330
23782 4330
23786 4331
23790 4332
23794 4333
23798 4334
23802 4334
23806 4335
23810 4336
23814 4336
23818 4337
23822 4338
23826 4339
23830 4339
23834 4340
23838 4341
23842 4342
23846 4342
23850 4343
23854 4344
23858 4344
23862 4345
23866 4346
23870 4347
23874 4347
23878 4348
23882 4349
23886 4350
23890 4350
23894 4351
23898 4352
23902 4352
23906 4353
23910 4354
23914 4355
23918 4356
23922 4356
23926 4357
23930 4358
23934 4358
23938 4359
23942 4360
23946 4361
23950 4361
23954 4362
23958 4363
23962 4364
23966 4364
23970 4365
23974 4366
23978 4366
23982 4367
23986 4368
23990 4369
23994 4369
23998 4370
24002 4371
24006 4371
24010 4372
24014 4373
24018 4374
24022 4374
24026 4375
24030 4376
24034 4376
24038 4377
24042 4378
24046 4379
24050 4379
24054 4380
24058 4381
24062 4382
24066 4382
24070 4383
24074 4384
24078 4385
24082 4385
24086 4386
24090 4387
24094 4388
24098 4388
24102 4389
24106 4390
24110 4390
24114 4391
24118 4392
24122 4393
24126 4393
24130 4394
24134 4395
24138 4395
24142 4396
24146 4397
24150 4398
24154 4398
24158 4399
24162 4400
24166 4401
24170 4401
24174 4402
24178 4403
24182 4404
24186 4404
24190 4405
24194 4406
24198 4406
24202 4407
24206 4408
24210 4409
24214 4409
24218 4410
24222 4411
24226 4412
24230 4412
24234 4413
24238 4414
24242 4414
24246 4415
24250 4416
24254 4417
24258 4417
24262 4418
24266 4419
24270 4420
24274 4420
24278 4421
24282 4422
24286 4422
24290 4423
24294 4424
24298 4425
24302 4425
24306 4426
24310 4427
24314 4428
24318 4428
24322 4429
24326 4430
24330 4430
24334 4431
24338 4432
24342 4433
24346 4434
24350 4434
24354 4435
24358 4436
24362 4436
24366 4437
24370 4438
24374 4439
24378 4439
24382 4440
24386 4441
24390 4442
24394 4442
24398 4443
24402 4444
24406 4445
24410 4445
24414 4446
24418 4447
24422 4448
24426 4448
24430 4449
24434 4450
24438 4450
24442 4451
24446 4452
24450 4453
24454 4454
24458 4454
24462 4455
24466 4456
24470 4456
24474 4457
24478 4458
24482 4459
24486 4460
24490 4460
24494 4461
24498 4462
24502 4462
24506 4463
24510 4464
24514 4465
24518 4465
24522 4466
24526 4467
24530 4468
24534 4468
24538 4469
24542 4470
24546 4470
24550 4471
24554 4472
24558 4473
24562 4474
24566 4474
24570 4475
24574 4476
24578 4477
24582 4477
24586 4478
24590 4479
24594 4480
24598 4480
24602 4481
24606 4482
24610 4483
24614 4483
24618 4484
24622 4485
24626 4486
24630 4486
24634 4487
24638 4488
24642 4488
24646 4489
24650 4490
24654 4491
24658 4491
24662 4492
24666 4493
24670 4494
24674 4494
24678 4495
24682 4496
24686 4497
24690 4497
24694 4498
24698 4499
24702 4500
24706 4500
24710 4501
24714 4502
24718 4502
24722 4503
24726 4504
24730 4505
24734 4506
24738 4506
24742 4507
24746 4508
24750 4508
24754 4509
24758 4510
24762 4511
24766 4511
24770 4512
24774 4513
24778 4514
24782 4514
24786 4515
24790 4516
24794 4516
24798 4517
24802 4518
24806 4519
24810 4519
24814 4520
24818 4521
24822 4522
24826 4522
24830 4523
24834 4524
24838 4525
24842 4525
24846 4526
24850 4527
24854 4528
24858 4528
24862 4529
24866 4530
24870 4530
24874 4531
24878 4532
24882 4533
24886 4533
24890 4534
24894 4535
24898 4536
24902 4536
24906 4537
24910 4538
24914 4538
24918 4539
24922 4540
24926 4541
24930 4541
24934 4542
24938 4543
24942 4544
24946 4544
24950 4545
24954 4546
24958 4546
24962 4547
24966 4548
24970 4549
24974 4550
24978 4550
24982 4551
24986 4552
24990 4552
24994 4553
24998 4554
25002 4555
25006 4555
25010 4556
25014 4557
25018 4558
25022 4558
25026 4559
25030 4560
25034 4560
25038 4561
25042 4562
25046 4563
25050 4563
25054 4564
25058 4565
25062 4566
25066 4566
25070 4567
25074 4568
25078 4568
25082 4569
25086 4570
25090 4571
25094 4571
25098 4572
25102 4573
25106 4574
25110 4574
25114 4575
25118 4576
25122 4576
25126 4577
25130 4578
25134 4579
25138 4580
25142 4580
25146 4581
25150 4582
25154 4582
25158 4583
25162 4584
25166 4584
25170 4585
25174 4586
25178 4587
25182 4587
25186 4588
25190 4589
25194 4590
25198 4590
25202 4591
25206 4592
25210 4592
25214 4593
25218 4594
25222 4595
25226 4595
25230 4596
25234 4597
25238 4598
25242 4598
25246 4599
25250 4600
25254 4600
25258 4601
25262 4602
25266 4603
25270 4603
25274 4604
25278 4605
25282 4606
25286 4606
25290 4607
25294 4608
25298 4608
25302 4609
25306 4610
25310 4610
25314 4611
25318 4612
25322 4613
25326 4613
25330 4614
25334 4615
25338 4616
25342 4616
25346 4617
25350 4618
25354 4618
25358 4619
25362 4620
25366 4621
25370 4621
25374 4622
25378 4623
25382 4624
25386 4624
25390 4625
25394 4626
25398 4626
25402 4627
25406 4628
25410 4628
25414 4629
25418 4630
25422 4631
25426 4631
25430 4632
25434 4633
25438 4633
25442 4634
25446 4635
25450 4636
25454 4636
25458 4637
25462 4638
25466 4638
25470 4639
25474 4640
25478 4641
25482 4641
25486 4642
25490 4643
25494 4643
25498 4644
25502 4645
25506 4646
25510 4646
25514 4647
25518 4648
25522 4648
25526 4649
25530 4650
25534 4650
25538 4651
25542 4652
25546 4653
25550 4653
25554 4654
25558 4655
25562 4656
25566 4656
25570 4657
25574 4658
25578 4658
25582 4659
25586 4660
25590 4661
25594 4661
25598 4662
25602 4663
25606 4663
25610 4664
25614 4665
25618 4666
25622 4666
25626 4667
25630 4668
25634 4669
25638 4669
25642 4670
25646 4671
25650 4672
25654 4672
25658 4673
25662 4674
25666 4674
25670 4675
25674 4676
25678 4677
25682 4677
25686 4678
25690 4679
25694 4680
25698 4680
25702 4681
25706 4682
25710 4682
25714 4683
25718 4684
25722 4685
25726 4685
25730 4686
25734 4687
25738 4687
25742 4688
25746 4689
25750 4690
25754 4690
25758 4691
25762 4692
25766 4693
25770 4693
25774 4694
25778 4695
25782 4696
25786 4696
25790 4697
25794 4698
25798 4698
25802 4699
25806 4700
25810 4701
25814 4701
25818 4702
25822 4703
25826 4704
25830 4704
25834 4705
25838 4706
25842 4706
25846 4707
25850 4708
25854 4709
25858 4709
25862 4710
25866 4711
25870 4712
25874 4712
25878 4713
25882 4714
25886 4715
25890 4715
25894 4716
25898 4717
25902 4718
25906 4718
25910 4719
25914 4720
25918 4720
25922 4721
25926 4722
25930 4723
25934 4723
25938 4724
25942 4725
25946 4726
25950 4726
25954 4727
25958 4728
25962 4728
25966 4729
25970 4730
25974 4731
25978 4731
25982 4732
25986 4733
25990 4734
25994 4734
25998 4735
26002 4736
26006 4736
26010 4737
26014 4738
26018 4739
26022 4739
26026 4740
26030 4741
26034 4742
26038 4742
26042 4743
26046 4744
26050 4744
26054 4745
26058 4746
26062 4747
26066 4747
26070 4748
26074 4749
26078 4750
26082 4750
26086 4751
26090 4752
26094 4752
26098 4753
26102 4754
26106 4755
26110 4755
26114 4756
26118 4757
26122 4758
26126 4758
26130 4759
26134 4760
26138 4760
26142 4761
26146 4762
26150 4763
26154 4763
26158 4764
26162 4765
26166 4766
26170 4766
26174 4767
26178 4768
26182 4768
26186 4769
26190 4770
26194 4771
26198 4771
26202 4772
26206 4773
26210 4774
26214 4774
26218 4775
26222 4776
26226 4776
26230 4777
26234 4778
26238 4779
26242 4779
26246 4780
26250 4781
26254 4782
26258 4782
26262 4783
26266 4784
26270 4784
26274 4785
26278 4786
26282 4787
26286 4788
26290 4788
26294 4789
26298 4790
26302 4790
26306 4791
26310 4792
26314 4793
26318 4793
26322 4794
26326 4795
26330 4796
26334 4796
26338 4797
26342 4798
26346 4799
26350 4799
26354 4800
26358 4801
26362 4802
26366 4802
26370 4803
26374 4804
26378 4804
26382 4805
26386 4806
26390 4807
26394 4808
26398 4808
26402 4809
26406 4810
26410 4810
26414 4811
26418 4812
26422 4813
26426 4814
26430 4814
26434 4815
26438 4816
26442 4816
26446 4817
26450 4818
26454 4819
26458 4820
26462 4820
26466 4821
26470 4822
26474 4822
26478 4823
26482 4824
26486 4825
26490 4825
26494 4826
26498 4827
26502 4828
26506 4828
26510 4829
26514 4830
26518 4830
26522 4831
26526 4832
26530 4833
26534 4834
26538 4834
26542 4835
26546 4836
26550 4836
26554 4837
26558 4838
26562 4839
26566 4840
26570 4840
26574 4841
26578 4842
26582 4842
26586 4843
26590 4844
26594 4845
26598 4845
26602 4846
26606 4847
26610 4848
26614 4848
26618 4849
26622 4850
26626 4851
26630 4851
26634 4852
26638 4853
26642 4854
26646 4854
26650 4855
26654 4856
26658 4856
26662 4857
26666 4858
26670 4859
26674 4859
26678 4860
26682 4861
26686 4862
26690 4862
26694 4863
26698 4864
26702 4865
26706 4865
26710 4866
26714 4867
26718 4868
26722 4868
26726 4869
26730 4870
26734 4870
26738 4871
26742 4872
26746 4873
26750 4873
26754 4874
26758 4875
26762 4876
26766 4876
26770 4877
26774 4878
26778 4879
26782 4879
26786 4880
26790 4881
26794 4882
26798 4882
26802 4883
26806 4884
26810 4884
26814 4885
26818 4886
26822 4887
26826 4887
26830 4888
26834 4889
26838 4890
26842 4890
26846 4891
26850 4892
26854 4892
26858 4893
26862 4894
26866 4895
26870 4896
26874 4896
26878 4897
26882 4898
26886 4898
26890 4899
26894 4900
26898 4901
26902 4901
26906 4902
26910 4903
26914 4904
26918 4904
26922 4905
26926 4906
26930 4906
26934 4907
26938 4908
26942 4909
26946 4909
26950 4910
26954 4911
26958 4912
26962 4912
26966 4913
26970 4914
26974 4914
26978 4915
26982 4916
26986 4917
26990 4918
26994 4918
26998 4919
27002 4920
27006 4920
27010 4921
27014 4922
27018 4923
27022 4923
27026 4924
27030 4925
27034 4926
27038 4926
27042 4927
27046 4928
27050 4928
27054 4929
27058 4930
27062 4931
27066 4931
27070 4932
27074 4933
27078 4934
27082 4934
27086 4935
27090 4936
27094 4936
27098 4937
27102 4938
27106 4939
27110 4939
27114 4940
27118 4941
27122 4942
27126 4942
27130 4943
27134 4944
27138 4944
27142 4945
27146 4946
27150 4947
27154 4947
27158 4948
27162 4949
27166 4950
27170 4950
27174 4951
27178 4952
27182 4952
27186 4953
27190 4954
27194 4955
27198 4955
27202 4956
27206 4957
27210 4958
27214 4958
27218 4959
27222 4960
27226 4960
27230 4961
27234 4962
27238 4963
27242 4963
27246 4964
27250 4965
27254 4965
27258 4966
27262 4967
27266 4968
27270 4968
27274 4969
27278 4970
27282 4970
27286 4971
27290 4972
27294 4972
27298 4973
27302 4974
27306 4975
27310 4975
27314 4976
27318 4977
27322 4978
27326 4978
27330 4979
27334 4980
27338 4980
27342 4981
27346 4982
27350 4983
27354 4983
27358 4984
27362 4985
27366 4986
27370 4986
27374 4987
27378 4988
27382 4988
27386 4989
27390 4990
27394 4990
27398 4991
27402 4992
27406 4993
27410 4993
27414 4994
27418 4995
27422 4995
27426 4996
27430 4997
27434 4998
27438 4998
27442 4999
27446 5000
27450 5000
27454 5001
27458 5002
27462 5002
27466 5003
27470 5004
27474 5005
27478 5005
27482 5006
27486 5007
27490 5008
27494 5008
27498 5009
27502 5010
27506 5010
27510 5011
27514 5012
27518 5012
27522 5013
27526 5014
27530 5015
27534 5015
27538 5016
27542 5017
27546 5018
27550 5018
27554 5019
27558 5020
27562 5020
27566 5021
27570 5022
27574 5022
27578 5023
27582 5024
27586 5025
27590 5025
27594 5026
27598 5027
27602 5028
27606 5028
27610 5029
27614 5030
27618 5030
27622 5031
27626 5032
27630 5033
27634 5033
27638 5034
27642 5035
27646 5036
27650 5036
27654 5037
27658 5038
27662 5038
27666 5039
27670 5040
27674 5041
27678 5041
27682 5042
27686 5043
27690 5044
27694 5044
27698 5045
27702 5046
27706 5046
27710 5047
27714 5048
27718 5049
27722 5049
27726 5050
27730 5051
27734 5052
27738 5052
27742 5053
27746 5054
27750 5055
27754 5055
27758 5056
27762 5057
27766 5058
27770 5058
27774 5059
27778 5060
27782 5060
27786 5061
27790 5062
27794 5062
27798 5063
27802 5064
27806 5065
27810 5066
27814 5066
27818 5067
27822 5068
27826 5068
27830 5069
27834 5070
27838 5070
27842 5071
27846 5072
27850 5073
27854 5074
27858 5074
27862 5075
27866 5076
27870 5076
27874 5077
27878 5078
27882 5079
27886 5079
27890 5080
27894 5081
27898 5082
27902 5082
27906 5083
27910 5084
27914 5084
27918 5085
27922 5086
27926 5086
27930 5087
27934 5088
27938 5089
27942 5090
27946 5090
27950 5091
27954 5092
27958 5092
27962 5093
27966 5094
27970 5094
27974 5095
27978 5096
27982 5097
27986 5097
27990 5098
27994 5099
27998 5100
28002 5100
28006 5101
28010 5102
28014 5102
28018 5103
28022 5104
28026 5105
28030 5106
28034 5106
28038 5107
28042 5108
28046 5108
28050 5109
28054 5110
28058 5110
28062 5111
28066 5112
28070 5113
28074 5113
28078 5114
28082 5115
28086 5116
28090 5116
28094 5117
28098 5118
28102 5118
28106 5119
28110 5120
28114 5121
28118 5121
28122 5122
28126 5123
28130 5124
28134 5124
28138 5125
28142 5126
28146 5126
28150 5127
28154 5128
28158 5129
28162 5129
28166 5130
28170 5131
28174 5132
28178 5132
28182 5133
28186 5134
28190 5135
28194 5135
28198 5136
28202 5137
28206 5138
28210 5138
28214 5139
28218 5140
28222 5140
28226 5141
28230 5142
28234 5143
28238 5143
28242 5144
28246 5145
28250 5146
28254 5146
28258 5147
28262 5148
28266 5148
28270 5149
28274 5150
28278 5151
28282 5152
28286 5152
28290 5153
28294 5154
28298 5154
28302 5155
28306 5156
28310 5157
28314 5157
28318 5158
28322 5159
28326 5160
28330 5160
28334 5161
28338 5162
28342 5162
28346 5163
28350 5164
28354 5165
28358 5166
28362 5166
28366 5167
28370 5168
28374 5168
28378 5169
28382 5170
28386 5171
28390 5172
28394 5172
28398 5173
28402 5174
28406 5174
28410 5175
28414 5176
28418 5177
28422 5177
28426 5178
28430 5179
28434 5180
28438 5180
28442 5181
28446 5182
28450 5183
28454 5183
28458 5184
28462 5185
28466 5186
28470 5186
28474 5187
28478 5188
28482 5188
28486 5189
28490 5190
28494 5191
28498 5192
28502 5192
28506 5193
28510 5194
28514 5194
28518 5195
28522 5196
28526 5197
28530 5197
28534 5198
28538 5199
28542 5200
28546 5200
28550 5201
28554 5202
28558 5203
28562 5203
28566 5204
28570 5205
28574 5206
28578 5206
28582 5207
28586 5208
28590 5208
28594 5209
28598 5210
28602 5211
28606 5211
28610 5212
28614 5213
28618 5214
28622 5214
28626 5215
28630 5216
28634 5217
28638 5217
28642 5218
28646 5219
28650 5220
28654 5220
28658 5221
28662 5222
28666 5223
28670 5223
28674 5224
28678 5225
28682 5226
28686 5226
28690 5227
28694 5228
28698 5228
28702 5229
28706 5230
28710 5231
28714 5232
28718 5232
28722 5233
28726 5234
28730 5234
28734 5235
28738 5236
28742 5236
28746 5237
28750 5238
28754 5239
28758 5240
28762 5240
28766 5241
28770 5242
28774 5242
28778 5243
28782 5244
28786 5245
28790 5245
28794 5246
28798 5247
28802 5248
28806 5248
28810 5249
28814 5250
28818 5250
28822 5251
28826 5252
28830 5253
28834 5253
28838 5254
28842 5255
28846 5256
28850 5256
28854 5257
28858 5258
28862 5258
28866 5259
28870 5260
28874 5261
28878 5262
28882 5262
28886 5263
28890 5264
28894 5264
28898 5265
28902 5266
28906 5267
28910 5267
28914 5268
28918 5269
28922 5270
28926 5270
28930 5271
28934 5272
28938 5272
28942 5273
28946 5274
28950 5275
28954 5276
28958 5276
28962 5277
28966 5278
28970 5278
28974 5279
28978 5280
28982 5281
28986 5281
28990 5282
28994 5283
28998 5284
29002 5284
29006 5285
29010 5286
29014 5286
29018 5287
29022 5288
29026 5289
29030 5289
29034 5290
29038 5291
29042 5292
29046 5292
29050 5293
29054 5294
29058 5294
29062 5295
29066 5296
29070 5297
29074 5297
29078 5298
29082 5299
29086 5300
29090 5300
29094 5301
29098 5302
29102 5302
29106 5303
29110 5304
29114 5305
29118 5305
29122 5306
29126 5307
29130 5308
29134 5308
29138 5309
29142 5310
29146 5310
29150 5311
29154 5312
29158 5312
29162 5313
29166 5314
29170 5315
29174 5316
29178 5316
29182 5317
29186 5318
29190 5318
29194 5319
29198 5320
29202 5321
29206 5321
29210 5322
29214 5323
29218 5323
29222 5324
29226 5325
29230 5326
29234 5326
29238 5327
29242 5328
29246 5328
29250 5329
29254 5330
29258 5331
29262 5331
29266 5332
29270 5333
29274 5333
29278 5334
29282 5335
29286 5336
29290 5336
29294 5337
29298 5338
29302 5338
29306 5339
29310 5340
29314 5341
29318 5341
29322 5342
29326 5343
29330 5344
29334 5344
29338 5345
29342 5346
29346 5346
29350 5347
29354 5348
29358 5348
29362 5349
29366 5350
29370 5351
29374 5351
29378 5352
29382 5353
29386 5354
29390 5354
29394 5355
29398 5356
29402 5356
29406 5357
29410 5358
29414 5358
29418 5359
29422 5360
29426 5361
29430 5361
29434 5362
29438 5363
29442 5363
29446 5364
29450 5365
29454 5366
29458 5366
29462 5367
29466 5368
29470 5368
29474 5369
29478 5370
29482 5371
29486 5371
29490 5372
29494 5373
29498 5374
29502 5374
29506 5375
29510 5376
29514 5376
29518 5377
29522 5378
29526 5378
29530 5379
29534 5380
29538 5381
29542 5381
29546 5382
29550 5383
29554 5384
29558 5384
29562 5385
29566 5386
29570 5386
29574 5387
29578 5388
29582 5389
29586 5389
29590 5390
29594 5391
29598 5392
29602 5392
29606 5393
29610 5394
29614 5394
29618 5395
29622 5396
29626 5397
29630 5397
29634 5398
29638 5399
29642 5400
29646 5400
29650 5401
29654 5402
29658 5402
29662 5403
29666 5404
29670 5405
29674 5405
29678 5406
29682 5407
29686 5408
29690 5408
29694 5409
29698 5410
29702 5410
29706 5411
29710 5412
29714 5413
29718 5414
29722 5414
29726 5415
29730 5416
29734 5416
29738 5417
29742 5418
29746 5419
29750 5419
29754 5420
29758 5421
29762 5422
29766 5422
29770 5423
29774 5424
29778 5424
29782 5425
29786 5426
29790 5427
29794 5427
29798 5428
29802 5429
29806 5430
29810 5430
29814 5431
29818 5432
29822 5432
29826 5433
29830 5434
29834 5435
29838 5435
29842 5436
29846 5437
29850 5438
29854 5438
29858 5439
29862 5440
29866 5440
29870 5441
29874 5442
29878 5443
29882 5443
29886 5444
29890 5445
29894 5446
29898 5446
29902 5447
29906 5448
29910 5448
29914 5449
29918 5450
29922 5451
29926 5451
29930 5452
29934 5453
29938 5454
29942 5454
29946 5455
29950 5456
29954 5456
29958 5457
29962 5458
29966 5459
29970 5459
29974 5460
29978 5461
29982 5462
29986 5462
29990 5463
29994 5464
29998 5464
