10 0
14 0
18 0
22 0
26 1
30 1
34 2
38 3
42 4
46 5
50 6
54 7
58 8
62 9
66 11
70 12
74 14
78 15
82 17
86 18
90 20
94 22
98 24
102 25
106 27
110 29
114 31
118 33
122 35
126 37
130 39
134 41
138 43
142 45
146 47
150 50
154 52
158 54
162 56
166 58
170 60
174 63
178 65
182 67
186 69
190 72
194 74
198 76
202 78
206 81
210 83
214 85
218 88
222 90
226 92
230 94
234 97
238 99
242 102
246 104
250 106
254 108
258 111
262 113
266 116
270 118
274 120
278 122
282 125
286 127
290 130
294 132
298 134
302 136
306 139
310 141
314 144
318 146
322 148
326 151
330 153
334 155
338 158
342 160
346 162
350 165
354 167
358 170
362 172
366 174
370 177
374 179
378 182
382 184
386 186
390 188
394 191
398 193
402 196
406 198
410 200
414 203
418 205
422 208
426 210
430 212
434 215
438 217
442 220
446 222
450 224
454 227
458 229
462 232
466 234
470 236
474 239
478 241
482 244
486 246
490 248
494 251
498 253
502 256
506 258
510 260
514 263
518 265
522 268
526 270
530 273
534 275
538 278
542 280
546 282
550 285
554 287
558 290
562 292
566 294
570 297
574 299
578 302
582 304
586 306
590 309
594 311
598 314
602 316
606 319
610 321
614 324
618 326
622 328
626 331
630 333
634 336
638 338
642 340
646 343
650 345
654 348
658 350
662 353
666 355
670 358
674 360
678 362
682 365
686 367
690 370
694 372
698 375
702 377
706 379
710 382
714 384
718 387
722 389
726 392
730 394
734 396
738 399
742 401
746 404
750 406
754 409
758 411
762 414
766 416
770 418
774 421
778 423
782 426
786 428
790 430
794 433
798 435
802 438
806 440
810 443
814 445
818 448
822 450
826 452
830 455
834 457
838 460
842 462
846 464
850 467
854 469
858 472
862 474
866 476
870 479
874 481
878 484
882 486
886 488
890 491
894 493
898 495
902 498
906 500
910 503
914 505
918 507
922 510
926 512
930 514
934 517
938 519
942 522
946 524
950 526
954 529
958 531
962 534
966 536
970 538
974 541
978 543
982 546
986 548
990 550
994 553
998 555
1002 558
1006 560
1010 562
1014 565
1018 567
1022 570
1026 572
1030 574
1034 577
1038 579
1042 582
1046 584
1050 586
1054 589
1058 591
1062 594
1066 596
1070 598
1074 601
1078 603
1082 606
1086 608
1090 610
1094 613
1098 615
1102 618
1106 620
1110 622
1114 625
1118 627
1122 630
1126 632
1130 635
1134 637
1138 640
1142 642
1146 644
1150 647
1154 649
1158 652
1162 654
1166 656
1170 659
1174 661
1178 664
1182 666
1186 668
1190 671
1194 673
1198 676
1202 678
1206 681
1210 683
1214 686
1218 688
1222 690
1226 693
1230 695
1234 698
1238 700
1242 703
1246 705
1250 708
1254 710
1258 712
1262 715
1266 717
1270 720
1274 722
1278 724
1282 727
1286 729
1290 732
1294 734
1298 737
1302 739
1306 742
1310 744
1314 746
1318 749
1322 751
1326 754
1330 756
1334 759
1338 761
1342 764
1346 766
1350 768
1354 771
1358 773
1362 776
1366 778
1370 780
1374 783
1378 785
1382 788
1386 790
1390 793
1394 795
1398 798
1402 800
1406 802
1410 805
1414 807
1418 810
1422 812
1426 814
1430 817
1434 819
1438 822
1442 824
1446 826
1450 829
1454 831
1458 834
1462 836
1466 838
1470 841
1474 843
1478 846
1482 848
1486 850
1490 853
1494 855
1498 857
1502 860
1506 862
1510 865
1514 867
1518 869
1522 872
1526 874
1530 877
1534 879
1538 881
1542 884
1546 886
1550 888
1554 891
1558 893
1562 896
1566 898
1570 900
1574 903
1578 905
1582 908
1586 910
1590 912
1594 915
1598 917
1602 920
1606 922
1610 924
1614 927
1618 929
1622 932
1626 934
1630 936
1634 939
1638 941
1642 944
1646 946
1650 948
1654 951
1658 953
1662 956
1666 958
1670 960
1674 963
1678 965
1682 968
1686 970
1690 972
1694 975
1698 977
1702 980
1706 982
1710 984
1714 987
1718 989
1722 992
1726 994
1730 996
1734 999
1738 1001
1742 1004
1746 1006
1750 1008
1754 1011
1758 1014
1762 1016
1766 1018
1770 1021
1774 1023
1778 1026
1782 1028
1786 1030
1790 1033
1794 1035
1798 1038
1802 1040
1806 1042
1810 1045
1814 1047
1818 1050
1822 1052
1826 1055
1830 1057
1834 1060
1838 1062
1842 1064
1846 1067
1850 1069
1854 1072
1858 1074
1862 1076
1866 1079
1870 1081
1874 1084
1878 1086
1882 1089
1886 1091
1890 1094
1894 1096
1898 1098
1902 1101
1906 1103
1910 1106
1914 1108
1918 1111
1922 1113
1926 1116
1930 1118
1934 1120
1938 1123
1942 1125
1946 1128
1950 1130
1954 1132
1958 1135
1962 1137
1966 1140
1970 1142
1974 1145
1978 1147
1982 1149
1986 1152
1990 1154
1994 1157
1998 1159
2002 1162
2006 1164
2010 1166
2014 1169
2018 1171
2022 1174
2026 1176
2030 1178
2034 1181
2038 1183
2042 1186
2046 1188
2050 1190
2054 1193
2058 1195
2062 1198
2066 1200
2070 1202
2074 1205
2078 1207
2082 1210
2086 1212
2090 1214
2094 1217
2098 1219
2102 1222
2106 1224
2110 1226
2114 1229
2118 1231
2122 1234
2126 1236
2130 1238
2134 1241
2138 1243
2142 1245
2146 1248
2150 1250
2154 1253
2158 1255
2162 1257
2166 1260
2170 1262
2174 1264
2178 1267
2182 1269
2186 1272
2190 1274
2194 1277
2198 1279
2202 1281
2206 1284
2210 1286
2214 1288
2218 1291
2222 1293
2226 1296
2230 1298
2234 1300
2238 1303
2242 1305
2246 1308
2250 1310
2254 1313
2258 1315
2262 1317
2266 1320
2270 1322
2274 1325
2278 1327
2282 1329
2286 1332
2290 1334
2294 1337
2298 1339
2302 1341
2306 1344
2310 1346
2314 1349
2318 1351
2322 1354
2326 1356
2330 1358
2334 1361
2338 1363
2342 1366
2346 1368
2350 1370
2354 1373
2358 1375
2362 1378
2366 1380
2370 1382
2374 1385
2378 1387
2382 1390
2386 1392
2390 1395
2394 1397
2398 1400
2402 1402
2406 1404
2410 1407
2414 1409
2418 1412
2422 1414
2426 1416
2430 1419
2434 1421
2438 1424
2442 1426
2446 1429
2450 1431
2454 1434
2458 1436
2462 1438
2466 1441
2470 1443
2474 1446
2478 1448
2482 1450
2486 1453
2490 1455
2494 1458
2498 1460
2502 1463
2506 1465
2510 1468
2514 1470
2518 1472
2522 1475
2526 1477
2530 1480
2534 1482
2538 1485
2542 1487
2546 1489
2550 1492
2554 1494
2558 1497
2562 1499
2566 1502
2570 1504
2574 1506
2578 1509
2582 1511
2586 1514
2590 1516
2594 1518
2598 1521
2602 1523
2606 1526
2610 1528
2614 1531
2618 1533
2622 1535
2626 1538
2630 1540
2634 1543
2638 1545
2642 1547
2646 1550
2650 1552
2654 1554
2658 1557
2662 1559
2666 1562
2670 1564
2674 1567
2678 1569
2682 1571
2686 1574
2690 1576
2694 1578
2698 1581
2702 1583
2706 1586
2710 1588
2714 1590
2718 1593
2722 1595
2726 1598
2730 1600
2734 1602
2738 1605
2742 1607
2746 1609
2750 1612
2754 1614
2758 1617
2762 1619
2766 1621
2770 1624
2774 1626
2778 1629
2782 1631
2786 1633
2790 1636
2794 1638
2798 1641
2802 1643
2806 1645
2810 1648
2814 1650
2818 1653
2822 1655
2826 1658
2830 1660
2834 1662
2838 1665
2842 1667
2846 1670
2850 1672
2854 1674
2858 1677
2862 1679
2866 1682
2870 1684
2874 1686
2878 1689
2882 1691
2886 1694
2890 1696
2894 1698
2898 1701
2902 1703
2906 1706
2910 1708
2914 1710
2918 1713
2922 1715
2926 1718
2930 1720
2934 1722
2938 1725
2942 1727
2946 1730
2950 1732
2954 1735
2958 1737
2962 1740
2966 1742
2970 1744
2974 1747
2978 1749
2982 1752
2986 1754
2990 1756
2994 1759
2998 1761
3002 1764
3006 1766
3010 1768
3014 1771
3018 1773
3022 1776
3026 1778
3030 1781
3034 1783
3038 1786
3042 1788
3046 1790
3050 1793
3054 1795
3058 1798
3062 1800
3066 1803
3070 1805
3074 1808
3078 1810
3082 1812
3086 1815
3090 1817
3094 1820
3098 1822
3102 1824
3106 1827
3110 1829
3114 1832
3118 1834
3122 1837
3126 1839
3130 1841
3134 1844
3138 1846
3142 1849
3146 1851
3150 1854
3154 1856
3158 1858
3162 1861
3166 1863
3170 1866
3174 1868
3178 1870
3182 1873
3186 1875
3190 1878
3194 1880
3198 1883
3202 1885
3206 1887
3210 1890
3214 1892
3218 1894
3222 1897
3226 1899
3230 1902
3234 1904
3238 1907
3242 1909
3246 1911
3250 1914
3254 1916
3258 1919
3262 1921
3266 1923
3270 1926
3274 1928
3278 1930
3282 1933
3286 1935
3290 1938
3294 1940
3298 1942
3302 1945
3306 1947
3310 1950
3314 1952
3318 1954
3322 1957
3326 1959
3330 1962
3334 1964
3338 1966
3342 1969
3346 1971
3350 1974
3354 1976
3358 1978
3362 1981
3366 1983
3370 1986
3374 1988
3378 1990
3382 1993
3386 1995
3390 1998
3394 2000
3398 2002
3402 2005
3406 2007
3410 2010
3414 2012
3418 2014
3422 2017
3426 2019
3430 2022
3434 2024
3438 2026
3442 2029
3446 2031
3450 2034
3454 2036
3458 2038
3462 2041
3466 2043
3470 2046
3474 2048
3478 2051
3482 2053
3486 2055
3490 2058
3494 2060
3498 2063
3502 2065
3506 2068
3510 2070
3514 2072
3518 2075
3522 2077
3526 2080
3530 2082
3534 2084
3538 2087
3542 2089
3546 2092
3550 2094
3554 2096
3558 2099
3562 2101
3566 2104
3570 2106
3574 2109
3578 2111
3582 2114
3586 2116
3590 2118
3594 2121
3598 2123
3602 2126
3606 2128
3610 2130
3614 2133
3618 2135
3622 2138
3626 2140
3630 2143
3634 2145
3638 2147
3642 2150
3646 2152
3650 2155
3654 2157
3658 2160
3662 2162
3666 2164
3670 2167
3674 2169
3678 2172
3682 2174
3686 2177
3690 2179
3694 2182
3698 2184
3702 2186
3706 2189
3710 2191
3714 2194
3718 2196
3722 2198
3726 2201
3730 2203
3734 2206
3738 2208
3742 2211
3746 2213
3750 2216
3754 2218
3758 2220
3762 2223
3766 2225
3770 2228
3774 2230
3778 2232
3782 2235
3786 2237
3790 2240
3794 2242
3798 2244
3802 2247
3806 2249
3810 2252
3814 2254
3818 2256
3822 2259
3826 2261
3830 2264
3834 2266
3838 2268
3842 2271
3846 2273
3850 2276
3854 2278
3858 2280
3862 2283
3866 2285
3870 2288
3874 2290
3878 2292
3882 2295
3886 2297
3890 2300
3894 2302
3898 2304
3902 2307
3906 2309
3910 2311
3914 2314
3918 2316
3922 2318
3926 2321
3930 2323
3934 2326
3938 2328
3942 2330
3946 2333
3950 2335
3954 2338
3958 2340
3962 2342
3966 2345
3970 2347
3974 2350
3978 2352
3982 2354
3986 2357
3990 2359
3994 2362
3998 2364
4002 2366
4006 2369
4010 2371
4014 2374
4018 2376
4022 2378
4026 2381
4030 2383
4034 2386
4038 2388
4042 2390
4046 2393
4050 2395
4054 2398
4058 2400
4062 2403
4066 2405
4070 2408
4074 2410
4078 2412
4082 2415
4086 2417
4090 2420
4094 2422
4098 2424
4102 2427
4106 2429
4110 2432
4114 2434
4118 2436
4122 2439
4126 2441
4130 2444
4134 2446
4138 2448
4142 2451
4146 2453
4150 2456
4154 2458
4158 2461
4162 2463
4166 2465
4170 2468
4174 2470
4178 2473
4182 2475
4186 2478
4190 2480
4194 2482
4198 2485
4202 2487
4206 2490
4210 2492
4214 2494
4218 2497
4222 2499
4226 2502
4230 2504
4234 2507
4238 2509
4242 2512
4246 2514
4250 2516
4254 2519
4258 2521
4262 2524
4266 2526
4270 2529
4274 2531
4278 2533
4282 2536
4286 2538
4290 2541
4294 2543
4298 2546
4302 2548
4306 2550
4310 2553
4314 2555
4318 2558
4322 2560
4326 2562
4330 2565
4334 2567
4338 2570
4342 2572
4346 2575
4350 2577
4354 2580
4358 2582
4362 2584
4366 2587
4370 2589
4374 2592
4378 2594
4382 2596
4386 2599
4390 2601
4394 2604
4398 2606
4402 2608
4406 2611
4410 2613
4414 2616
4418 2618
4422 2621
4426 2623
4430 2625
4434 2628
4438 2630
4442 2632
4446 2635
4450 2637
4454 2640
4458 2642
4462 2644
4466 2647
4470 2649
4474 2652
4478 2654
4482 2656
4486 2659
4490 2661
4494 2664
4498 2666
4502 2668
4506 2671
4510 2673
4514 2676
4518 2678
4522 2680
4526 2683
4530 2685
4534 2688
4538 2690
4542 2692
4546 2695
4550 2697
4554 2700
4558 2702
4562 2704
4566 2707
4570 2709
4574 2712
4578 2714
4582 2716
4586 2719
4590 2721
4594 2724
4598 2726
4602 2728
4606 2731
4610 2733
4614 2736
4618 2738
4622 2740
4626 2743
4630 2745
4634 2748
4638 2750
4642 2752
4646 2755
4650 2757
4654 2760
4658 2762
4662 2765
4666 2767
4670 2769
4674 2772
4678 2774
4682 2777
4686 2779
4690 2782
4694 2784
4698 2786
4702 2789
4706 2791
4710 2794
4714 2796
4718 2798
4722 2801
4726 2803
4730 2806
4734 2808
4738 2810
4742 2813
4746 2815
4750 2818
4754 2820
4758 2822
4762 2825
4766 2827
4770 2830
4774 2832
4778 2835
4782 2837
4786 2840
4790 2842
4794 2844
4798 2847
4802 2849
4806 2852
4810 2854
4814 2856
4818 2859
4822 2861
4826 2864
4830 2866
4834 2869
4838 2871
4842 2873
4846 2876
4850 2878
4854 2881
4858 2883
4862 2886
4866 2888
4870 2890
4874 2893
4878 2895
4882 2898
4886 2900
4890 2903
4894 2905
4898 2908
4902 2910
4906 2912
4910 2915
4914 2917
4918 2920
4922 2922
4926 2924
4930 2927
4934 2929
4938 2932
4942 2934
4946 2937
4950 2939
4954 2942
4958 2944
4962 2946
4966 2949
4970 2951
4974 2954
4978 2956
4982 2958
4986 2961
4990 2963
4994 2966
4998 2968
5002 2970
5006 2973
5010 2975
5014 2978
5018 2980
5022 2983
5026 2985
5030 2987
5034 2990
5038 2992
5042 2994
5046 2997
5050 2999
5054 3002
5058 3004
5062 3006
5066 3009
5070 3011
5074 3014
5078 3016
5082 3018
5086 3021
5090 3023
5094 3026
5098 3028
5102 3030
5106 3033
5110 3035
5114 3038
5118 3040
5122 3042
5126 3045
5130 3047
5134 3049
5138 3052
5142 3054
5146 3057
5150 3059
5154 3062
5158 3064
5162 3066
5166 3069
5170 3071
5174 3074
5178 3076
5182 3078
5186 3081
5190 3083
5194 3086
5198 3088
5202 3090
5206 3093
5210 3095
5214 3098
5218 3100
5222 3102
5226 3105
5230 3107
5234 3110
5238 3112
5242 3114
5246 3117
5250 3119
5254 3122
5258 3124
5262 3127
5266 3129
5270 3131
5274 3134
5278 3136
5282 3139
5286 3141
5290 3144
5294 3146
5298 3148
5302 3151
5306 3153
5310 3156
5314 3158
5318 3160
5322 3163
5326 3165
5330 3168
5334 3170
5338 3173
5342 3175
5346 3178
5350 3180
5354 3182
5358 3185
5362 3187
5366 3190
5370 3192
5374 3194
5378 3197
5382 3199
5386 3202
5390 3204
5394 3207
5398 3209
5402 3212
5406 3214
5410 3216
5414 3219
5418 3221
5422 3224
5426 3226
5430 3228
5434 3231
5438 3233
5442 3236
5446 3238
5450 3241
5454 3243
5458 3246
5462 3248
5466 3250
5470 3253
5474 3255
5478 3258
5482 3260
5486 3263
5490 3265
5494 3268
5498 3270
5502 3272
5506 3275
5510 3277
5514 3280
5518 3282
5522 3284
5526 3287
5530 3289
5534 3292
5538 3294
5542 3297
5546 3299
5550 3301
5554 3304
5558 3306
5562 3309
5566 3311
5570 3314
5574 3316
5578 3318
5582 3321
5586 3323
5590 3326
5594 3328
5598 3330
5602 3333
5606 3335
5610 3338
5614 3340
5618 3342
5622 3345
5626 3347
5630 3350
5634 3352
5638 3354
5642 3357
5646 3359
5650 3362
5654 3364
5658 3366
5662 3369
5666 3371
5670 3374
5674 3376
5678 3378
5682 3381
5686 3383
5690 3385
5694 3388
5698 3390
5702 3392
5706 3395
5710 3397
5714 3400
5718 3402
5722 3404
5726 3407
5730 3409
5734 3412
5738 3414
5742 3416
5746 3419
5750 3421
5754 3424
5758 3426
5762 3428
5766 3431
5770 3433
5774 3436
5778 3438
5782 3440
5786 3443
5790 3445
5794 3448
5798 3450
5802 3452
5806 3455
5810 3457
5814 3460
5818 3462
5822 3464
5826 3467
5830 3469
5834 3472
5838 3474
5842 3476
5846 3479
5850 3481
5854 3484
5858 3486
5862 3489
5866 3491
5870 3494
5874 3496
5878 3498
5882 3501
5886 3503
5890 3506
5894 3508
5898 3510
5902 3513
5906 3515
5910 3518
5914 3520
5918 3522
5922 3525
5926 3527
5930 3530
5934 3532
5938 3535
5942 3537
5946 3540
5950 3542
5954 3544
5958 3547
5962 3549
5966 3552
5970 3554
5974 3556
5978 3559
5982 3561
5986 3564
5990 3566
5994 3569
5998 3571
6002 3574
6006 3576
6010 3578
6014 3581
6018 3583
6022 3586
6026 3588
6030 3591
6034 3593
6038 3595
6042 3598
6046 3600
6050 3603
6054 3605
6058 3608
6062 3610
6066 3612
6070 3615
6074 3617
6078 3620
6082 3622
6086 3625
6090 3627
6094 3630
6098 3632
6102 3634
6106 3637
6110 3639
6114 3642
6118 3644
6122 3646
6126 3649
6130 3651
6134 3654
6138 3656
6142 3659
6146 3661
6150 3664
6154 3666
6158 3668
6162 3671
6166 3673
6170 3676
6174 3678
6178 3680
6182 3683
6186 3685
6190 3688
6194 3690
6198 3692
6202 3695
6206 3697
6210 3700
6214 3702
6218 3704
6222 3707
6226 3709
6230 3712
6234 3714
6238 3716
6242 3719
6246 3721
6250 3724
6254 3726
6258 3728
6262 3731
6266 3733
6270 3736
6274 3738
6278 3740
6282 3743
6286 3745
6290 3747
6294 3750
6298 3752
6302 3754
6306 3757
6310 3759
6314 3762
6318 3764
6322 3766
6326 3769
6330 3771
6334 3774
6338 3776
6342 3778
6346 3781
6350 3783
6354 3786
6358 3788
6362 3790
6366 3793
6370 3795
6374 3798
6378 3800
6382 3802
6386 3805
6390 3807
6394 3810
6398 3812
6402 3814
6406 3817
6410 3819
6414 3822
6418 3824
6422 3827
6426 3829
6430 3831
6434 3834
6438 3836
6442 3839
6446 3841
6450 3843
6454 3846
6458 3848
6462 3851
6466 3853
6470 3856
6474 3858
6478 3860
6482 3863
6486 3865
6490 3868
6494 3870
6498 3872
6502 3875
6506 3877
6510 3880
6514 3882
6518 3885
6522 3887
6526 3890
6530 3892
6534 3894
6538 3897
6542 3899
6546 3902
6550 3904
6554 3906
6558 3909
6562 3911
6566 3914
6570 3916
6574 3919
6578 3921
6582 3924
6586 3926
6590 3928
6594 3931
6598 3933
6602 3936
6606 3938
6610 3941
6614 3943
6618 3946
6622 3948
6626 3950
6630 3953
6634 3955
6638 3958
6642 3960
6646 3963
6650 3965
6654 3968
6658 3970
6662 3972
6666 3975
6670 3977
6674 3980
6678 3982
6682 3984
6686 3987
6690 3990
6694 3992
6698 3994
6702 3997
6706 3999
6710 4002
6714 4004
6718 4006
6722 4009
6726 4011
6730 4014
6734 4016
6738 4019
6742 4021
6746 4023
6750 4026
6754 4028
6758 4031
6762 4033
6766 4036
6770 4038
6774 4040
6778 4043
6782 4045
6786 4048
6790 4050
6794 4052
6798 4055
6802 4057
6806 4060
6810 4062
6814 4064
6818 4067
6822 4069
6826 4072
6830 4074
6834 4076
6838 4079
6842 4081
6846 4084
6850 4086
6854 4088
6858 4091
6862 4093
6866 4096
6870 4098
6874 4100
6878 4102
6882 4105
6886 4107
6890 4110
6894 4112
6898 4114
6902 4117
6906 4119
6910 4122
6914 4124
6918 4126
6922 4129
6926 4131
6930 4134
6934 4136
6938 4138
6942 4141
6946 4143
6950 4145
6954 4148
6958 4150
6962 4153
6966 4155
6970 4157
6974 4160
6978 4162
6982 4165
6986 4167
6990 4169
6994 4172
6998 4174
7002 4177
7006 4179
7010 4182
7014 4184
7018 4186
7022 4189
7026 4191
7030 4193
7034 4196
7038 4198
7042 4201
7046 4203
7050 4206
7054 4208
7058 4210
7062 4213
7066 4215
7070 4218
7074 4220
7078 4222
7082 4225
7086 4227
7090 4230
7094 4232
7098 4234
7102 4237
7106 4239
7110 4242
7114 4244
7118 4247
7122 4249
7126 4252
7130 4254
7134 4256
7138 4259
7142 4261
7146 4264
7150 4266
7154 4268
7158 4271
7162 4274
7166 4276
7170 4278
7174 4281
7178 4283
7182 4286
7186 4288
7190 4290
7194 4293
7198 4295
7202 4298
7206 4300
7210 4303
7214 4305
7218 4308
7222 4310
7226 4312
7230 4315
7234 4317
7238 4320
7242 4322
7246 4325
7250 4327
7254 4330
7258 4332
7262 4334
7266 4337
7270 4339
7274 4342
7278 4344
7282 4346
7286 4349
7290 4351
7294 4354
7298 4356
7302 4359
7306 4361
7310 4364
7314 4366
7318 4368
7322 4371
7326 4373
7330 4376
7334 4378
7338 4380
7342 4383
7346 4385
7350 4388
7354 4390
7358 4393
7362 4395
7366 4398
7370 4400
7374 4402
7378 4405
7382 4407
7386 4410
7390 4412
7394 4414
7398 4417
7402 4419
7406 4422
7410 4424
7414 4426
7418 4429
7422 4431
7426 4433
7430 4436
7434 4438
7438 4441
7442 4443
7446 4446
7450 4448
7454 4450
7458 4453
7462 4455
7466 4457
7470 4460
7474 4462
7478 4464
7482 4467
7486 4469
7490 4472
7494 4474
7498 4476
7502 4479
7506 4481
7510 4484
7514 4486
7518 4488
7522 4491
7526 4493
7530 4496
7534 4498
7538 4500
7542 4503
7546 4505
7550 4508
7554 4510
7558 4512
7562 4515
7566 4517
7570 4520
7574 4522
7578 4524
7582 4527
7586 4529
7590 4532
7594 4534
7598 4536
7602 4539
7606 4541
7610 4544
7614 4546
7618 4548
7622 4551
7626 4553
7630 4556
7634 4558
7638 4560
7642 4563
7646 4565
7650 4568
7654 4570
7658 4572
7662 4575
7666 4577
7670 4580
7674 4582
7678 4584
7682 4587
7686 4589
7690 4592
7694 4594
7698 4597
7702 4599
7706 4601
7710 4604
7714 4606
7718 4609
7722 4611
7726 4614
7730 4616
7734 4618
7738 4621
7742 4623
7746 4626
7750 4628
7754 4631
7758 4633
7762 4636
7766 4638
7770 4640
7774 4643
7778 4645
7782 4648
7786 4650
7790 4652
7794 4655
7798 4658
7802 4660
7806 4662
7810 4665
7814 4667
7818 4670
7822 4672
7826 4674
7830 4677
7834 4679
7838 4682
7842 4684
7846 4687
7850 4689
7854 4692
7858 4694
7862 4696
7866 4699
7870 4701
7874 4704
7878 4706
7882 4709
7886 4711
7890 4714
7894 4716
7898 4718
7902 4721
7906 4723
7910 4726
7914 4728
7918 4731
7922 4733
7926 4736
7930 4738
7934 4740
7938 4743
7942 4745
7946 4748
7950 4750
7954 4752
7958 4755
7962 4757
7966 4760
7970 4762
7974 4764
7978 4767
7982 4769
7986 4772
7990 4774
7994 4777
7998 4779
8002 4781
8006 4784
8010 4786
8014 4788
8018 4791
8022 4793
8026 4796
8030 4798
8034 4800
8038 4803
8042 4805
8046 4808
8050 4810
8054 4812
8058 4815
8062 4817
8066 4820
8070 4822
8074 4824
8078 4827
8082 4829
8086 4831
8090 4834
8094 4836
8098 4838
8102 4841
8106 4843
8110 4846
8114 4848
8118 4850
8122 4853
8126 4855
8130 4858
8134 4860
8138 4862
8142 4865
8146 4867
8150 4870
8154 4872
8158 4874
8162 4877
8166 4879
8170 4882
8174 4884
8178 4886
8182 4889
8186 4891
8190 4894
8194 4896
8198 4898
8202 4901
8206 4903
8210 4906
8214 4908
8218 4910
8222 4913
8226 4915
8230 4918
8234 4920
8238 4922
8242 4925
8246 4927
8250 4930
8254 4932
8258 4934
8262 4937
8266 4939
8270 4942
8274 4944
8278 4946
8282 4949
8286 4951
8290 4954
8294 4956
8298 4958
8302 4961
8306 4963
8310 4966
8314 4968
8318 4971
8322 4973
8326 4976
8330 4978
8334 4980
8338 4983
8342 4985
8346 4988
8350 4990
8354 4992
8358 4995
8362 4997
8366 5000
8370 5002
8374 5005
8378 5007
8382 5010
8386 5012
8390 5014
8394 5017
8398 5019
8402 5022
8406 5024
8410 5027
8414 5029
8418 5032
8422 5034
8426 5036
8430 5039
8434 5041
8438 5044
8442 5046
8446 5049
8450 5051
8454 5054
8458 5056
8462 5058
8466 5061
8470 5063
8474 5066
8478 5068
8482 5071
8486 5073
8490 5075
8494 5078
8498 5080
8502 5083
8506 5085
8510 5088
8514 5090
8518 5092
8522 5095
8526 5097
8530 5100
8534 5102
8538 5105
8542 5107
8546 5109
8550 5112
8554 5114
8558 5117
8562 5119
8566 5122
8570 5124
8574 5126
8578 5129
8582 5131
8586 5134
8590 5136
8594 5138
8598 5141
8602 5143
8606 5146
8610 5148
8614 5150
8618 5153
8622 5155
8626 5158
8630 5160
8634 5162
8638 5165
8642 5167
8646 5170
8650 5172
8654 5174
8658 5177
8662 5179
8666 5181
8670 5184
8674 5186
8678 5189
8682 5191
8686 5193
8690 5196
8694 5198
8698 5200
8702 5203
8706 5205
8710 5208
8714 5210
8718 5212
8722 5215
8726 5217
8730 5220
8734 5222
8738 5224
8742 5227
8746 5229
8750 5232
8754 5234
8758 5236
8762 5239
8766 5241
8770 5244
8774 5246
8778 5248
8782 5251
8786 5253
8790 5256
8794 5258
8798 5260
8802 5263
8806 5265
8810 5268
8814 5270
8818 5272
8822 5275
8826 5277
8830 5280
8834 5282
8838 5284
8842 5287
8846 5289
8850 5292
8854 5294
8858 5296
8862 5299
8866 5301
8870 5304
8874 5306
8878 5309
8882 5311
8886 5313
8890 5316
8894 5318
8898 5321
8902 5323
8906 5326
8910 5328
8914 5330
8918 5333
8922 5335
8926 5338
8930 5340
8934 5342
8938 5345
8942 5347
8946 5350
8950 5352
8954 5355
8958 5357
8962 5360
8966 5362
8970 5364
8974 5367
8978 5369
8982 5372
8986 5374
8990 5377
8994 5379
8998 5382
9002 5384
9006 5386
9010 5389
9014 5391
9018 5394
9022 5396
9026 5398
9030 5401
9034 5404
9038 5406
9042 5408
9046 5411
9050 5413
9054 5416
9058 5418
9062 5420
9066 5423
9070 5425
9074 5428
9078 5430
9082 5433
9086 5435
9090 5438
9094 5440
9098 5442
9102 5445
9106 5447
9110 5450
9114 5452
9118 5455
9122 5457
9126 5460
9130 5462
9134 5464
9138 5467
9142 5469
9146 5472
9150 5474
9154 5476
9158 5479
9162 5481
9166 5484
9170 5486
9174 5489
9178 5491
9182 5493
9186 5496
9190 5498
9194 5501
9198 5503
9202 5506
9206 5508
9210 5510
9214 5513
9218 5515
9222 5517
9226 5520
9230 5522
9234 5524
9238 5527
9242 5529
9246 5532
9250 5534
9254 5536
9258 5539
9262 5541
9266 5544
9270 5546
9274 5548
9278 5551
9282 5553
9286 5556
9290 5558
9294 5560
9298 5563
9302 5565
9306 5567
9310 5570
9314 5572
9318 5575
9322 5577
9326 5580
9330 5582
9334 5584
9338 5586
9342 5589
9346 5591
9350 5594
9354 5596
9358 5599
9362 5601
9366 5603
9370 5606
9374 5608
9378 5611
9382 5613
9386 5615
9390 5618
9394 5620
9398 5623
9402 5625
9406 5627
9410 5630
9414 5632
9418 5635
9422 5637
9426 5640
9430 5642
9434 5644
9438 5647
9442 5649
9446 5652
9450 5654
9454 5656
9458 5659
9462 5661
9466 5664
9470 5666
9474 5668
9478 5671
9482 5673
9486 5676
9490 5678
9494 5680
9498 5683
9502 5685
9506 5688
9510 5690
9514 5692
9518 5695
9522 5697
9526 5700
9530 5702
9534 5704
9538 5707
9542 5709
9546 5712
9550 5714
9554 5717
9558 5719
9562 5722
9566 5724
9570 5726
9574 5729
9578 5731
9582 5734
9586 5736
9590 5739
9594 5741
9598 5744
9602 5746
9606 5748
9610 5751
9614 5753
9618 5756
9622 5758
9626 5760
9630 5763
9634 5765
9638 5768
9642 5770
9646 5773
9650 5775
9654 5778
9658 5780
9662 5782
9666 5785
9670 5787
9674 5790
9678 5792
9682 5795
9686 5797
9690 5800
9694 5802
9698 5804
9702 5807
9706 5809
9710 5812
9714 5814
9718 5816
9722 5819
9726 5821
9730 5824
9734 5826
9738 5829
9742 5831
9746 5834
9750 5836
9754 5838
9758 5841
9762 5843
9766 5846
9770 5848
9774 5850
9778 5853
9782 5855
9786 5858
9790 5860
9794 5862
9798 5865
9802 5867
9806 5870
9810 5872
9814 5874
9818 5877
9822 5879
9826 5882
9830 5884
9834 5887
9838 5889
9842 5891
9846 5894
9850 5896
9854 5898
9858 5901
9862 5903
9866 5906
9870 5908
9874 5910
9878 5913
9882 5915
9886 5918
9890 5920
9894 5922
9898 5925
9902 5927
9906 5930
9910 5932
9914 5934
9918 5937
9922 5939
9926 5942
9930 5944
9934 5946
9938 5949
9942 5951
9946 5954
9950 5956
9954 5958
9958 5961
9962 5963
9966 5966
9970 5968
9974 5970
9978 5973
9982 5975
9986 5978
9990 5980
9994 5982
9998 5985
10002 5987
10006 5990
10010 5992
10014 5994
10018 5997
10022 5999
10026 6002
10030 6004
10034 6007
10038 6009
10042 6011
10046 6014
10050 6016
10054 6019
10058 6021
10062 6023
10066 6026
10070 6028
10074 6031
10078 6033
10082 6036
10086 6038
10090 6040
10094 6043
10098 6045
10102 6048
10106 6050
10110 6053
10114 6055
10118 6057
10122 6060
10126 6062
10130 6064
10134 6067
10138 6069
10142 6072
10146 6074
10150 6077
10154 6079
10158 6082
10162 6084
10166 6086
10170 6089
10174 6091
10178 6094
10182 6096
10186 6099
10190 6101
10194 6104
10198 6106
10202 6108
10206 6111
10210 6113
10214 6116
10218 6118
10222 6121
10226 6123
10230 6126
10234 6128
10238 6130
10242 6133
10246 6135
10250 6138
10254 6140
10258 6143
10262 6145
10266 6148
10270 6150
10274 6152
10278 6155
10282 6157
10286 6160
10290 6162
10294 6165
10298 6167
10302 6169
10306 6172
10310 6174
10314 6177
10318 6179
10322 6182
10326 6184
10330 6186
10334 6189
10338 6191
10342 6194
10346 6196
10350 6199
10354 6201
10358 6204
10362 6206
10366 6208
10370 6211
10374 6213
10378 6216
10382 6218
10386 6220
10390 6223
10394 6225
10398 6228
10402 6230
10406 6232
10410 6235
10414 6237
10418 6240
10422 6242
10426 6244
10430 6247
10434 6249
10438 6252
10442 6254
10446 6256
10450 6259
10454 6261
10458 6263
10462 6266
10466 6268
10470 6271
10474 6273
10478 6276
10482 6278
10486 6280
10490 6283
10494 6285
10498 6287
10502 6290
10506 6292
10510 6295
10514 6297
10518 6299
10522 6302
10526 6304
10530 6307
10534 6309
10538 6311
10542 6314
10546 6316
10550 6319
10554 6321
10558 6324
10562 6326
10566 6328
10570 6331
10574 6333
10578 6336
10582 6338
10586 6340
10590 6343
10594 6345
10598 6348
10602 6350
10606 6352
10610 6355
10614 6357
10618 6360
10622 6362
10626 6364
10630 6367
10634 6369
10638 6372
10642 6374
10646 6376
10650 6379
10654 6381
10658 6384
10662 6386
10666 6389
10670 6391
10674 6394
10678 6396
10682 6398
10686 6401
10690 6403
10694 6406
10698 6408
10702 6410
10706 6413
10710 6415
10714 6418
10718 6420
10722 6422
10726 6425
10730 6427
10734 6430
10738 6432
10742 6435
10746 6437
10750 6440
10754 6442
10758 6444
10762 6447
10766 6449
10770 6452
10774 6454
10778 6456
10782 6459
10786 6461
10790 6464
10794 6466
10798 6469
10802 6471
10806 6474
10810 6476
10814 6478
10818 6481
10822 6483
10826 6486
10830 6488
10834 6491
10838 6493
10842 6496
10846 6498
10850 6500
10854 6503
10858 6505
10862 6508
10866 6510
10870 6513
10874 6515
10878 6518
10882 6520
10886 6522
10890 6525
10894 6527
10898 6530
10902 6532
10906 6534
10910 6537
10914 6539
10918 6542
10922 6544
10926 6547
10930 6549
10934 6552
10938 6554
10942 6556
10946 6559
10950 6561
10954 6564
10958 6566
10962 6568
10966 6571
10970 6573
10974 6576
10978 6578
10982 6580
10986 6583
10990 6585
10994 6588
10998 6590
11002 6593
11006 6595
11010 6597
11014 6600
11018 6602
11022 6605
11026 6607
11030 6609
11034 6612
11038 6614
11042 6616
11046 6619
11050 6621
11054 6624
11058 6626
11062 6628
11066 6631
11070 6633
11074 6636
11078 6638
11082 6640
11086 6643
11090 6645
11094 6648
11098 6650
11102 6652
11106 6655
11110 6657
11114 6660
11118 6662
11122 6664
11126 6667
11130 6669
11134 6672
11138 6674
11142 6676
11146 6679
11150 6681
11154 6684
11158 6686
11162 6688
11166 6691
11170 6693
11174 6696
11178 6698
11182 6700
11186 6703
11190 6705
11194 6708
11198 6710
11202 6712
11206 6715
11210 6717
11214 6720
11218 6722
11222 6725
11226 6727
11230 6729
11234 6732
11238 6734
11242 6737
11246 6739
11250 6742
11254 6744
11258 6746
11262 6749
11266 6751
11270 6754
11274 6756
11278 6758
11282 6761
11286 6763
11290 6766
11294 6768
11298 6770
11302 6773
11306 6775
11310 6778
11314 6780
11318 6783
11322 6785
11326 6788
11330 6790
11334 6792
11338 6795
11342 6797
11346 6800
11350 6802
11354 6804
11358 6807
11362 6809
11366 6812
11370 6814
11374 6817
11378 6819
11382 6822
11386 6824
11390 6826
11394 6829
11398 6831
11402 6834
11406 6836
11410 6839
11414 6841
11418 6844
11422 6846
11426 6848
11430 6851
11434 6853
11438 6856
11442 6858
11446 6861
11450 6863
11454 6865
11458 6868
11462 6870
11466 6873
11470 6875
11474 6878
11478 6880
11482 6882
11486 6885
11490 6887
11494 6890
11498 6892
11502 6895
11506 6897
11510 6900
11514 6902
11518 6904
11522 6907
11526 6909
11530 6912
11534 6914
11538 6916
11542 6919
11546 6921
11550 6924
11554 6926
11558 6929
11562 6931
11566 6933
11570 6936
11574 6938
11578 6941
11582 6943
11586 6946
11590 6948
11594 6950
11598 6953
11602 6955
11606 6957
11610 6960
11614 6962
11618 6965
11622 6967
11626 6969
11630 6972
11634 6974
11638 6976
11642 6979
11646 6981
11650 6984
11654 6986
11658 6988
11662 6991
11666 6993
11670 6996
11674 6998
11678 7000
11682 7003
11686 7005
11690 7008
11694 7010
11698 7012
11702 7015
11706 7017
11710 7020
11714 7022
11718 7024
11722 7027
11726 7029
11730 7032
11734 7034
11738 7036
11742 7039
11746 7041
11750 7044
11754 7046
11758 7048
11762 7051
11766 7053
11770 7056
11774 7058
11778 7060
11782 7063
11786 7065
11790 7068
11794 7070
11798 7072
11802 7075
11806 7077
11810 7080
11814 7082
11818 7085
11822 7087
11826 7090
11830 7092
11834 7094
11838 7097
11842 7099
11846 7102
11850 7104
11854 7106
11858 7109
11862 7111
11866 7114
11870 7116
11874 7118
11878 7121
11882 7123
11886 7126
11890 7128
11894 7130
11898 7133
11902 7135
11906 7138
11910 7140
11914 7143
11918 7145
11922 7148
11926 7150
11930 7152
11934 7155
11938 7157
11942 7160
11946 7162
11950 7164
11954 7167
11958 7169
11962 7172
11966 7174
11970 7177
11974 7179
11978 7182
11982 7184
11986 7186
11990 7189
11994 7191
11998 7194
12002 7196
12006 7199
12010 7201
12014 7204
12018 7206
12022 7208
12026 7211
12030 7213
12034 7216
12038 7218
12042 7220
12046 7223
12050 7225
12054 7228
12058 7230
12062 7233
12066 7235
12070 7238
12074 7240
12078 7242
12082 7245
12086 7247
12090 7250
12094 7252
12098 7254
12102 7257
12106 7259
12110 7262
12114 7264
12118 7267
12122 7269
12126 7272
12130 7274
12134 7276
12138 7279
12142 7281
12146 7284
12150 7286
12154 7288
12158 7291
12162 7293
12166 7296
12170 7298
12174 7300
12178 7303
12182 7305
12186 7308
12190 7310
12194 7312
12198 7315
12202 7317
12206 7320
12210 7322
12214 7324
12218 7327
12222 7329
12226 7332
12230 7334
12234 7336
12238 7339
12242 7341
12246 7344
12250 7346
12254 7348
12258 7351
12262 7353
12266 7356
12270 7358
12274 7360
12278 7363
12282 7365
12286 7368
12290 7370
12294 7372
12298 7375
12302 7377
12306 7380
12310 7382
12314 7384
12318 7387
12322 7389
12326 7392
12330 7394
12334 7396
12338 7399
12342 7401
12346 7404
12350 7406
12354 7408
12358 7411
12362 7413
12366 7416
12370 7418
12374 7420
12378 7423
12382 7425
12386 7428
12390 7430
12394 7432
12398 7435
12402 7437
12406 7440
12410 7442
12414 7444
12418 7447
12422 7449
12426 7452
12430 7454
12434 7457
12438 7459
12442 7461
12446 7464
12450 7466
12454 7469
12458 7471
12462 7474
12466 7476
12470 7478
12474 7481
12478 7483
12482 7486
12486 7488
12490 7490
12494 7493
12498 7495
12502 7498
12506 7500
12510 7503
12514 7505
12518 7508
12522 7510
12526 7512
12530 7515
12534 7517
12538 7520
12542 7522
12546 7524
12550 7527
12554 7529
12558 7532
12562 7534
12566 7537
12570 7539
12574 7542
12578 7544
12582 7546
12586 7549
12590 7551
12594 7554
12598 7556
12602 7558
12606 7561
12610 7563
12614 7566
12618 7568
12622 7571
12626 7573
12630 7576
12634 7578
12638 7580
12642 7583
12646 7585
12650 7588
12654 7590
12658 7592
12662 7595
12666 7597
12670 7600
12674 7602
12678 7605
12682 7607
12686 7610
12690 7612
12694 7614
12698 7617
12702 7619
12706 7622
12710 7624
12714 7626
12718 7629
12722 7631
12726 7634
12730 7636
12734 7638
12738 7641
12742 7643
12746 7646
12750 7648
12754 7651
12758 7653
12762 7656
12766 7658
12770 7660
12774 7663
12778 7665
12782 7668
12786 7670
12790 7672
12794 7675
12798 7677
12802 7680
12806 7682
12810 7684
12814 7687
12818 7689
12822 7691
12826 7694
12830 7696
12834 7698
12838 7701
12842 7703
12846 7706
12850 7708
12854 7711
12858 7713
12862 7715
12866 7718
12870 7720
12874 7722
12878 7725
12882 7727
12886 7730
12890 7732
12894 7735
12898 7737
12902 7739
12906 7742
12910 7744
12914 7747
12918 7749
12922 7751
12926 7754
12930 7756
12934 7759
12938 7761
12942 7764
12946 7766
12950 7768
12954 7771
12958 7773
12962 7776
12966 7778
12970 7780
12974 7783
12978 7785
12982 7788
12986 7790
12990 7792
12994 7795
12998 7797
13002 7800
13006 7802
13010 7805
13014 7807
13018 7809
13022 7812
13026 7814
13030 7817
13034 7819
13038 7822
13042 7824
13046 7826
13050 7829
13054 7831
13058 7834
13062 7836
13066 7838
13070 7841
13074 7843
13078 7846
13082 7848
13086 7851
13090 7853
13094 7855
13098 7858
13102 7860
13106 7863
13110 7865
13114 7868
13118 7870
13122 7872
13126 7875
13130 7877
13134 7880
13138 7882
13142 7885
13146 7887
13150 7889
13154 7892
13158 7894
13162 7897
13166 7899
13170 7902
13174 7904
13178 7906
13182 7909
13186 7911
13190 7914
13194 7916
13198 7919
13202 7921
13206 7924
13210 7926
13214 7928
13218 7931
13222 7933
13226 7936
13230 7938
13234 7940
13238 7943
13242 7945
13246 7948
13250 7950
13254 7953
13258 7955
13262 7958
13266 7960
13270 7962
13274 7965
13278 7967
13282 7970
13286 7972
13290 7975
13294 7977
13298 7980
13302 7982
13306 7984
13310 7987
13314 7989
13318 7992
13322 7994
13326 7996
13330 7999
13334 8001
13338 8004
13342 8006
13346 8008
13350 8011
13354 8013
13358 8016
13362 8018
13366 8020
13370 8023
13374 8025
13378 8028
13382 8030
13386 8032
13390 8035
13394 8037
13398 8040
13402 8042
13406 8044
13410 8047
13414 8049
13418 8052
13422 8054
13426 8056
13430 8059
13434 8061
13438 8064
13442 8066
13446 8068
13450 8071
13454 8073
13458 8076
13462 8078
13466 8080
13470 8083
13474 8085
13478 8088
13482 8090
13486 8092
13490 8095
13494 8097
13498 8100
13502 8102
13506 8104
13510 8107
13514 8109
13518 8112
13522 8114
13526 8116
13530 8119
13534 8121
13538 8124
13542 8126
13546 8128
13550 8131
13554 8133
13558 8136
13562 8138
13566 8140
13570 8143
13574 8145
13578 8148
13582 8150
13586 8152
13590 8155
13594 8157
13598 8160
13602 8162
13606 8165
13610 8167
13614 8170
13618 8172
13622 8174
13626 8177
13630 8179
13634 8182
13638 8184
13642 8186
13646 8189
13650 8191
13654 8194
13658 8196
13662 8198
13666 8201
13670 8203
13674 8206
13678 8208
13682 8211
13686 8213
13690 8216
13694 8218
13698 8220
13702 8223
13706 8225
13710 8228
13714 8230
13718 8232
13722 8235
13726 8237
13730 8240
13734 8242
13738 8245
13742 8247
13746 8250
13750 8252
13754 8254
13758 8257
13762 8259
13766 8262
13770 8264
13774 8267
13778 8269
13782 8272
13786 8274
13790 8276
13794 8279
13798 8281
13802 8284
13806 8286
13810 8288
13814 8291
13818 8293
13822 8296
13826 8298
13830 8301
13834 8303
13838 8306
13842 8308
13846 8310
13850 8313
13854 8315
13858 8318
13862 8320
13866 8322
13870 8325
13874 8327
13878 8330
13882 8332
13886 8335
13890 8337
13894 8340
13898 8342
13902 8344
13906 8347
13910 8349
13914 8352
13918 8354
13922 8356
13926 8359
13930 8361
13934 8364
13938 8366
13942 8368
13946 8371
13950 8373
13954 8376
13958 8378
13962 8380
13966 8383
13970 8385
13974 8388
13978 8390
13982 8392
13986 8395
13990 8397
13994 8400
13998 8402
14002 8404
14006 8407
14010 8409
14014 8412
14018 8414
14022 8416
14026 8419
14030 8421
14034 8424
14038 8426
14042 8428
14046 8431
14050 8433
14054 8435
14058 8438
14062 8440
14066 8442
14070 8445
14074 8447
14078 8450
14082 8452
14086 8455
14090 8457
14094 8459
14098 8462
14102 8464
14106 8466
14110 8469
14114 8471
14118 8474
14122 8476
14126 8479
14130 8481
14134 8484
14138 8486
14142 8488
14146 8491
14150 8493
14154 8496
14158 8498
14162 8500
14166 8503
14170 8505
14174 8508
14178 8510
14182 8512
14186 8515
14190 8517
14194 8520
14198 8522
14202 8524
14206 8527
14210 8529
14214 8532
14218 8534
14222 8536
14226 8539
14230 8541
14234 8544
14238 8546
14242 8549
14246 8551
14250 8554
14254 8556
14258 8558
14262 8561
14266 8563
14270 8566
14274 8568
14278 8570
14282 8573
14286 8575
14290 8578
14294 8580
14298 8583
14302 8585
14306 8588
14310 8590
14314 8592
14318 8595
14322 8597
14326 8600
14330 8602
14334 8605
14338 8607
14342 8609
14346 8612
14350 8614
14354 8617
14358 8619
14362 8622
14366 8624
14370 8626
14374 8629
14378 8631
14382 8634
14386 8636
14390 8639
14394 8641
14398 8644
14402 8646
14406 8648
14410 8651
14414 8653
14418 8656
14422 8658
14426 8661
14430 8663
14434 8665
14438 8668
14442 8670
14446 8673
14450 8675
14454 8678
14458 8680
14462 8682
14466 8685
14470 8687
14474 8690
14478 8692
14482 8694
14486 8697
14490 8700
14494 8702
14498 8704
14502 8707
14506 8709
14510 8712
14514 8714
14518 8716
14522 8719
14526 8721
14530 8724
14534 8726
14538 8728
14542 8731
14546 8733
14550 8736
14554 8738
14558 8740
14562 8743
14566 8745
14570 8748
14574 8750
14578 8752
14582 8755
14586 8757
14590 8760
14594 8762
14598 8764
14602 8767
14606 8769
14610 8772
14614 8774
14618 8776
14622 8779
14626 8781
14630 8783
14634 8786
14638 8788
14642 8791
14646 8793
14650 8795
14654 8798
14658 8800
14662 8802
14666 8805
14670 8807
14674 8810
14678 8812
14682 8814
14686 8817
14690 8819
14694 8822
14698 8824
14702 8826
14706 8829
14710 8831
14714 8834
14718 8836
14722 8838
14726 8841
14730 8843
14734 8846
14738 8848
14742 8850
14746 8853
14750 8855
14754 8858
14758 8860
14762 8862
14766 8865
14770 8867
14774 8870
14778 8872
14782 8874
14786 8877
14790 8879
14794 8882
14798 8884
14802 8886
14806 8889
14810 8891
14814 8894
14818 8896
14822 8899
14826 8901
14830 8904
14834 8906
14838 8908
14842 8911
14846 8913
14850 8916
14854 8918
14858 8920
14862 8923
14866 8925
14870 8928
14874 8930
14878 8933
14882 8935
14886 8938
14890 8940
14894 8942
14898 8945
14902 8947
14906 8950
14910 8952
14914 8954
14918 8957
14922 8959
14926 8962
14930 8964
14934 8967
14938 8969
14942 8972
14946 8974
14950 8976
14954 8979
14958 8981
14962 8984
14966 8986
14970 8988
14974 8991
14978 8993
14982 8996
14986 8998
14990 9001
14994 9003
14998 9006
15002 9008
15006 9010
15010 9013
15014 9015
15018 9018
15022 9020
15026 9023
15030 9025
15034 9028
15038 9030
15042 9032
15046 9035
15050 9037
15054 9040
15058 9042
15062 9045
15066 9047
15070 9049
15074 9052
15078 9054
15082 9057
15086 9059
15090 9062
15094 9064
15098 9066
15102 9069
15106 9071
15110 9074
15114 9076
15118 9078
15122 9081
15126 9083
15130 9086
15134 9088
15138 9090
15142 9093
15146 9095
15150 9098
15154 9100
15158 9102
15162 9105
15166 9107
15170 9110
15174 9112
15178 9114
15182 9117
15186 9119
15190 9122
15194 9124
15198 9126
15202 9129
15206 9131
15210 9134
15214 9136
15218 9138
15222 9141
15226 9143
15230 9145
15234 9148
15238 9150
15242 9153
15246 9155
15250 9157
15254 9160
15258 9162
15262 9164
15266 9167
15270 9169
15274 9172
15278 9174
15282 9176
15286 9179
15290 9181
15294 9184
15298 9186
15302 9188
15306 9191
15310 9193
15314 9196
15318 9198
15322 9201
15326 9203
15330 9205
15334 9208
15338 9210
15342 9213
15346 9215
15350 9218
15354 9220
15358 9222
15362 9225
15366 9227
15370 9230
15374 9232
15378 9234
15382 9237
15386 9239
15390 9242
15394 9244
15398 9246
15402 9249
15406 9251
15410 9254
15414 9256
15418 9258
15422 9261
15426 9263
15430 9266
15434 9268
15438 9271
15442 9273
15446 9276
15450 9278
15454 9280
15458 9283
15462 9285
15466 9288
15470 9290
15474 9293
15478 9295
15482 9297
15486 9300
15490 9302
15494 9305
15498 9307
15502 9310
15506 9312
15510 9314
15514 9317
15518 9319
15522 9322
15526 9324
15530 9327
15534 9329
15538 9332
15542 9334
15546 9336
15550 9339
15554 9341
15558 9344
15562 9346
15566 9349
15570 9351
15574 9354
15578 9356
15582 9358
15586 9361
15590 9363
15594 9366
15598 9368
15602 9371
15606 9373
15610 9376
15614 9378
15618 9380
15622 9383
15626 9385
15630 9388
15634 9390
15638 9392
15642 9395
15646 9398
15650 9400
15654 9402
15658 9405
15662 9407
15666 9410
15670 9412
15674 9414
15678 9417
15682 9419
15686 9422
15690 9424
15694 9426
15698 9429
15702 9431
15706 9434
15710 9436
15714 9439
15718 9441
15722 9443
15726 9446
15730 9448
15734 9451
15738 9453
15742 9456
15746 9458
15750 9460
15754 9463
15758 9465
15762 9468
15766 9470
15770 9472
15774 9474
15778 9477
15782 9480
15786 9482
15790 9484
15794 9487
15798 9489
15802 9491
15806 9494
15810 9496
15814 9498
15818 9501
15822 9503
15826 9506
15830 9508
15834 9510
15838 9513
15842 9515
15846 9518
15850 9520
15854 9522
15858 9525
15862 9527
15866 9529
15870 9532
15874 9534
15878 9537
15882 9539
15886 9541
15890 9544
15894 9546
15898 9548
15902 9551
15906 9553
15910 9556
15914 9558
15918 9560
15922 9563
15926 9565
15930 9568
15934 9570
15938 9572
15942 9575
15946 9577
15950 9580
15954 9582
15958 9585
15962 9587
15966 9589
15970 9592
15974 9594
15978 9597
15982 9599
15986 9601
15990 9604
15994 9606
15998 9609
16002 9611
16006 9614
16010 9616
16014 9618
16018 9621
16022 9623
16026 9626
16030 9628
16034 9630
16038 9633
16042 9635
16046 9638
16050 9640
16054 9642
16058 9645
16062 9647
16066 9650
16070 9652
16074 9655
16078 9657
16082 9660
16086 9662
16090 9664
16094 9667
16098 9669
16102 9672
16106 9674
16110 9677
16114 9679
16118 9682
16122 9684
16126 9686
16130 9689
16134 9691
16138 9694
16142 9696
16146 9698
16150 9701
16154 9704
16158 9706
16162 9708
16166 9711
16170 9713
16174 9716
16178 9718
16182 9720
16186 9723
16190 9726
16194 9728
16198 9730
16202 9733
16206 9735
16210 9738
16214 9740
16218 9742
16222 9745
16226 9747
16230 9750
16234 9752
16238 9755
16242 9757
16246 9760
16250 9762
16254 9764
16258 9767
16262 9769
16266 9772
16270 9774
16274 9776
16278 9779
16282 9781
16286 9784
16290 9786
16294 9789
16298 9791
16302 9794
16306 9796
16310 9798
16314 9801
16318 9803
16322 9806
16326 9808
16330 9810
16334 9813
16338 9815
16342 9818
16346 9820
16350 9822
16354 9825
16358 9827
16362 9830
16366 9832
16370 9834
16374 9837
16378 9839
16382 9842
16386 9844
16390 9846
16394 9849
16398 9851
16402 9854
16406 9856
16410 9858
16414 9861
16418 9863
16422 9866
16426 9868
16430 9870
16434 9873
16438 9875
16442 9877
16446 9880
16450 9882
16454 9884
16458 9887
16462 9889
16466 9892
16470 9894
16474 9896
16478 9899
16482 9901
16486 9904
16490 9906
16494 9908
16498 9911
16502 9913
16506 9916
16510 9918
16514 9920
16518 9923
16522 9925
16526 9928
16530 9930
16534 9932
16538 9935
16542 9937
16546 9940
16550 9942
16554 9944
16558 9947
16562 9949
16566 9952
16570 9954
16574 9956
16578 9959
16582 9961
16586 9964
16590 9966
16594 9969
16598 9971
16602 9974
16606 9976
16610 9978
16614 9981
16618 9983
16622 9986
16626 9988
16630 9990
16634 9993
16638 9995
16642 9998
16646 10000
16650 10002
16654 10005
16658 10007
16662 10010
16666 10012
16670 10015
16674 10017
16678 10020
16682 10022
16686 10024
16690 10027
16694 10029
16698 10032
16702 10034
16706 10037
16710 10039
16714 10042
16718 10044
16722 10046
16726 10049
16730 10051
16734 10054
16738 10056
16742 10058
16746 10061
16750 10063
16754 10066
16758 10068
16762 10071
16766 10073
16770 10076
16774 10078
16778 10080
16782 10083
16786 10085
16790 10088
16794 10090
16798 10093
16802 10095
16806 10098
16810 10100
16814 10102
16818 10105
16822 10107
16826 10110
16830 10112
16834 10115
16838 10117
16842 10120
16846 10122
16850 10124
16854 10127
16858 10129
16862 10132
16866 10134
16870 10136
16874 10139
16878 10141
16882 10144
16886 10146
16890 10149
16894 10151
16898 10154
16902 10156
16906 10158
16910 10161
16914 10163
16918 10166
16922 10168
16926 10170
16930 10173
16934 10175
16938 10178
16942 10180
16946 10182
16950 10185
16954 10187
16958 10190
16962 10192
16966 10194
16970 10197
16974 10199
16978 10202
16982 10204
16986 10206
16990 10209
16994 10211
16998 10214
17002 10216
17006 10218
17010 10220
17014 10223
17018 10225
17022 10228
17026 10230
17030 10232
17034 10235
17038 10237
17042 10240
17046 10242
17050 10244
17054 10247
17058 10249
17062 10252
17066 10254
17070 10256
17074 10259
17078 10261
17082 10264
17086 10266
17090 10268
17094 10271
17098 10273
17102 10276
17106 10278
17110 10280
17114 10283
17118 10285
17122 10288
17126 10290
17130 10292
17134 10295
17138 10297
17142 10300
17146 10302
17150 10305
17154 10307
17158 10309
17162 10312
17166 10314
17170 10316
17174 10319
17178 10321
17182 10324
17186 10326
17190 10329
17194 10331
17198 10333
17202 10336
17206 10338
17210 10341
17214 10343
17218 10346
17222 10348
17226 10350
17230 10353
17234 10355
17238 10358
17242 10360
17246 10362
17250 10365
17254 10367
17258 10370
17262 10372
17266 10375
17270 10377
17274 10380
17278 10382
17282 10384
17286 10387
17290 10389
17294 10392
17298 10394
17302 10396
17306 10399
17310 10401
17314 10404
17318 10406
17322 10409
17326 10411
17330 10414
17334 10416
17338 10418
17342 10421
17346 10423
17350 10426
17354 10428
17358 10430
17362 10433
17366 10435
17370 10438
17374 10440
17378 10443
17382 10445
17386 10448
17390 10450
17394 10453
17398 10455
17402 10457
17406 10460
17410 10462
17414 10465
17418 10467
17422 10470
17426 10472
17430 10474
17434 10477
17438 10479
17442 10482
17446 10484
17450 10487
17454 10489
17458 10492
17462 10494
17466 10496
17470 10499
17474 10501
17478 10504
17482 10506
17486 10508
17490 10511
17494 10514
17498 10516
17502 10518
17506 10521
17510 10523
17514 10526
17518 10528
17522 10530
17526 10533
17530 10535
17534 10538
17538 10540
17542 10542
17546 10545
17550 10547
17554 10550
17558 10552
17562 10554
17566 10557
17570 10559
17574 10562
17578 10564
17582 10566
17586 10569
17590 10571
17594 10574
17598 10576
17602 10578
17606 10580
17610 10583
17614 10585
17618 10588
17622 10590
17626 10592
17630 10595
17634 10597
17638 10600
17642 10602
17646 10604
17650 10607
17654 10609
17658 10612
17662 10614
17666 10616
17670 10619
17674 10621
17678 10624
17682 10626
17686 10628
17690 10631
17694 10633
17698 10636
17702 10638
17706 10640
17710 10643
17714 10645
17718 10648
17722 10650
17726 10652
17730 10655
17734 10657
17738 10660
17742 10662
17746 10664
17750 10667
17754 10669
17758 10672
17762 10674
17766 10676
17770 10679
17774 10681
17778 10684
17782 10686
17786 10689
17790 10691
17794 10693
17798 10696
17802 10698
17806 10700
17810 10703
17814 10705
17818 10708
17822 10710
17826 10713
17830 10715
17834 10718
17838 10720
17842 10722
17846 10725
17850 10727
17854 10730
17858 10732
17862 10734
17866 10737
17870 10739
17874 10742
17878 10744
17882 10747
17886 10749
17890 10752
17894 10754
17898 10756
17902 10759
17906 10761
17910 10764
17914 10766
17918 10769
17922 10771
17926 10773
17930 10776
17934 10778
17938 10781
17942 10783
17946 10786
17950 10788
17954 10791
17958 10793
17962 10795
17966 10798
17970 10800
17974 10803
17978 10805
17982 10808
17986 10810
17990 10813
17994 10815
17998 10817
18002 10820
18006 10822
18010 10825
18014 10827
18018 10830
18022 10832
18026 10834
18030 10837
18034 10839
18038 10842
18042 10844
18046 10847
18050 10849
18054 10852
18058 10854
18062 10856
18066 10859
18070 10861
18074 10864
18078 10866
18082 10869
18086 10871
18090 10874
18094 10876
18098 10878
18102 10881
18106 10883
18110 10886
18114 10888
18118 10890
18122 10893
18126 10895
18130 10898
18134 10900
18138 10902
18142 10905
18146 10907
18150 10910
18154 10912
18158 10914
18162 10917
18166 10919
18170 10922
18174 10924
18178 10926
18182 10929
18186 10931
18190 10934
18194 10936
18198 10938
18202 10941
18206 10943
18210 10945
18214 10948
18218 10950
18222 10953
18226 10955
18230 10957
18234 10960
18238 10962
18242 10964
18246 10967
18250 10969
18254 10972
18258 10974
18262 10976
18266 10979
18270 10981
18274 10984
18278 10986
18282 10988
18286 10991
18290 10993
18294 10996
18298 10998
18302 11000
18306 11003
18310 11005
18314 11008
18318 11010
18322 11012
18326 11015
18330 11017
18334 11020
18338 11022
18342 11025
18346 11027
18350 11029
18354 11032
18358 11034
18362 11037
18366 11039
18370 11042
18374 11044
18378 11046
18382 11049
18386 11051
18390 11054
18394 11056
18398 11058
18402 11061
18406 11063
18410 11066
18414 11068
18418 11070
18422 11073
18426 11075
18430 11078
18434 11080
18438 11082
18442 11085
18446 11087
18450 11090
18454 11092
18458 11095
18462 11097
18466 11100
18470 11102
18474 11104
18478 11107
18482 11109
18486 11112
18490 11114
18494 11116
18498 11119
18502 11121
18506 11124
18510 11126
18514 11129
18518 11131
18522 11134
18526 11136
18530 11138
18534 11141
18538 11143
18542 11146
18546 11148
18550 11151
18554 11153
18558 11156
18562 11158
18566 11160
18570 11163
18574 11165
18578 11168
18582 11170
18586 11173
18590 11175
18594 11177
18598 11180
18602 11182
18606 11185
18610 11187
18614 11190
18618 11192
18622 11194
18626 11197
18630 11199
18634 11202
18638 11204
18642 11207
18646 11209
18650 11212
18654 11214
18658 11216
18662 11219
18666 11221
18670 11224
18674 11226
18678 11229
18682 11231
18686 11234
18690 11236
18694 11238
18698 11241
18702 11243
18706 11246
18710 11248
18714 11250
18718 11253
18722 11255
18726 11258
18730 11260
18734 11262
18738 11265
18742 11267
18746 11270
18750 11272
18754 11274
18758 11277
18762 11279
18766 11282
18770 11284
18774 11286
18778 11289
18782 11291
18786 11294
18790 11296
18794 11298
18798 11301
18802 11303
18806 11306
18810 11308
18814 11310
18818 11313
18822 11315
18826 11318
18830 11320
18834 11322
18838 11325
18842 11327
18846 11329
18850 11332
18854 11334
18858 11337
18862 11339
18866 11341
18870 11344
18874 11346
18878 11348
18882 11351
18886 11353
18890 11356
18894 11358
18898 11361
18902 11363
18906 11365
18910 11368
18914 11370
18918 11373
18922 11375
18926 11378
18930 11380
18934 11382
18938 11385
18942 11387
18946 11389
18950 11392
18954 11394
18958 11397
18962 11399
18966 11402
18970 11404
18974 11406
18978 11409
18982 11411
18986 11414
18990 11416
18994 11418
18998 11421
19002 11423
19006 11426
19010 11428
19014 11430
19018 11433
19022 11435
19026 11438
19030 11440
19034 11442
19038 11445
19042 11447
19046 11450
19050 11452
19054 11455
19058 11457
19062 11460
19066 11462
19070 11464
19074 11467
19078 11469
19082 11472
19086 11474
19090 11476
19094 11479
19098 11481
19102 11484
19106 11486
19110 11489
19114 11491
19118 11493
19122 11496
19126 11498
19130 11501
19134 11503
19138 11506
19142 11508
19146 11510
19150 11513
19154 11515
19158 11518
19162 11520
19166 11523
19170 11525
19174 11528
19178 11530
19182 11532
19186 11535
19190 11537
19194 11540
19198 11542
19202 11545
19206 11547
19210 11550
19214 11552
19218 11554
19222 11557
19226 11559
19230 11562
19234 11564
19238 11567
19242 11569
19246 11572
19250 11574
19254 11576
19258 11579
19262 11581
19266 11584
19270 11586
19274 11588
19278 11591
19282 11593
19286 11596
19290 11598
19294 11601
19298 11603
19302 11605
19306 11608
19310 11610
19314 11613
19318 11615
19322 11618
19326 11620
19330 11622
19334 11625
19338 11627
19342 11630
19346 11632
19350 11634
19354 11637
19358 11639
19362 11642
19366 11644
19370 11646
19374 11649
19378 11651
19382 11653
19386 11656
19390 11658
19394 11660
19398 11663
19402 11665
19406 11668
19410 11670
19414 11672
19418 11675
19422 11677
19426 11680
19430 11682
19434 11684
19438 11687
19442 11689
19446 11692
19450 11694
19454 11696
19458 11699
19462 11701
19466 11704
19470 11706
19474 11708
19478 11711
19482 11713
19486 11716
19490 11718
19494 11720
19498 11723
19502 11725
19506 11728
19510 11730
19514 11732
19518 11735
19522 11737
19526 11740
19530 11742
19534 11744
19538 11747
19542 11749
19546 11752
19550 11754
19554 11756
19558 11759
19562 11761
19566 11764
19570 11766
19574 11769
19578 11771
19582 11773
19586 11776
19590 11778
19594 11780
19598 11783
19602 11785
19606 11788
19610 11790
19614 11793
19618 11795
19622 11798
19626 11800
19630 11802
19634 11805
19638 11807
19642 11810
19646 11812
19650 11814
19654 11817
19658 11819
19662 11822
19666 11824
19670 11826
19674 11829
19678 11831
19682 11834
19686 11836
19690 11839
19694 11841
19698 11844
19702 11846
19706 11848
19710 11851
19714 11853
19718 11856
19722 11858
19726 11861
19730 11863
19734 11866
19738 11868
19742 11870
19746 11873
19750 11875
19754 11878
19758 11880
19762 11882
19766 11885
19770 11888
19774 11890
19778 11892
19782 11895
19786 11897
19790 11900
19794 11902
19798 11904
19802 11907
19806 11909
19810 11912
19814 11914
19818 11917
19822 11919
19826 11921
19830 11924
19834 11926
19838 11929
19842 11931
19846 11934
19850 11936
19854 11938
19858 11941
19862 11943
19866 11946
19870 11948
19874 11950
19878 11953
19882 11956
19886 11958
19890 11960
19894 11963
19898 11965
19902 11968
19906 11970
19910 11972
19914 11975
19918 11977
19922 11980
19926 11982
19930 11984
19934 11987
19938 11989
19942 11992
19946 11994
19950 11996
19954 11999
19958 12001
19962 12004
19966 12006
19970 12008
19974 12011
19978 12013
19982 12016
19986 12018
19990 12020
19994 12023
19998 12025
20002 12028
20006 12030
20010 12032
20014 12035
20018 12037
20022 12040
20026 12042
20030 12044
20034 12047
20038 12049
20042 12052
20046 12054
20050 12056
20054 12059
20058 12061
20062 12063
20066 12066
20070 12068
20074 12071
20078 12073
20082 12076
20086 12078
20090 12080
20094 12083
20098 12085
20102 12088
20106 12090
20110 12092
20114 12095
20118 12097
20122 12100
20126 12102
20130 12104
20134 12107
20138 12109
20142 12112
20146 12114
20150 12116
20154 12119
20158 12121
20162 12124
20166 12126
20170 12128
20174 12131
20178 12133
20182 12136
20186 12138
20190 12140
20194 12143
20198 12145
20202 12148
20206 12150
20210 12153
20214 12155
20218 12158
20222 12160
20226 12162
20230 12165
20234 12167
20238 12170
20242 12172
20246 12174
20250 12177
20254 12179
20258 12182
20262 12184
20266 12186
20270 12189
20274 12191
20278 12194
20282 12196
20286 12199
20290 12201
20294 12204
20298 12206
20302 12208
20306 12211
20310 12213
20314 12216
20318 12218
20322 12220
20326 12223
20330 12225
20334 12228
20338 12230
20342 12233
20346 12235
20350 12238
20354 12240
20358 12242
20362 12245
20366 12247
20370 12250
20374 12252
20378 12255
20382 12257
20386 12259
20390 12262
20394 12264
20398 12267
20402 12269
20406 12272
20410 12274
20414 12276
20418 12279
20422 12281
20426 12284
20430 12286
20434 12289
20438 12291
20442 12294
20446 12296
20450 12298
20454 12301
20458 12303
20462 12306
20466 12308
20470 12310
20474 12313
20478 12315
20482 12318
20486 12320
20490 12323
20494 12325
20498 12327
20502 12330
20506 12332
20510 12335
20514 12337
20518 12340
20522 12342
20526 12344
20530 12347
20534 12349
20538 12352
20542 12354
20546 12356
20550 12359
20554 12361
20558 12363
20562 12366
20566 12368
20570 12371
20574 12373
20578 12375
20582 12378
20586 12380
20590 12382
20594 12385
20598 12387
20602 12390
20606 12392
20610 12394
20614 12397
20618 12399
20622 12402
20626 12404
20630 12406
20634 12409
20638 12411
20642 12414
20646 12416
20650 12418
20654 12421
20658 12423
20662 12426
20666 12428
20670 12430
20674 12433
20678 12435
20682 12438
20686 12440
20690 12443
20694 12445
20698 12447
20702 12450
20706 12452
20710 12454
20714 12457
20718 12459
20722 12462
20726 12464
20730 12467
20734 12469
20738 12471
20742 12474
20746 12476
20750 12479
20754 12481
20758 12484
20762 12486
20766 12488
20770 12491
20774 12493
20778 12496
20782 12498
20786 12500
20790 12503
20794 12505
20798 12508
20802 12510
20806 12512
20810 12515
20814 12517
20818 12520
20822 12522
20826 12524
20830 12527
20834 12529
20838 12532
20842 12534
20846 12537
20850 12539
20854 12542
20858 12544
20862 12546
20866 12549
20870 12551
20874 12554
20878 12556
20882 12558
20886 12561
20890 12563
20894 12566
20898 12568
20902 12571
20906 12573
20910 12575
20914 12578
20918 12580
20922 12583
20926 12585
20930 12588
20934 12590
20938 12592
20942 12595
20946 12597
20950 12600
20954 12602
20958 12605
20962 12607
20966 12610
20970 12612
20974 12614
20978 12617
20982 12619
20986 12622
20990 12624
20994 12627
20998 12629
21002 12632
21006 12634
21010 12636
21014 12639
21018 12641
21022 12644
21026 12646
21030 12648
21034 12651
21038 12653
21042 12656
21046 12658
21050 12661
21054 12663
21058 12665
21062 12668
21066 12670
21070 12673
21074 12675
21078 12678
21082 12680
21086 12682
21090 12685
21094 12687
21098 12690
21102 12692
21106 12694
21110 12697
21114 12699
21118 12702
21122 12704
21126 12706
21130 12709
21134 12711
21138 12714
21142 12716
21146 12718
21150 12721
21154 12723
21158 12726
21162 12728
21166 12730
21170 12733
21174 12735
21178 12738
21182 12740
21186 12742
21190 12745
21194 12747
21198 12750
21202 12752
21206 12754
21210 12757
21214 12759
21218 12761
21222 12764
21226 12766
21230 12768
21234 12771
21238 12773
21242 12776
21246 12778
21250 12781
21254 12783
21258 12785
21262 12788
21266 12790
21270 12792
21274 12795
21278 12797
21282 12800
21286 12802
21290 12805
21294 12807
21298 12809
21302 12812
21306 12814
21310 12817
21314 12819
21318 12822
21322 12824
21326 12826
21330 12829
21334 12831
21338 12834
21342 12836
21346 12838
21350 12841
21354 12843
21358 12846
21362 12848
21366 12850
21370 12853
21374 12855
21378 12858
21382 12860
21386 12862
21390 12865
21394 12867
21398 12870
21402 12872
21406 12875
21410 12877
21414 12879
21418 12882
21422 12884
21426 12887
21430 12889
21434 12892
21438 12894
21442 12896
21446 12899
21450 12901
21454 12904
21458 12906
21462 12908
21466 12911
21470 12913
21474 12916
21478 12918
21482 12921
21486 12923
21490 12926
21494 12928
21498 12930
21502 12933
21506 12935
21510 12938
21514 12940
21518 12943
21522 12945
21526 12948
21530 12950
21534 12952
21538 12955
21542 12957
21546 12960
21550 12962
21554 12964
21558 12967
21562 12969
21566 12972
21570 12974
21574 12977
21578 12979
21582 12982
21586 12984
21590 12986
21594 12989
21598 12991
21602 12994
21606 12996
21610 12998
21614 13001
21618 13003
21622 13006
21626 13008
21630 13011
21634 13013
21638 13015
21642 13018
21646 13020
21650 13023
21654 13025
21658 13028
21662 13030
21666 13032
21670 13035
21674 13037
21678 13040
21682 13042
21686 13044
21690 13047
21694 13049
21698 13052
21702 13054
21706 13056
21710 13059
21714 13061
21718 13064
21722 13066
21726 13068
21730 13071
21734 13073
21738 13076
21742 13078
21746 13080
21750 13083
21754 13085
21758 13088
21762 13090
21766 13092
21770 13095
21774 13097
21778 13100
21782 13102
21786 13104
21790 13107
21794 13110
21798 13112
21802 13114
21806 13117
21810 13119
21814 13121
21818 13124
21822 13126
21826 13129
21830 13131
21834 13134
21838 13136
21842 13138
21846 13141
21850 13143
21854 13146
21858 13148
21862 13150
21866 13153
21870 13155
21874 13158
21878 13160
21882 13162
21886 13165
21890 13167
21894 13170
21898 13172
21902 13174
21906 13177
21910 13179
21914 13182
21918 13184
21922 13187
21926 13189
21930 13191
21934 13194
21938 13196
21942 13199
21946 13201
21950 13204
21954 13206
21958 13208
21962 13211
21966 13213
21970 13216
21974 13218
21978 13220
21982 13223
21986 13225
21990 13228
21994 13230
21998 13233
22002 13235
22006 13238
22010 13240
22014 13242
22018 13245
22022 13247
22026 13250
22030 13252
22034 13254
22038 13257
22042 13259
22046 13262
22050 13264
22054 13266
22058 13269
22062 13271
22066 13274
22070 13276
22074 13279
22078 13281
22082 13284
22086 13286
22090 13288
22094 13291
22098 13293
22102 13296
22106 13298
22110 13301
22114 13303
22118 13306
22122 13308
22126 13310
22130 13313
22134 13315
22138 13318
22142 13320
22146 13322
22150 13325
22154 13328
22158 13330
22162 13332
22166 13335
22170 13337
22174 13340
22178 13342
22182 13344
22186 13347
22190 13349
22194 13352
22198 13354
22202 13357
22206 13359
22210 13361
22214 13364
22218 13366
22222 13368
22226 13371
22230 13374
22234 13376
22238 13378
22242 13381
22246 13383
22250 13386
22254 13388
22258 13390
22262 13393
22266 13395
22270 13398
22274 13400
22278 13402
22282 13405
22286 13407
22290 13410
22294 13412
22298 13414
22302 13417
22306 13419
22310 13422
22314 13424
22318 13427
22322 13429
22326 13431
22330 13434
22334 13436
22338 13438
22342 13441
22346 13443
22350 13446
22354 13448
22358 13450
22362 13453
22366 13455
22370 13458
22374 13460
22378 13462
22382 13465
22386 13467
22390 13470
22394 13472
22398 13474
22402 13477
22406 13479
22410 13481
22414 13484
22418 13486
22422 13488
22426 13491
22430 13494
22434 13496
22438 13498
22442 13501
22446 13503
22450 13505
22454 13508
22458 13510
22462 13513
22466 13515
22470 13517
22474 13520
22478 13522
22482 13525
22486 13527
22490 13530
22494 13532
22498 13534
22502 13537
22506 13539
22510 13542
22514 13544
22518 13546
22522 13549
22526 13551
22530 13554
22534 13556
22538 13558
22542 13561
22546 13563
22550 13566
22554 13568
22558 13571
22562 13573
22566 13575
22570 13578
22574 13580
22578 13583
22582 13585
22586 13588
22590 13590
22594 13592
22598 13595
22602 13597
22606 13600
22610 13602
22614 13604
22618 13607
22622 13609
22626 13612
22630 13614
22634 13617
22638 13619
22642 13622
22646 13624
22650 13626
22654 13629
22658 13631
22662 13634
22666 13636
22670 13638
22674 13641
22678 13643
22682 13646
22686 13648
22690 13651
22694 13653
22698 13656
22702 13658
22706 13660
22710 13663
22714 13665
22718 13668
22722 13670
22726 13672
22730 13675
22734 13677
22738 13680
22742 13682
22746 13685
22750 13687
22754 13690
22758 13692
22762 13694
22766 13697
22770 13699
22774 13702
22778 13704
22782 13707
22786 13709
22790 13712
22794 13714
22798 13716
22802 13719
22806 13721
22810 13724
22814 13726
22818 13728
22822 13731
22826 13733
22830 13736
22834 13738
22838 13741
22842 13743
22846 13745
22850 13748
22854 13750
22858 13753
22862 13755
22866 13758
22870 13760
22874 13762
22878 13765
22882 13767
22886 13770
22890 13772
22894 13774
22898 13777
22902 13779
22906 13782
22910 13784
22914 13786
22918 13789
22922 13791
22926 13794
22930 13796
22934 13798
22938 13801
22942 13803
22946 13806
22950 13808
22954 13810
22958 13813
22962 13815
22966 13817
22970 13820
22974 13822
22978 13824
22982 13827
22986 13829
22990 13832
22994 13834
22998 13836
23002 13839
23006 13841
23010 13844
23014 13846
23018 13848
23022 13851
23026 13853
23030 13856
23034 13858
23038 13860
23042 13863
23046 13865
23050 13868
23054 13870
23058 13872
23062 13875
23066 13877
23070 13880
23074 13882
23078 13884
23082 13887
23086 13889
23090 13892
23094 13894
23098 13896
23102 13899
23106 13901
23110 13904
23114 13906
23118 13908
23122 13911
23126 13913
23130 13916
23134 13918
23138 13921
23142 13923
23146 13926
23150 13928
23154 13930
23158 13933
23162 13935
23166 13938
23170 13940
23174 13942
23178 13945
23182 13947
23186 13950
23190 13952
23194 13954
23198 13957
23202 13959
23206 13962
23210 13964
23214 13967
23218 13969
23222 13972
23226 13974
23230 13976
23234 13979
23238 13981
23242 13984
23246 13986
23250 13988
23254 13991
23258 13993
23262 13996
23266 13998
23270 14001
23274 14003
23278 14006
23282 14008
23286 14010
23290 14013
23294 14015
23298 14018
23302 14020
23306 14023
23310 14025
23314 14028
23318 14030
23322 14032
23326 14035
23330 14037
23334 14040
23338 14042
23342 14044
23346 14047
23350 14049
23354 14052
23358 14054
23362 14057
23366 14059
23370 14062
23374 14064
23378 14066
23382 14069
23386 14071
23390 14074
23394 14076
23398 14078
23402 14081
23406 14083
23410 14086
23414 14088
23418 14091
23422 14093
23426 14096
23430 14098
23434 14100
23438 14103
23442 14105
23446 14108
23450 14110
23454 14112
23458 14115
23462 14117
23466 14120
23470 14122
23474 14124
23478 14127
23482 14129
23486 14132
23490 14134
23494 14136
23498 14139
23502 14141
23506 14144
23510 14146
23514 14148
23518 14151
23522 14153
23526 14156
23530 14158
23534 14160
23538 14163
23542 14165
23546 14168
23550 14170
23554 14172
23558 14175
23562 14177
23566 14180
23570 14182
23574 14184
23578 14187
23582 14189
23586 14191
23590 14194
23594 14196
23598 14198
23602 14201
23606 14203
23610 14206
23614 14208
23618 14210
23622 14213
23626 14215
23630 14218
23634 14220
23638 14222
23642 14225
23646 14227
23650 14230
23654 14232
23658 14234
23662 14237
23666 14239
23670 14242
23674 14244
23678 14246
23682 14249
23686 14251
23690 14254
23694 14256
23698 14258
23702 14261
23706 14263
23710 14266
23714 14268
23718 14270
23722 14273
23726 14275
23730 14278
23734 14280
23738 14283
23742 14285
23746 14288
23750 14290
23754 14292
23758 14295
23762 14297
23766 14300
23770 14302
23774 14304
23778 14307
23782 14309
23786 14312
23790 14314
23794 14316
23798 14319
23802 14321
23806 14324
23810 14326
23814 14329
23818 14331
23822 14334
23826 14336
23830 14338
23834 14341
23838 14343
23842 14346
23846 14348
23850 14350
23854 14353
23858 14355
23862 14358
23866 14360
23870 14363
23874 14365
23878 14368
23882 14370
23886 14372
23890 14375
23894 14377
23898 14380
23902 14382
23906 14385
23910 14387
23914 14390
23918 14392
23922 14394
23926 14397
23930 14399
23934 14402
23938 14404
23942 14407
23946 14409
23950 14411
23954 14414
23958 14416
23962 14419
23966 14421
23970 14424
23974 14426
23978 14428
23982 14431
23986 14433
23990 14436
23994 14438
23998 14440
24002 14443
24006 14445
24010 14448
24014 14450
24018 14453
24022 14455
24026 14458
24030 14460
24034 14462
24038 14465
24042 14467
24046 14470
24050 14472
24054 14474
24058 14477
24062 14479
24066 14482
24070 14484
24074 14486
24078 14489
24082 14491
24086 14494
24090 14496
24094 14499
24098 14501
24102 14503
24106 14506
24110 14508
24114 14511
24118 14513
24122 14515
24126 14518
24130 14520
24134 14522
24138 14525
24142 14527
24146 14530
24150 14532
24154 14534
24158 14537
24162 14539
24166 14542
24170 14544
24174 14546
24178 14549
24182 14551
24186 14554
24190 14556
24194 14558
24198 14561
24202 14563
24206 14565
24210 14568
24214 14570
24218 14573
24222 14575
24226 14577
24230 14580
24234 14582
24238 14584
24242 14587
24246 14589
24250 14592
24254 14594
24258 14596
24262 14599
24266 14601
24270 14604
24274 14606
24278 14609
24282 14611
24286 14613
24290 14616
24294 14618
24298 14621
24302 14623
24306 14626
24310 14628
24314 14630
24318 14633
24322 14635
24326 14638
24330 14640
24334 14642
24338 14645
24342 14647
24346 14650
24350 14652
24354 14654
24358 14657
24362 14659
24366 14662
24370 14664
24374 14666
24378 14669
24382 14671
24386 14674
24390 14676
24394 14679
24398 14681
24402 14684
24406 14686
24410 14688
24414 14691
24418 14693
24422 14696
24426 14698
24430 14701
24434 14703
24438 14705
24442 14708
24446 14710
24450 14713
24454 14715
24458 14718
24462 14720
24466 14722
24470 14725
24474 14727
24478 14730
24482 14732
24486 14735
24490 14737
24494 14740
24498 14742
24502 14744
24506 14747
24510 14749
24514 14752
24518 14754
24522 14757
24526 14759
24530 14762
24534 14764
24538 14766
24542 14769
24546 14771
24550 14774
24554 14776
24558 14778
24562 14781
24566 14783
24570 14786
24574 14788
24578 14791
24582 14793
24586 14796
24590 14798
24594 14800
24598 14803
24602 14805
24606 14808
24610 14810
24614 14813
24618 14815
24622 14818
24626 14820
24630 14822
24634 14825
24638 14827
24642 14830
24646 14832
24650 14834
24654 14837
24658 14839
24662 14842
24666 14844
24670 14846
24674 14849
24678 14851
24682 14854
24686 14856
24690 14859
24694 14861
24698 14863
24702 14866
24706 14868
24710 14870
24714 14873
24718 14875
24722 14878
24726 14880
24730 14882
24734 14885
24738 14887
24742 14890
24746 14892
24750 14894
24754 14897
24758 14899
24762 14902
24766 14904
24770 14906
24774 14909
24778 14911
24782 14913
24786 14916
24790 14918
24794 14920
24798 14923
24802 14925
24806 14928
24810 14930
24814 14933
24818 14935
24822 14937
24826 14940
24830 14942
24834 14944
24838 14947
24842 14949
24846 14952
24850 14954
24854 14956
24858 14959
24862 14961
24866 14964
24870 14966
24874 14968
24878 14971
24882 14973
24886 14976
24890 14978
24894 14980
24898 14983
24902 14985
24906 14988
24910 14990
24914 14992
24918 14995
24922 14997
24926 15000
24930 15002
24934 15005
24938 15007
24942 15010
24946 15012
24950 15014
24954 15017
24958 15019
24962 15022
24966 15024
24970 15026
24974 15029
24978 15031
24982 15034
24986 15036
24990 15038
24994 15041
24998 15043
25002 15046
25006 15048
25010 15051
25014 15053
25018 15055
25022 15058
25026 15060
25030 15063
25034 15065
25038 15068
25042 15070
25046 15072
25050 15075
25054 15077
25058 15080
25062 15082
25066 15085
25070 15087
25074 15090
25078 15092
25082 15094
25086 15097
25090 15099
25094 15102
25098 15104
25102 15107
25106 15109
25110 15112
25114 15114
25118 15116
25122 15119
25126 15121
25130 15124
25134 15126
25138 15128
25142 15131
25146 15133
25150 15136
25154 15138
25158 15141
25162 15143
25166 15146
25170 15148
25174 15150
25178 15153
25182 15155
25186 15158
25190 15160
25194 15163
25198 15165
25202 15167
25206 15170
25210 15172
25214 15175
25218 15177
25222 15180
25226 15182
25230 15184
25234 15187
25238 15189
25242 15192
25246 15194
25250 15197
25254 15199
25258 15201
25262 15204
25266 15206
25270 15209
25274 15211
25278 15213
25282 15216
25286 15218
25290 15221
25294 15223
25298 15226
25302 15228
25306 15230
25310 15233
25314 15235
25318 15237
25322 15240
25326 15242
25330 15245
25334 15247
25338 15249
25342 15252
25346 15254
25350 15256
25354 15259
25358 15261
25362 15264
25366 15266
25370 15268
25374 15271
25378 15273
25382 15276
25386 15278
25390 15280
25394 15283
25398 15285
25402 15287
25406 15290
25410 15292
25414 15295
25418 15297
25422 15299
25426 15302
25430 15304
25434 15306
25438 15309
25442 15311
25446 15314
25450 15316
25454 15318
25458 15321
25462 15323
25466 15326
25470 15328
25474 15330
25478 15333
25482 15335
25486 15338
25490 15340
25494 15342
25498 15345
25502 15347
25506 15350
25510 15352
25514 15354
25518 15357
25522 15359
25526 15362
25530 15364
25534 15366
25538 15369
25542 15371
25546 15374
25550 15376
25554 15378
25558 15381
25562 15383
25566 15386
25570 15388
25574 15391
25578 15393
25582 15396
25586 15398
25590 15400
25594 15403
25598 15405
25602 15408
25606 15410
25610 15412
25614 15415
25618 15417
25622 15420
25626 15422
25630 15424
25634 15427
25638 15429
25642 15432
25646 15434
25650 15437
25654 15439
25658 15442
25662 15444
25666 15446
25670 15449
25674 15451
25678 15454
25682 15456
25686 15459
25690 15461
25694 15464
25698 15466
25702 15468
25706 15471
25710 15473
25714 15476
25718 15478
25722 15481
25726 15483
25730 15486
25734 15488
25738 15490
25742 15493
25746 15495
25750 15498
25754 15500
25758 15503
25762 15505
25766 15508
25770 15510
25774 15512
25778 15515
25782 15517
25786 15520
25790 15522
25794 15525
25798 15527
25802 15529
25806 15532
25810 15534
25814 15537
25818 15539
25822 15542
25826 15544
25830 15546
25834 15549
25838 15551
25842 15554
25846 15556
25850 15558
25854 15561
25858 15563
25862 15566
25866 15568
25870 15570
25874 15573
25878 15575
25882 15578
25886 15580
25890 15583
25894 15585
25898 15587
25902 15590
25906 15592
25910 15594
25914 15597
25918 15599
25922 15602
25926 15604
25930 15606
25934 15609
25938 15611
25942 15614
25946 15616
25950 15618
25954 15621
25958 15623
25962 15625
25966 15628
25970 15630
25974 15632
25978 15635
25982 15637
25986 15640
25990 15642
25994 15644
25998 15647
26002 15649
26006 15652
26010 15654
26014 15656
26018 15659
26022 15661
26026 15664
26030 15666
26034 15668
26038 15671
26042 15673
26046 15676
26050 15678
26054 15680
26058 15683
26062 15685
26066 15688
26070 15690
26074 15692
26078 15695
26082 15697
26086 15700
26090 15702
26094 15704
26098 15707
26102 15709
26106 15711
26110 15714
26114 15716
26118 15719
26122 15721
26126 15724
26130 15726
26134 15728
26138 15731
26142 15733
26146 15736
26150 15738
26154 15740
26158 15743
26162 15745
26166 15748
26170 15750
26174 15752
26178 15755
26182 15757
26186 15760
26190 15762
26194 15764
26198 15767
26202 15769
26206 15772
26210 15774
26214 15777
26218 15779
26222 15782
26226 15784
26230 15786
26234 15789
26238 15791
26242 15794
26246 15796
26250 15798
26254 15801
26258 15803
26262 15806
26266 15808
26270 15811
26274 15813
26278 15816
26282 15818
26286 15820
26290 15823
26294 15825
26298 15828
26302 15830
26306 15833
26310 15835
26314 15838
26318 15840
26322 15842
26326 15845
26330 15847
26334 15850
26338 15852
26342 15855
26346 15857
26350 15860
26354 15862
26358 15864
26362 15867
26366 15869
26370 15872
26374 15874
26378 15877
26382 15879
26386 15881
26390 15884
26394 15886
26398 15889
26402 15891
26406 15894
26410 15896
26414 15898
26418 15901
26422 15903
26426 15906
26430 15908
26434 15910
26438 15913
26442 15916
26446 15918
26450 15920
26454 15923
26458 15925
26462 15928
26466 15930
26470 15932
26474 15935
26478 15937
26482 15940
26486 15942
26490 15944
26494 15947
26498 15949
26502 15952
26506 15954
26510 15956
26514 15959
26518 15961
26522 15964
26526 15966
26530 15968
26534 15971
26538 15973
26542 15976
26546 15978
26550 15980
26554 15983
26558 15985
26562 15987
26566 15990
26570 15992
26574 15994
26578 15997
26582 15999
26586 16002
26590 16004
26594 16006
26598 16009
26602 16011
26606 16014
26610 16016
26614 16018
26618 16021
26622 16023
26626 16026
26630 16028
26634 16030
26638 16033
26642 16035
26646 16038
26650 16040
26654 16042
26658 16045
26662 16047
26666 16050
26670 16052
26674 16054
26678 16057
26682 16059
26686 16062
26690 16064
26694 16066
26698 16069
26702 16071
26706 16074
26710 16076
26714 16078
26718 16081
26722 16083
26726 16086
26730 16088
26734 16090
26738 16093
26742 16095
26746 16098
26750 16100
26754 16102
26758 16105
26762 16107
26766 16110
26770 16112
26774 16114
26778 16117
26782 16119
26786 16122
26790 16124
26794 16126
26798 16129
26802 16132
26806 16134
26810 16136
26814 16139
26818 16141
26822 16144
26826 16146
26830 16148
26834 16151
26838 16153
26842 16156
26846 16158
26850 16161
26854 16163
26858 16165
26862 16168
26866 16170
26870 16173
26874 16175
26878 16178
26882 16180
26886 16182
26890 16185
26894 16187
26898 16190
26902 16192
26906 16195
26910 16197
26914 16200
26918 16202
26922 16204
26926 16207
26930 16209
26934 16212
26938 16214
26942 16217
26946 16219
26950 16222
26954 16224
26958 16226
26962 16229
26966 16231
26970 16234
26974 16236
26978 16238
26982 16241
26986 16243
26990 16246
26994 16248
26998 16251
27002 16253
27006 16256
27010 16258
27014 16260
27018 16263
27022 16265
27026 16268
27030 16270
27034 16273
27038 16275
27042 16278
27046 16280
27050 16282
27054 16285
27058 16287
27062 16290
27066 16292
27070 16294
27074 16297
27078 16299
27082 16302
27086 16304
27090 16306
27094 16309
27098 16311
27102 16314
27106 16316
27110 16318
27114 16321
27118 16323
27122 16326
27126 16328
27130 16330
27134 16333
27138 16335
27142 16337
27146 16340
27150 16342
27154 16344
27158 16347
27162 16349
27166 16352
27170 16354
27174 16356
27178 16359
27182 16361
27186 16364
27190 16366
27194 16368
27198 16371
27202 16373
27206 16376
27210 16378
27214 16380
27218 16383
27222 16385
27226 16388
27230 16390
27234 16392
27238 16395
27242 16397
27246 16400
27250 16402
27254 16404
27258 16407
27262 16409
27266 16412
27270 16414
27274 16416
27278 16419
27282 16421
27286 16424
27290 16426
27294 16428
27298 16431
27302 16433
27306 16436
27310 16438
27314 16440
27318 16443
27322 16445
27326 16448
27330 16450
27334 16452
27338 16455
27342 16457
27346 16460
27350 16462
27354 16464
27358 16467
27362 16469
27366 16472
27370 16474
27374 16476
27378 16479
27382 16481
27386 16484
27390 16486
27394 16488
27398 16491
27402 16493
27406 16496
27410 16498
27414 16501
27418 16503
27422 16505
27426 16508
27430 16510
27434 16513
27438 16515
27442 16518
27446 16520
27450 16522
27454 16525
27458 16527
27462 16530
27466 16532
27470 16534
27474 16537
27478 16540
27482 16542
27486 16544
27490 16547
27494 16549
27498 16552
27502 16554
27506 16556
27510 16559
27514 16561
27518 16564
27522 16566
27526 16569
27530 16571
27534 16574
27538 16576
27542 16578
27546 16581
27550 16583
27554 16586
27558 16588
27562 16591
27566 16593
27570 16596
27574 16598
27578 16600
27582 16603
27586 16605
27590 16608
27594 16610
27598 16613
27602 16615
27606 16617
27610 16620
27614 16622
27618 16625
27622 16627
27626 16630
27630 16632
27634 16634
27638 16637
27642 16639
27646 16642
27650 16644
27654 16646
27658 16649
27662 16651
27666 16654
27670 16656
27674 16659
27678 16661
27682 16664
27686 16666
27690 16668
27694 16671
27698 16673
27702 16675
27706 16678
27710 16680
27714 16683
27718 16685
27722 16688
27726 16690
27730 16692
27734 16695
27738 16697
27742 16699
27746 16702
27750 16704
27754 16706
27758 16709
27762 16711
27766 16714
27770 16716
27774 16718
27778 16721
27782 16723
27786 16726
27790 16728
27794 16730
27798 16733
27802 16735
27806 16738
27810 16740
27814 16742
27818 16745
27822 16747
27826 16749
27830 16752
27834 16754
27838 16757
27842 16759
27846 16762
27850 16764
27854 16766
27858 16769
27862 16771
27866 16773
27870 16776
27874 16778
27878 16781
27882 16783
27886 16785
27890 16788
27894 16790
27898 16792
27902 16795
27906 16797
27910 16800
27914 16802
27918 16805
27922 16807
27926 16809
27930 16812
27934 16814
27938 16817
27942 16819
27946 16821
27950 16824
27954 16826
27958 16829
27962 16831
27966 16834
27970 16836
27974 16838
27978 16841
27982 16843
27986 16846
27990 16848
27994 16850
27998 16853
28002 16855
28006 16858
28010 16860
28014 16862
28018 16865
28022 16867
28026 16870
28030 16872
28034 16875
28038 16877
28042 16879
28046 16882
28050 16884
28054 16887
28058 16889
28062 16892
28066 16894
28070 16896
28074 16899
28078 16901
28082 16904
28086 16906
28090 16909
28094 16911
28098 16914
28102 16916
28106 16918
28110 16921
28114 16923
28118 16926
28122 16928
28126 16930
28130 16933
28134 16935
28138 16938
28142 16940
28146 16943
28150 16945
28154 16948
28158 16950
28162 16952
28166 16955
28170 16957
28174 16960
28178 16962
28182 16965
28186 16967
28190 16970
28194 16972
28198 16974
28202 16977
28206 16979
28210 16982
28214 16984
28218 16986
28222 16989
28226 16991
28230 16994
28234 16996
28238 16999
28242 17001
28246 17004
28250 17006
28254 17008
28258 17011
28262 17013
28266 17016
28270 17018
28274 17020
28278 17023
28282 17025
28286 17028
28290 17030
28294 17032
28298 17035
28302 17037
28306 17040
28310 17042
28314 17044
28318 17047
28322 17049
28326 17052
28330 17054
28334 17056
28338 17059
28342 17061
28346 17064
28350 17066
28354 17068
28358 17071
28362 17073
28366 17075
28370 17078
28374 17080
28378 17083
28382 17085
28386 17087
28390 17090
28394 17092
28398 17095
28402 17097
28406 17099
28410 17102
28414 17104
28418 17106
28422 17109
28426 17111
28430 17114
28434 17116
28438 17118
28442 17121
28446 17123
28450 17126
28454 17128
28458 17131
28462 17133
28466 17135
28470 17138
28474 17140
28478 17143
28482 17145
28486 17147
28490 17150
28494 17152
28498 17154
28502 17157
28506 17159
28510 17162
28514 17164
28518 17167
28522 17169
28526 17171
28530 17174
28534 17176
28538 17178
28542 17181
28546 17183
28550 17186
28554 17188
28558 17191
28562 17193
28566 17196
28570 17198
28574 17200
28578 17203
28582 17205
28586 17208
28590 17210
28594 17212
28598 17215
28602 17217
28606 17220
28610 17222
28614 17224
28618 17227
28622 17229
28626 17232
28630 17234
28634 17237
28638 17239
28642 17242
28646 17244
28650 17246
28654 17249
28658 17251
28662 17254
28666 17256
28670 17258
28674 17261
28678 17263
28682 17266
28686 17268
28690 17270
28694 17273
28698 17275
28702 17278
28706 17280
28710 17283
28714 17285
28718 17288
28722 17290
28726 17292
28730 17295
28734 17297
28738 17300
28742 17302
28746 17305
28750 17307
28754 17310
28758 17312
28762 17314
28766 17317
28770 17319
28774 17322
28778 17324
28782 17326
28786 17329
28790 17331
28794 17334
28798 17336
28802 17339
28806 17341
28810 17344
28814 17346
28818 17348
28822 17351
28826 17353
28830 17356
28834 17358
28838 17360
28842 17363
28846 17365
28850 17368
28854 17370
28858 17372
28862 17375
28866 17377
28870 17380
28874 17382
28878 17385
28882 17387
28886 17389
28890 17392
28894 17394
28898 17396
28902 17399
28906 17401
28910 17404
28914 17406
28918 17409
28922 17411
28926 17413
28930 17416
28934 17418
28938 17420
28942 17423
28946 17425
28950 17428
28954 17430
28958 17432
28962 17435
28966 17437
28970 17440
28974 17442
28978 17444
28982 17447
28986 17449
28990 17452
28994 17454
28998 17456
29002 17459
29006 17461
29010 17464
29014 17466
29018 17468
29022 17471
29026 17473
29030 17476
29034 17478
29038 17480
29042 17483
29046 17485
29050 17488
29054 17490
29058 17492
29062 17495
29066 17497
29070 17500
29074 17502
29078 17504
29082 17507
29086 17509
29090 17512
29094 17514
29098 17516
29102 17519
29106 17521
29110 17524
29114 17526
29118 17529
29122 17531
29126 17534
29130 17536
29134 17538
29138 17541
29142 17543
29146 17546
29150 17548
29154 17550
29158 17553
29162 17555
29166 17558
29170 17560
29174 17562
29178 17565
29182 17567
29186 17570
29190 17572
29194 17574
29198 17577
29202 17579
29206 17582
29210 17584
29214 17587
29218 17589
29222 17592
29226 17594
29230 17596
29234 17599
29238 17601
29242 17604
29246 17606
29250 17608
29254 17611
29258 17613
29262 17616
29266 17618
29270 17621
29274 17623
29278 17626
29282 17628
29286 17630
29290 17633
29294 17635
29298 17638
29302 17640
29306 17643
29310 17645
29314 17648
29318 17650
29322 17652
29326 17655
29330 17657
29334 17660
29338 17662
29342 17664
29346 17667
29350 17670
29354 17672
29358 17674
29362 17677
29366 17679
29370 17682
29374 17684
29378 17686
29382 17689
29386 17691
29390 17694
29394 17696
29398 17699
29402 17701
29406 17703
29410 17706
29414 17708
29418 17711
29422 17713
29426 17716
29430 17718
29434 17720
29438 17723
29442 17725
29446 17728
29450 17730
29454 17732
29458 17735
29462 17737
29466 17740
29470 17742
29474 17744
29478 17747
29482 17749
29486 17752
29490 17754
29494 17756
29498 17759
29502 17761
29506 17764
29510 17766
29514 17768
29518 17771
29522 17773
29526 17776
29530 17778
29534 17780
29538 17783
29542 17785
29546 17788
29550 17790
29554 17792
29558 17795
29562 17797
29566 17799
29570 17802
29574 17804
29578 17807
29582 17809
29586 17812
29590 17814
29594 17816
29598 17819
29602 17821
29606 17823
29610 17826
29614 17828
29618 17831
29622 17833
29626 17836
29630 17838
29634 17840
29638 17843
29642 17845
29646 17848
29650 17850
29654 17852
29658 17855
29662 17857
29666 17860
29670 17862
29674 17864
29678 17867
29682 17869
29686 17872
29690 17874
29694 17876
29698 17879
29702 17881
29706 17884
29710 17886
29714 17889
29718 17891
29722 17893
29726 17896
29730 17898
29734 17900
29738 17903
29742 17905
29746 17908
29750 17910
29754 17913
29758 17915
29762 17918
29766 17920
