10 0
14 0
18 0
22 0
26 0
30 0
34 0
38 0
42 0
46 0
50 0
54 0
58 0
62 0
66 25
70 22
74 20
78 18
82 41
86 37
90 33
94 55
98 74
102 67
106 85
110 101
114 116
118 130
122 167
126 175
130 182
134 214
138 218
142 246
146 246
150 271
154 294
158 315
162 308
166 327
170 345
174 360
178 374
182 387
186 398
190 433
194 440
198 446
202 451
206 456
210 460
214 489
218 490
222 516
226 514
230 513
234 537
238 533
242 555
246 549
250 569
254 562
258 581
262 573
266 590
270 606
274 596
278 611
282 600
286 615
290 628
294 615
298 629
302 641
306 627
310 639
314 650
318 635
322 646
326 632
330 644
334 654
338 664
342 647
346 657
350 667
354 650
358 660
362 669
366 652
370 662
374 670
378 653
382 663
386 672
390 654
394 664
398 647
402 658
406 667
410 650
414 660
418 669
422 652
426 662
430 646
434 656
438 665
442 649
446 659
450 643
454 654
458 638
462 649
466 634
470 646
474 656
478 641
482 626
486 639
490 650
494 635
498 621
502 634
506 621
510 634
514 620
518 633
522 620
526 633
530 619
534 607
538 622
542 609
546 623
550 611
554 600
558 615
562 603
566 618
570 606
574 595
578 586
582 602
586 592
590 608
594 597
598 587
602 578
606 595
610 586
614 602
618 592
622 583
626 574
630 592
634 583
638 574
642 592
646 583
650 574
654 567
658 585
662 577
666 569
670 587
674 578
678 570
682 563
686 582
690 574
694 566
698 585
702 576
706 568
710 561
714 580
718 572
722 565
726 583
730 575
734 567
738 561
742 580
746 572
750 564
754 583
758 575
762 567
766 560
770 579
774 571
778 589
782 580
786 572
790 565
794 583
798 575
802 567
806 586
810 577
814 569
818 587
822 578
826 596
830 586
834 577
838 595
842 585
846 576
850 594
854 584
858 576
862 593
866 584
870 600
874 590
878 581
882 598
886 588
890 604
894 594
898 584
902 601
906 591
910 607
914 596
918 586
922 603
926 592
930 608
934 597
938 587
942 604
946 593
950 609
954 598
958 588
962 604
966 594
970 609
974 598
978 613
982 602
986 617
990 605
994 595
998 610
1002 599
1006 614
1010 603
1014 617
1018 605
1022 620
1026 608
1030 622
1034 610
1038 624
1042 611
1046 600
1050 615
1054 604
1058 618
1062 606
1066 621
1070 608
1074 623
1078 610
1082 624
1086 612
1090 625
1094 613
1098 602
1102 616
1106 605
1110 619
1114 607
1118 621
1122 609
1126 623
1130 611
1134 600
1138 615
1142 603
1146 618
1150 606
1154 620
1158 608
1162 622
1166 610
1170 599
1174 614
1178 603
1182 617
1186 606
1190 595
1194 610
1198 599
1202 614
1206 603
1210 593
1214 608
1218 597
1222 613
1226 601
1230 591
1234 607
1238 596
1242 612
1246 600
1250 590
1254 606
1258 595
1262 611
1266 600
1270 590
1274 606
1278 595
1282 611
1286 599
1290 589
1294 605
1298 595
1302 610
1306 599
1310 589
1314 580
1318 597
1322 587
1326 604
1330 593
1334 584
1338 600
1342 590
1346 581
1350 598
1354 588
1358 579
1362 596
1366 587
1370 603
1374 593
1378 583
1382 600
1386 590
1390 581
1394 598
1398 588
1402 579
1406 596
1410 586
1414 603
1418 592
1422 583
1426 600
1430 590
1434 606
1438 595
1442 586
1446 602
1450 592
1454 582
1458 599
1462 589
1466 580
1470 597
1474 587
1478 604
1482 593
1486 584
1490 600
1494 590
1498 581
1502 598
1506 588
1510 579
1514 596
1518 587
1522 603
1526 593
1530 583
1534 600
1538 590
1542 606
1546 595
1550 586
1554 602
1558 592
1562 583
1566 599
1570 589
1574 605
1578 595
1582 610
1586 599
1590 589
1594 605
1598 595
1602 610
1606 599
1610 589
1614 605
1618 595
1622 610
1626 599
1630 589
1634 605
1638 595
1642 610
1646 599
1650 614
1654 603
1658 617
1662 605
1666 595
1670 610
1674 599
1678 614
1682 603
1686 617
1690 606
1694 620
1698 608
1702 597
1706 612
1710 601
1714 616
1718 604
1722 619
1726 607
1730 621
1734 609
1738 598
1742 613
1746 602
1750 617
1754 605
1758 594
1762 610
1766 624
1770 611
1774 600
1778 615
1782 604
1786 618
1790 606
1794 596
1798 611
1802 600
1806 615
1810 603
1814 618
1818 606
1822 595
1826 611
1830 600
1834 615
1838 603
1842 618
1846 606
1850 595
1854 611
1858 600
1862 615
1866 603
1870 593
1874 608
1878 598
1882 588
1886 604
1890 593
1894 609
1898 598
1902 613
1906 602
1910 592
1914 607
1918 597
1922 587
1926 603
1930 593
1934 583
1938 600
1942 590
1946 606
1950 595
1954 586
1958 602
1962 592
1966 583
1970 599
1974 589
1978 605
1982 595
1986 585
1990 602
1994 591
1998 582
2002 599
2006 589
2010 605
2014 595
2018 585
2022 601
2026 591
2030 582
2034 599
2038 589
2042 580
2046 597
2050 587
2054 603
2058 593
2062 584
2066 600
2070 590
2074 581
2078 598
2082 588
2086 579
2090 596
2094 587
2098 578
2102 595
2106 585
2110 577
2114 594
2118 585
2122 601
2126 591
2130 582
2134 599
2138 589
2142 605
2146 594
2150 585
2154 601
2158 591
2162 582
2166 599
2170 589
2174 605
2178 594
2182 585
2186 601
2190 591
2194 607
2198 596
2202 587
2206 603
2210 592
2214 608
2218 597
2222 613
2226 601
2230 591
2234 607
2238 596
2242 612
2246 600
2250 615
2254 604
2258 618
2262 606
2266 596
2270 611
2274 600
2278 615
2282 603
2286 618
2290 606
2294 620
2298 608
2302 622
2306 610
2310 599
2314 614
2318 603
2322 617
2326 606
2330 620
2334 608
2338 597
2342 612
2346 601
2350 616
2354 604
2358 619
2362 607
2366 621
2370 609
2374 598
2378 613
2382 602
2386 617
2390 605
2394 619
2398 607
2402 622
2406 609
2410 598
2414 613
2418 602
2422 617
2426 605
2430 595
2434 610
2438 599
2442 614
2446 603
2450 592
2454 608
2458 597
2462 612
2466 601
2470 591
2474 607
2478 596
2482 611
2486 600
2490 615
2494 604
2498 593
2502 609
2506 598
2510 588
2514 604
2518 594
2522 609
2526 598
2530 588
2534 605
2538 594
2542 585
2546 601
2550 591
2554 582
2558 599
2562 589
2566 605
2570 594
2574 585
2578 601
2582 591
2586 582
2590 599
2594 589
2598 580
2602 597
2606 587
2610 578
2614 595
2618 586
2622 577
2626 594
2630 585
2634 601
2638 591
2642 582
2646 599
2650 589
2654 605
2658 594
2662 585
2666 576
2670 594
2674 584
2678 601
2682 591
2686 582
2690 598
2694 588
2698 580
2702 597
2706 587
2710 578
2714 595
2718 586
2722 577
2726 594
2730 585
2734 576
2738 594
2742 584
2746 601
2750 591
2754 581
2758 598
2762 588
2766 605
2770 594
2774 585
2778 601
2782 591
2786 607
2790 596
2794 586
2798 603
2802 592
2806 608
2810 597
2814 612
2818 601
2822 616
2826 604
2830 594
2834 609
2838 598
2842 614
2846 602
2850 617
2854 605
2858 620
2862 608
2866 597
2870 612
2874 601
2878 616
2882 604
2886 619
2890 607
2894 621
2898 609
2902 598
2906 613
2910 602
2914 616
2918 605
2922 619
2926 607
2930 621
2934 609
2938 598
2942 613
2946 602
2950 617
2954 605
2958 620
2962 608
2966 622
2970 609
2974 598
2978 614
2982 602
2986 617
2990 605
2994 620
2998 608
3002 622
3006 610
3010 599
3014 614
3018 602
3022 617
3026 605
3030 595
3034 610
3038 599
3042 614
3046 603
3050 592
3054 608
3058 597
3062 612
3066 601
3070 591
3074 607
3078 596
3082 611
3086 600
3090 590
3094 606
3098 595
3102 611
3106 600
3110 590
3114 606
3118 595
3122 610
3126 599
3130 589
3134 605
3138 595
3142 585
3146 602
3150 591
3154 582
3158 599
3162 589
3166 605
3170 595
3174 585
3178 601
3182 591
3186 582
3190 599
3194 589
3198 580
3202 597
3206 587
3210 603
3214 593
3218 584
3222 575
3226 593
3230 583
3234 600
3238 590
3242 581
3246 598
3250 588
3254 579
3258 596
3262 586
3266 578
3270 595
3274 585
3278 602
3282 592
3286 582
3290 599
3294 589
3298 580
3302 597
3306 587
3310 579
3314 596
3318 586
3322 577
3326 595
3330 585
3334 602
3338 591
3342 607
3346 596
3350 587
3354 603
3358 593
3362 583
3366 600
3370 590
3374 581
3378 598
3382 588
3386 604
3390 594
3394 584
3398 601
3402 591
3406 606
3410 596
3414 611
3418 600
3422 615
3426 603
3430 593
3434 609
3438 598
3442 613
3446 602
3450 616
3454 605
3458 619
3462 607
3466 596
3470 612
3474 601
3478 615
3482 604
3486 618
3490 606
3494 621
3498 609
3502 598
3506 613
3510 602
3514 616
3518 605
3522 619
3526 607
3530 621
3534 609
3538 623
3542 611
3546 600
3550 615
3554 603
3558 618
3562 606
3566 620
3570 608
3574 622
3578 610
3582 624
3586 612
3590 600
3594 615
3598 604
3602 618
3606 606
3610 596
3614 611
3618 600
3622 615
3626 603
3630 593
3634 609
3638 598
3642 613
3646 602
3650 616
3654 605
3658 619
3662 607
3666 596
3670 612
3674 600
3678 590
3682 606
3686 596
3690 586
3694 602
3698 592
3702 608
3706 597
3710 587
3714 603
3718 593
3722 609
3726 598
3730 588
3734 604
3738 594
3742 609
3746 598
3750 588
3754 579
3758 596
3762 587
3766 603
3770 593
3774 583
3778 600
3782 590
3786 581
3790 598
3794 588
3798 579
3802 596
3806 586
3810 603
3814 592
3818 583
3822 575
3826 592
3830 583
3834 600
3838 590
3842 581
3846 597
3850 588
3854 579
3858 596
3862 586
3866 578
3870 595
3874 585
3878 602
3882 591
3886 582
3890 574
3894 592
3898 582
3902 599
3906 589
3910 580
3914 572
3918 590
3922 581
3926 598
3930 588
3934 579
3938 596
3942 586
3946 578
3950 595
3954 585
3958 577
3962 594
3966 585
3970 601
3974 591
3978 582
3982 599
3986 589
3990 605
3994 594
3998 610
4002 599
4006 614
4010 602
4014 592
4018 608
4022 597
4026 612
4030 601
4034 591
4038 607
4042 621
4046 609
4050 598
4054 613
4058 602
4062 616
4066 605
4070 619
4074 607
4078 621
4082 609
4086 598
4090 613
4094 627
4098 614
4102 603
4106 617
4110 606
4114 620
4118 608
4122 622
4126 610
4130 624
4134 611
4138 625
4142 613
4146 601
4150 616
4154 604
4158 619
4162 607
4166 621
4170 609
4174 623
4178 611
4182 625
4186 612
4190 601
4194 616
4198 604
4202 619
4206 607
4210 596
4214 611
4218 625
4222 613
4226 601
4230 616
4234 604
4238 619
4242 607
4246 596
4250 612
4254 600
4258 615
4262 604
4266 593
4270 609
4274 598
4278 613
4282 602
4286 592
4290 607
4294 597
4298 612
4302 601
4306 590
4310 606
4314 596
4318 586
4322 602
4326 592
4330 583
4334 600
4338 590
4342 606
4346 595
4350 585
4354 602
4358 592
4362 607
4366 597
4370 587
4374 578
4378 595
4382 586
4386 602
4390 592
4394 583
4398 599
4402 589
4406 580
4410 597
4414 587
4418 579
4422 596
4426 586
4430 577
4434 595
4438 585
4442 577
4446 594
4450 584
4454 576
4458 593
4462 584
4466 575
4470 593
4474 584
4478 600
4482 590
4486 581
4490 573
4494 591
4498 581
4502 598
4506 588
4510 579
4514 596
4518 587
4522 578
4526 595
4530 586
4534 577
4538 594
4542 585
4546 601
4550 591
4554 582
4558 599
4562 589
4566 605
4570 594
4574 585
4578 601
4582 591
4586 607
4590 596
4594 587
4598 603
4602 592
4606 608
4610 597
4614 588
4618 604
4622 593
4626 609
4630 598
4634 613
4638 602
4642 617
4646 605
4650 594
4654 610
4658 599
4662 614
4666 602
4670 617
4674 605
4678 620
4682 608
4686 597
4690 612
4694 626
4698 613
4702 602
4706 617
4710 605
4714 619
4718 607
4722 597
4726 612
4730 626
4734 613
4738 602
4742 616
4746 605
4750 619
4754 607
4758 621
4762 609
4766 623
4770 611
4774 600
4778 615
4782 603
4786 618
4790 606
4794 620
4798 608
4802 622
4806 610
4810 599
4814 614
4818 603
4822 617
4826 606
4830 620
4834 608
4838 622
4842 610
4846 599
4850 614
4854 602
4858 617
4862 605
4866 595
4870 610
4874 599
4878 614
4882 603
4886 592
4890 608
4894 597
4898 612
4902 601
4906 591
4910 607
4914 596
4918 611
4922 600
4926 590
4930 606
4934 595
4938 611
4942 600
4946 590
4950 581
4954 598
4958 588
4962 604
4966 593
4970 584
4974 601
4978 591
4982 581
4986 598
4990 588
4994 579
4998 596
5002 587
5006 578
5010 595
5014 586
5018 577
5022 594
5026 585
5030 576
5034 594
5038 584
5042 576
5046 593
5050 584
5054 600
5058 590
5062 581
5066 573
5070 591
5074 582
5078 573
5082 591
5086 582
5090 574
5094 591
5098 582
5102 574
5106 591
5110 582
5114 574
5118 591
5122 582
5126 599
5130 589
5134 580
5138 572
5142 590
5146 581
5150 598
5154 588
5158 579
5162 596
5166 586
5170 603
5174 592
5178 583
5182 600
5186 590
5190 606
5194 595
5198 586
5202 602
5206 592
5210 607
5214 597
5218 612
5222 601
5226 591
5230 606
5234 596
5238 611
5242 600
5246 615
5250 603
5254 618
5258 606
5262 620
5266 608
5270 597
5274 613
5278 626
5282 614
5286 602
5290 617
5294 605
5298 620
5302 608
5306 622
5310 610
5314 624
5318 611
5322 600
5326 615
5330 628
5334 616
5338 604
5342 618
5346 607
5350 621
5354 609
5358 623
5362 610
5366 624
5370 612
5374 601
5378 616
5382 604
5386 618
5390 607
5394 621
5398 609
5402 623
5406 610
5410 624
5414 612
5418 626
5422 613
5426 602
5430 616
5434 605
5438 619
5442 607
5446 596
5450 612
5454 601
5458 615
5462 604
5466 618
5470 607
5474 621
5478 609
5482 598
5486 613
5490 602
5494 616
5498 605
5502 594
5506 610
5510 599
5514 589
5518 605
5522 594
5526 610
5530 599
5534 589
5538 605
5542 594
5546 585
5550 601
5554 591
5558 607
5562 596
5566 587
5570 578
5574 595
5578 585
5582 602
5586 592
5590 582
5594 599
5598 589
5602 580
5606 597
5610 587
5614 579
5618 596
5622 586
5626 577
5630 595
5634 585
5638 577
5642 569
5646 587
5650 578
5654 595
5658 586
5662 577
5666 569
5670 587
5674 579
5678 596
5682 586
5686 577
5690 570
5694 588
5698 579
5702 596
5706 586
5710 578
5714 570
5718 588
5722 579
5726 571
5730 589
5734 580
5738 572
5742 590
5746 581
5750 597
5754 588
5758 579
5762 596
5766 586
5770 603
5774 592
5778 583
5782 600
5786 590
5790 606
5794 595
5798 585
5802 602
5806 592
5810 607
5814 597
5818 612
5822 601
5826 616
5830 604
5834 594
5838 609
5842 598
5846 613
5850 602
5854 617
5858 605
5862 619
5866 607
5870 597
5874 612
5878 626
5882 613
5886 602
5890 616
5894 605
5898 619
5902 607
5906 621
5910 609
5914 623
5918 611
5922 600
5926 615
5930 628
5934 615
5938 604
5942 618
5946 606
5950 621
5954 609
5958 623
5962 610
5966 624
5970 612
5974 626
5978 613
5982 627
5986 614
5990 602
5994 617
5998 605
6002 620
6006 608
6010 622
6014 610
6018 624
6022 611
6026 600
6030 615
6034 603
6038 618
6042 606
6046 596
6050 611
6054 600
6058 615
6062 603
6066 618
6070 606
6074 620
6078 608
6082 597
6086 613
6090 601
6094 616
6098 604
6102 594
6106 610
6110 599
6114 614
6118 602
6122 592
6126 608
6130 597
6134 587
6138 603
6142 593
6146 584
6150 600
6154 590
6158 606
6162 595
6166 586
6170 577
6174 594
6178 585
6182 601
6186 591
6190 582
6194 599
6198 589
6202 580
6206 597
6210 587
6214 578
6218 595
6222 586
6226 577
6230 594
6234 585
6238 576
6242 594
6246 584
6250 576
6254 593
6258 584
6262 575
6266 568
6270 586
6274 577
6278 595
6282 585
6286 576
6290 569
6294 587
6298 578
6302 570
6306 588
6310 579
6314 571
6318 589
6322 580
6326 572
6330 590
6334 581
6338 573
6342 590
6346 581
6350 598
6354 588
6358 579
6362 596
6366 587
6370 578
6374 595
6378 586
6382 602
6386 592
6390 607
6394 597
6398 587
6402 603
6406 593
6410 609
6414 598
6418 588
6422 604
6426 594
6430 609
6434 598
6438 613
6442 602
6446 617
6450 605
6454 594
6458 610
6462 624
6466 611
6470 600
6474 615
6478 604
6482 618
6486 606
6490 621
6494 609
6498 623
6502 610
6506 624
6510 612
6514 626
6518 613
6522 602
6526 616
6530 605
6534 619
6538 607
6542 621
6546 609
6550 623
6554 611
6558 600
6562 615
6566 628
6570 615
6574 604
6578 618
6582 606
6586 621
6590 609
6594 623
6598 610
6602 624
6606 612
6610 601
6614 615
6618 629
6622 616
6626 604
6630 619
6634 607
6638 621
6642 609
6646 598
6650 613
6654 627
6658 614
6662 603
6666 617
6670 606
6674 620
6678 608
6682 597
6686 612
6690 601
6694 616
6698 604
6702 594
6706 609
6710 598
6714 613
6718 602
6722 592
6726 608
6730 597
6734 612
6738 601
6742 591
6746 607
6750 596
6754 586
6758 603
6762 592
6766 583
6770 600
6774 590
6778 606
6782 595
6786 585
6790 602
6794 592
6798 582
6802 599
6806 589
6810 580
6814 572
6818 590
6822 581
6826 598
6830 588
6834 579
6838 571
6842 589
6846 580
6850 572
6854 590
6858 581
6862 573
6866 590
6870 581
6874 573
6878 591
6882 582
6886 573
6890 566
6894 584
6898 576
6902 593
6906 584
6910 575
6914 568
6918 586
6922 577
6926 595
6930 585
6934 576
6938 594
6942 584
6946 576
6950 593
6954 584
6958 575
6962 593
6966 583
6970 600
6974 590
6978 581
6982 598
6986 588
6990 604
6994 594
6998 584
7002 601
7006 591
7010 607
7014 596
7018 611
7022 600
7026 590
7030 606
7034 595
7038 611
7042 600
7046 615
7050 603
7054 593
7058 608
7062 623
7066 610
7070 599
7074 614
7078 603
7082 617
7086 606
7090 620
7094 608
7098 622
7102 610
7106 599
7110 614
7114 627
7118 615
7122 603
7126 618
7130 606
7134 620
7138 608
7142 622
7146 610
7150 624
7154 612
7158 600
7162 615
7166 604
7170 618
7174 606
7178 621
7182 609
7186 623
7190 610
7194 624
7198 612
7202 626
7206 613
7210 602
7214 616
7218 605
7222 619
7226 607
7230 621
7234 609
7238 623
7242 611
7246 600
7250 615
7254 603
7258 618
7262 606
7266 620
7270 608
7274 622
7278 610
7282 599
7286 614
7290 603
7294 592
7298 608
7302 597
7306 612
7310 601
7314 616
7318 604
7322 594
7326 609
7330 598
7334 589
7338 605
7342 594
7346 585
7350 601
7354 591
7358 607
7362 596
7366 586
7370 603
7374 592
7378 608
7382 597
7386 587
7390 579
7394 596
7398 586
7402 602
7406 592
7410 583
7414 600
7418 590
7422 581
7426 597
7430 588
7434 579
7438 571
7442 589
7446 580
7450 597
7454 587
7458 578
7462 570
7466 588
7470 579
7474 571
7478 589
7482 580
7486 572
7490 590
7494 581
7498 573
7502 590
7506 581
7510 573
7514 591
7518 582
7522 573
7526 591
7530 582
7534 574
7538 591
7542 582
7546 574
7550 591
7554 582
7558 574
7562 591
7566 582
7570 599
7574 589
7578 580
7582 597
7586 587
7590 604
7594 593
7598 584
7602 600
7606 590
7610 606
7614 595
7618 586
7622 602
7626 592
7630 608
7634 597
7638 612
7642 601
7646 616
7650 604
7654 594
7658 609
7662 598
7666 613
7670 602
7674 617
7678 605
7682 619
7686 607
7690 597
7694 612
7698 626
7702 613
7706 602
7710 617
7714 605
7718 619
7722 607
7726 622
7730 609
7734 623
7738 611
7742 625
7746 612
7750 626
7754 613
7758 602
7762 617
7766 605
7770 619
7774 607
7778 622
7782 609
7786 623
7790 611
7794 600
7798 615
7802 628
7806 615
7810 604
7814 618
7818 607
7822 621
7826 609
7830 598
7834 613
7838 627
7842 614
7846 602
7850 617
7854 605
7858 620
7862 608
7866 597
7870 612
7874 601
7878 616
7882 604
7886 619
7890 607
7894 596
7898 611
7902 600
7906 615
7910 604
7914 618
7918 606
7922 596
7926 611
7930 600
7934 590
7938 606
7942 595
7946 586
7950 602
7954 592
7958 608
7962 597
7966 587
7970 603
7974 593
7978 609
7982 598
7986 588
7990 604
7994 594
7998 584
8002 601
8006 591
8010 581
8014 598
8018 588
8022 579
8026 596
8030 587
8034 578
8038 595
8042 586
8046 577
8050 594
8054 585
8058 576
8062 569
8066 587
8070 578
8074 595
8078 586
8082 577
8086 569
8090 587
8094 578
8098 571
8102 588
8106 580
8110 572
8114 589
8118 580
8122 572
8126 590
8130 581
8134 573
8138 590
8142 581
8146 573
8150 591
8154 582
8158 573
8162 591
8166 582
8170 599
8174 589
8178 580
8182 597
8186 587
8190 603
8194 593
8198 584
8202 600
8206 590
8210 606
8214 595
8218 586
8222 602
8226 592
8230 608
8234 597
8238 587
8242 603
8246 618
8250 606
8254 595
8258 611
8262 600
8266 615
8270 603
8274 618
8278 606
8282 620
8286 608
8290 597
8294 613
8298 601
8302 616
8306 604
8310 619
8314 607
8318 621
8322 609
8326 623
8330 611
8334 625
8338 612
8342 626
8346 613
8350 627
8354 614
8358 603
8362 617
8366 606
8370 620
8374 608
8378 622
8382 610
8386 624
8390 611
8394 600
8398 615
8402 629
8406 616
8410 604
8414 619
8418 607
8422 621
8426 609
8430 623
8434 611
8438 599
8442 614
8446 603
8450 618
8454 606
8458 620
8462 608
8466 597
8470 612
8474 601
8478 616
8482 604
8486 619
8490 607
8494 596
8498 612
8502 600
8506 615
8510 604
8514 593
8518 609
8522 598
8526 588
8530 604
8534 594
8538 609
8542 598
8546 588
8550 605
8554 594
8558 610
8562 599
8566 589
8570 605
8574 594
8578 610
8582 599
8586 589
8590 605
8594 594
8598 585
8602 601
8606 591
8610 582
8614 599
8618 589
8622 580
8626 597
8630 587
8634 578
8638 595
8642 586
8646 577
8650 594
8654 585
8658 576
8662 594
8666 584
8670 576
8674 593
8678 584
8682 575
8686 568
8690 586
8694 577
8698 595
8702 585
8706 576
8710 569
8714 587
8718 578
8722 570
8726 588
8730 579
8734 571
8738 589
8742 580
8746 597
8750 587
8754 579
8758 596
8762 586
8766 577
8770 595
8774 585
8778 577
8782 594
8786 584
8790 601
8794 591
8798 582
8802 598
8806 589
8810 605
8814 594
8818 610
8822 599
8826 589
8830 605
8834 594
8838 610
8842 599
8846 614
8850 602
8854 592
8858 608
8862 597
8866 612
8870 601
8874 616
8878 604
8882 619
8886 607
8890 596
8894 611
8898 625
8902 613
8906 601
8910 616
8914 604
8918 619
8922 607
8926 621
8930 609
8934 623
8938 611
8942 600
8946 615
8950 628
8954 615
8958 604
8962 618
8966 606
8970 621
8974 609
8978 623
8982 610
8986 624
8990 612
8994 601
8998 615
9002 604
9006 618
9010 607
9014 621
9018 609
9022 623
9026 610
9030 599
9034 614
9038 603
9042 618
9046 606
9050 620
9054 608
9058 622
9062 610
9066 599
9070 614
9074 603
9078 617
9082 605
9086 595
9090 610
9094 599
9098 614
9102 603
9106 592
9110 608
9114 597
9118 613
9122 601
9126 591
9130 607
9134 596
9138 611
9142 600
9146 590
9150 606
9154 595
9158 586
9162 602
9166 592
9170 583
9174 599
9178 589
9182 605
9186 595
9190 585
9194 602
9198 591
9202 607
9206 597
9210 587
9214 578
9218 595
9222 586
9226 602
9230 592
9234 583
9238 599
9242 589
9246 580
9250 597
9254 587
9258 579
9262 571
9266 589
9270 580
9274 597
9278 587
9282 578
9286 570
9290 588
9294 579
9298 596
9302 587
9306 578
9310 570
9314 588
9318 579
9322 571
9326 589
9330 580
9334 572
9338 590
9342 581
9346 598
9350 588
9354 579
9358 596
9362 586
9366 578
9370 595
9374 585
9378 602
9382 592
9386 582
9390 599
9394 589
9398 605
9402 595
9406 585
9410 602
9414 591
9418 607
9422 596
9426 612
9430 600
9434 590
9438 606
9442 596
9446 611
9450 600
9454 615
9458 603
9462 618
9466 606
9470 595
9474 611
9478 600
9482 615
9486 603
9490 618
9494 606
9498 620
9502 608
9506 597
9510 613
9514 601
9518 616
9522 604
9526 619
9530 607
9534 621
9538 609
9542 598
9546 613
9550 602
9554 617
9558 605
9562 619
9566 607
9570 622
9574 609
9578 598
9582 614
9586 602
9590 617
9594 605
9598 620
9602 608
9606 622
9610 610
9614 599
9618 614
9622 602
9626 617
9630 605
9634 620
9638 608
9642 622
9646 610
9650 599
9654 614
9658 602
9662 617
9666 605
9670 595
9674 610
9678 599
9682 614
9686 603
9690 617
9694 606
9698 620
9702 608
9706 597
9710 612
9714 601
9718 591
9722 607
9726 596
9730 611
9734 600
9738 615
9742 604
9746 593
9750 609
9754 598
9758 588
9762 604
9766 594
9770 584
9774 601
9778 591
9782 607
9786 596
9790 586
9794 603
9798 592
9802 583
9806 600
9810 590
9814 581
9818 597
9822 588
9826 604
9830 593
9834 584
9838 576
9842 593
9846 584
9850 600
9854 590
9858 581
9862 573
9866 591
9870 581
9874 598
9878 588
9882 580
9886 572
9890 589
9894 580
9898 597
9902 587
9906 579
9910 571
9914 589
9918 580
9922 597
9926 587
9930 578
9934 570
9938 588
9942 579
9946 596
9950 587
9954 578
9958 595
9962 586
9966 602
9970 592
9974 583
9978 599
9982 589
9986 605
9990 595
9994 585
9998 602
10002 591
10006 607
10010 596
10014 587
10018 603
10022 593
10026 608
10030 597
10034 588
10038 604
10042 593
10046 609
10050 598
10054 613
10058 602
10062 617
10066 605
10070 594
10074 610
10078 599
10082 614
10086 602
10090 617
10094 605
10098 620
10102 608
10106 597
10110 612
10114 601
10118 616
10122 604
10126 619
10130 607
10134 621
10138 609
10142 623
10146 611
10150 624
10154 612
10158 601
10162 616
10166 604
10170 619
10174 607
10178 621
10182 609
10186 623
10190 611
10194 599
10198 614
10202 603
10206 618
10210 606
10214 620
10218 608
10222 622
10226 610
10230 599
10234 614
10238 603
10242 617
10246 605
10250 595
10254 610
10258 599
10262 614
10266 603
10270 592
10274 608
10278 597
10282 613
10286 601
10290 591
10294 607
10298 596
10302 611
10306 600
10310 590
10314 606
10318 595
10322 611
10326 600
10330 590
10334 606
10338 595
10342 611
10346 599
10350 589
10354 605
10358 595
10362 585
10366 602
10370 592
10374 582
10378 599
10382 589
10386 605
10390 595
10394 585
10398 601
10402 591
10406 582
10410 599
10414 589
10418 580
10422 597
10426 587
10430 603
10434 593
10438 584
10442 575
10446 593
10450 583
10454 600
10458 590
10462 581
10466 598
10470 588
10474 579
10478 596
10482 586
10486 578
10490 595
10494 585
10498 577
10502 594
10506 585
10510 576
10514 593
10518 584
10522 576
10526 593
10530 584
10534 575
10538 593
10542 583
10546 600
10550 590
10554 581
10558 598
10562 588
10566 604
10570 594
10574 584
10578 601
10582 591
10586 606
10590 596
10594 586
10598 602
10602 592
10606 608
10610 597
10614 587
10618 604
10622 593
10626 609
10630 598
10634 613
10638 602
10642 616
10646 605
10650 594
10654 610
10658 599
10662 614
10666 602
10670 617
10674 605
10678 620
10682 608
10686 597
10690 612
10694 601
10698 616
10702 604
10706 619
10710 607
10714 621
10718 609
10722 598
10726 613
10730 602
10734 617
10738 605
10742 619
10746 607
10750 622
10754 609
10758 598
10762 613
10766 602
10770 617
10774 605
10778 620
10782 608
10786 622
10790 609
10794 598
10798 614
10802 602
10806 617
10810 605
10814 595
10818 610
10822 599
10826 614
10830 603
10834 617
10838 606
10842 595
10846 610
10850 599
10854 614
10858 603
10862 618
10866 606
10870 595
10874 611
10878 599
10882 614
10886 603
10890 593
10894 608
10898 597
10902 613
10906 601
10910 591
10914 607
10918 596
10922 612
10926 600
10930 590
10934 606
10938 596
10942 611
10946 600
10950 590
10954 581
10958 598
10962 588
10966 604
10970 594
10974 584
10978 601
10982 591
10986 606
10990 596
10994 586
10998 577
11002 595
11006 585
11010 602
11014 591
11018 582
11022 599
11026 589
11030 580
11034 597
11038 587
11042 578
11046 596
11050 586
11054 602
11058 592
11062 583
11066 599
11070 589
11074 580
11078 597
11082 588
11086 579
11090 596
11094 586
11098 603
11102 592
11106 583
11110 575
11114 592
11118 583
11122 600
11126 590
11130 581
11134 597
11138 588
11142 604
11146 593
11150 584
11154 576
11158 593
11162 584
11166 600
11170 590
11174 581
11178 598
11182 588
11186 604
11190 594
11194 609
11198 598
11202 588
11206 605
11210 594
11214 610
11218 599
11222 614
11226 602
11230 592
11234 608
11238 597
11242 612
11246 601
11250 616
11254 604
11258 619
11262 607
11266 596
11270 611
11274 600
11278 615
11282 604
11286 593
11290 609
11294 598
11298 613
11302 602
11306 616
11310 605
11314 619
11318 607
11322 596
11326 612
11330 601
11334 615
11338 604
11342 618
11346 607
11350 621
11354 609
11358 598
11362 613
11366 602
11370 616
11374 605
11378 619
11382 607
11386 621
11390 609
11394 598
11398 613
11402 602
11406 617
11410 605
11414 619
11418 607
11422 622
11426 609
11430 598
11434 614
11438 602
11442 617
11446 605
11450 595
11454 610
11458 599
11462 614
11466 603
11470 592
11474 608
11478 597
11482 612
11486 601
11490 591
11494 607
11498 596
11502 611
11506 600
11510 590
11514 606
11518 595
11522 611
11526 600
11530 590
11534 606
11538 595
11542 610
11546 599
11550 589
11554 605
11558 595
11562 585
11566 602
11570 591
11574 582
11578 599
11582 589
11586 605
11590 595
11594 585
11598 601
11602 591
11606 582
11610 599
11614 589
11618 580
11622 597
11626 587
11630 578
11634 596
11638 586
11642 577
11646 595
11650 585
11654 601
11658 591
11662 582
11666 599
11670 589
11674 580
11678 597
11682 587
11686 578
11690 596
11694 586
11698 577
11702 594
11706 585
11710 576
11714 594
11718 584
11722 576
11726 593
11730 584
11734 575
11738 593
11742 583
11746 600
11750 590
11754 581
11758 598
11762 588
11766 579
11770 596
11774 587
11778 603
11782 592
11786 608
11790 597
11794 588
11798 604
11802 593
11806 609
11810 598
11814 588
11818 604
11822 594
11826 609
11830 598
11834 613
11838 602
11842 617
11846 605
11850 595
11854 610
11858 599
11862 614
11866 603
11870 617
11874 605
11878 620
11882 608
11886 597
11890 612
11894 601
11898 616
11902 604
11906 619
11910 607
11914 621
11918 609
11922 598
11926 613
11930 602
11934 617
11938 605
11942 619
11946 607
11950 622
11954 609
11958 598
11962 613
11966 602
11970 617
11974 605
11978 620
11982 608
11986 622
11990 609
11994 598
11998 614
12002 602
12006 617
12010 605
12014 620
12018 608
12022 622
12026 610
12030 599
12034 614
12038 602
12042 617
12046 605
12050 595
12054 610
12058 599
12062 614
12066 603
12070 592
12074 608
12078 597
12082 612
12086 601
12090 591
12094 607
12098 596
12102 611
12106 600
12110 590
12114 606
12118 595
12122 611
12126 600
12130 590
12134 606
12138 595
12142 610
12146 599
12150 589
12154 605
12158 595
12162 585
12166 602
12170 591
12174 582
12178 599
12182 589
12186 605
12190 595
12194 585
12198 601
12202 591
12206 582
12210 599
12214 589
12218 580
12222 597
12226 587
12230 578
12234 596
12238 586
12242 577
12246 595
12250 585
12254 601
12258 591
12262 582
12266 574
12270 591
12274 582
12278 599
12282 589
12286 580
12290 572
12294 590
12298 581
12302 598
12306 588
12310 579
12314 596
12318 586
12322 578
12326 595
12330 585
12334 577
12338 594
12342 585
12346 601
12350 591
12354 582
12358 599
12362 589
12366 605
12370 594
12374 585
12378 601
12382 591
12386 607
12390 596
12394 586
12398 603
12402 592
12406 608
12410 597
12414 613
12418 601
12422 616
12426 604
12430 594
12434 609
12438 598
12442 614
12446 602
12450 592
12454 608
12458 622
12462 610
12466 599
12470 614
12474 602
12478 617
12482 605
12486 620
12490 608
12494 622
12498 610
12502 599
12506 614
12510 602
12514 617
12518 605
12522 620
12526 608
12530 622
12534 610
12538 599
12542 614
12546 602
12550 617
12554 605
12558 620
12562 608
12566 622
12570 610
12574 599
12578 614
12582 602
12586 617
12590 605
12594 620
12598 608
12602 622
12606 610
12610 599
12614 614
12618 602
12622 617
12626 605
12630 595
12634 610
12638 599
12642 614
12646 603
12650 617
12654 606
12658 595
12662 610
12666 599
12670 614
12674 603
12678 593
12682 608
12686 597
12690 613
12694 601
12698 591
12702 607
12706 596
12710 587
12714 603
12718 592
12722 608
12726 597
12730 588
12734 604
12738 593
12742 609
12746 598
12750 588
12754 579
12758 596
12762 587
12766 603
12770 593
12774 583
12778 600
12782 590
12786 581
12790 598
12794 588
12798 579
12802 596
12806 586
12810 578
12814 595
12818 585
12822 577
12826 594
12830 585
12834 601
12838 591
12842 582
12846 599
12850 589
12854 580
12858 597
12862 587
12866 578
12870 595
12874 586
12878 602
12882 592
12886 583
12890 574
12894 592
12898 583
12902 599
12906 589
12910 580
12914 597
12918 587
12922 579
12926 596
12930 586
12934 577
12938 595
12942 585
12946 602
12950 591
12954 582
12958 599
12962 589
12966 605
12970 594
12974 585
12978 601
12982 591
12986 607
12990 596
12994 612
12998 600
13002 590
13006 606
13010 596
13014 611
13018 600
13022 615
13026 603
13030 618
13034 606
13038 595
13042 611
13046 600
13050 615
13054 603
13058 618
13062 606
13066 620
13070 608
13074 622
13078 610
13082 599
13086 614
13090 603
13094 617
13098 606
13102 620
13106 608
13110 597
13114 612
13118 601
13122 616
13126 604
13130 619
13134 607
13138 621
13142 609
13146 598
13150 613
13154 602
13158 617
13162 605
13166 619
13170 607
13174 597
13178 612
13182 601
13186 615
13190 604
13194 618
13198 607
13202 621
13206 609
13210 598
13214 613
13218 602
13222 616
13226 605
13230 594
13234 610
13238 599
13242 614
13246 602
13250 592
13254 608
13258 597
13262 612
13266 601
13270 591
13274 607
13278 596
13282 611
13286 600
13290 590
13294 606
13298 595
13302 611
13306 600
13310 590
13314 606
13318 595
13322 610
13326 599
13330 589
13334 605
13338 595
13342 610
13346 599
13350 589
13354 580
13358 597
13362 587
13366 604
13370 593
13374 584
13378 600
13382 590
13386 581
13390 598
13394 588
13398 579
13402 596
13406 587
13410 603
13414 593
13418 583
13422 575
13426 592
13430 583
13434 600
13438 590
13442 581
13446 573
13450 590
13454 581
13458 598
13462 588
13466 579
13470 596
13474 587
13478 578
13482 595
13486 586
13490 577
13494 594
13498 585
13502 601
13506 591
13510 582
13514 574
13518 591
13522 582
13526 599
13530 589
13534 580
13538 597
13542 587
13546 578
13550 595
13554 586
13558 577
13562 594
13566 585
13570 601
13574 591
13578 607
13582 596
13586 587
13590 603
13594 593
13598 608
13602 597
13606 613
13610 601
13614 591
13618 607
13622 596
13626 612
13630 600
13634 615
13638 604
13642 618
13646 606
13650 596
13654 611
13658 600
13662 615
13666 603
13670 618
13674 606
13678 620
13682 608
13686 597
13690 613
13694 601
13698 616
13702 605
13706 619
13710 607
13714 621
13718 609
13722 598
13726 613
13730 627
13734 614
13738 603
13742 617
13746 606
13750 620
13754 608
13758 622
13762 610
13766 624
13770 611
13774 625
13778 613
13782 626
13786 614
13790 602
13794 617
13798 605
13802 620
13806 608
13810 597
13814 612
13818 601
13822 616
13826 604
13830 619
13834 607
13838 621
13842 609
13846 598
13850 613
13854 602
13858 616
13862 605
13866 594
13870 610
13874 599
13878 614
13882 602
13886 592
13890 608
13894 597
13898 612
13902 601
13906 591
13910 607
13914 596
13918 611
13922 600
13926 590
13930 606
13934 595
13938 586
13942 602
13946 592
13950 583
13954 599
13958 589
13962 605
13966 595
13970 585
13974 577
13978 594
13982 585
13986 601
13990 591
13994 582
13998 599
14002 589
14006 580
14010 597
14014 587
14018 578
14022 595
14026 586
14030 577
14034 594
14038 585
14042 576
14046 594
14050 584
14054 576
14058 593
14062 584
14066 575
14070 593
14074 583
14078 575
14082 592
14086 583
14090 575
14094 592
14098 583
14102 575
14106 592
14110 583
14114 575
14118 592
14122 583
14126 574
14130 592
14134 583
14138 574
14142 592
14146 583
14150 599
14154 589
14158 580
14162 597
14166 588
14170 604
14174 593
14178 584
14182 600
14186 590
14190 606
14194 596
14198 586
14202 602
14206 592
14210 608
14214 597
14218 612
14222 601
14226 616
14230 604
14234 594
14238 609
14242 598
14246 613
14250 602
14254 617
14258 605
14262 619
14266 607
14270 622
14274 609
14278 623
14282 611
14286 600
14290 615
14294 628
14298 615
14302 604
14306 618
14310 607
14314 621
14318 609
14322 623
14326 610
14330 624
14334 612
14338 601
14342 616
14346 604
14350 618
14354 607
14358 621
14362 609
14366 623
14370 610
14374 624
14378 612
14382 626
14386 613
14390 602
14394 616
14398 605
14402 619
14406 607
14410 596
14414 612
14418 626
14422 613
14426 602
14430 616
14434 605
14438 619
14442 607
14446 596
14450 612
14454 601
14458 615
14462 604
14466 593
14470 609
14474 598
14478 613
14482 602
14486 592
14490 607
14494 597
14498 612
14502 601
14506 591
14510 606
14514 596
14518 586
14522 602
14526 592
14530 583
14534 600
14538 590
14542 606
14546 595
14550 585
14554 602
14558 592
14562 607
14566 597
14570 587
14574 603
14578 593
14582 583
14586 600
14590 590
14594 581
14598 598
14602 588
14606 579
14610 596
14614 586
14618 578
14622 595
14626 585
14630 577
14634 594
14638 585
14642 576
14646 593
14650 584
14654 576
14658 593
14662 584
14666 575
14670 593
14674 583
14678 575
14682 592
14686 583
14690 575
14694 592
14698 583
14702 575
14706 592
14710 583
14714 575
14718 592
14722 583
14726 574
14730 592
14734 583
14738 574
14742 592
14746 583
14750 599
14754 589
14758 580
14762 597
14766 588
14770 579
14774 596
14778 586
14782 602
14786 592
14790 608
14794 597
14798 587
14802 604
14806 593
14810 609
14814 598
14818 588
14822 604
14826 594
14830 609
14834 598
14838 613
14842 602
14846 617
14850 605
14854 619
14858 607
14862 622
14866 609
14870 598
14874 614
14878 602
14882 617
14886 605
14890 620
14894 608
14898 622
14902 610
14906 624
14910 611
14914 625
14918 612
14922 601
14926 616
14930 604
14934 619
14938 607
14942 621
14946 609
14950 623
14954 611
14958 600
14962 615
14966 628
14970 615
14974 604
14978 618
14982 606
14986 621
14990 609
14994 623
14998 610
