10 0
14 0
18 0
22 0
26 0
30 0
34 0
38 1
42 1
46 1
50 1
54 1
58 1
62 1
66 1
70 1
74 2
78 2
82 2
86 2
90 3
94 3
98 3
102 3
106 3
110 3
114 4
118 4
122 4
126 4
130 5
134 5
138 5
142 5
146 6
150 6
154 6
158 6
162 7
166 7
170 7
174 7
178 7
182 8
186 8
190 8
194 9
198 9
202 9
206 9
210 9
214 10
218 10
222 10
226 10
230 11
234 11
238 11
242 11
246 12
250 12
254 12
258 12
262 13
266 13
270 13
274 13
278 14
282 14
286 14
290 15
294 15
298 15
302 15
306 15
310 16
314 16
318 16
322 16
326 17
330 17
334 17
338 17
342 18
346 18
350 18
354 18
358 19
362 19
366 19
370 19
374 20
378 20
382 20
386 21
390 21
394 21
398 21
402 21
406 22
410 22
414 22
418 23
422 23
426 23
430 23
434 23
438 24
442 24
446 24
450 25
454 25
458 25
462 25
466 25
470 26
474 26
478 26
482 27
486 27
490 27
494 27
498 28
502 28
506 28
510 28
514 29
518 29
522 29
526 29
530 30
534 30
538 30
542 31
546 31
550 31
554 31
558 31
562 32
566 32
570 32
574 33
578 33
582 33
586 33
590 33
594 34
598 34
602 34
606 35
610 35
614 35
618 35
622 35
626 36
630 36
634 36
638 37
642 37
646 37
650 37
654 38
658 38
662 38
666 38
670 39
674 39
678 39
682 39
686 39
690 40
694 40
698 40
702 41
706 41
710 41
714 41
718 42
722 42
726 42
730 42
734 43
738 43
742 43
746 43
750 44
754 44
758 44
762 44
766 45
770 45
774 45
778 45
782 46
786 46
790 46
794 46
798 47
802 47
806 47
810 47
814 48
818 48
822 48
826 48
830 49
834 49
838 49
842 49
846 50
850 50
854 50
858 51
862 51
866 51
870 51
874 51
878 52
882 52
886 52
890 53
894 53
898 53
902 53
906 53
910 54
914 54
918 54
922 55
926 55
930 55
934 55
938 55
942 56
946 56
950 56
954 57
958 57
962 57
966 57
970 58
974 58
978 58
982 58
986 59
990 59
994 59
998 59
1002 60
1006 60
1010 60
1014 60
1018 61
1022 61
1026 61
1030 61
1034 62
1038 62
1042 62
1046 62
1050 63
1054 63
1058 63
1062 63
1066 64
1070 64
1074 64
1078 64
1082 65
1086 65
1090 65
1094 65
1098 66
1102 66
1106 66
1110 67
1114 67
1118 67
1122 67
1126 67
1130 68
1134 68
1138 68
1142 68
1146 69
1150 69
1154 69
1158 69
1162 70
1166 70
1170 70
1174 70
1178 71
1182 71
1186 71
1190 71
1194 72
1198 72
1202 72
1206 73
1210 73
1214 73
1218 73
1222 73
1226 74
1230 74
1234 74
1238 75
1242 75
1246 75
1250 75
1254 75
1258 76
1262 76
1266 76
1270 77
1274 77
1278 77
1282 77
1286 77
1290 78
1294 78
1298 78
1302 79
1306 79
1310 79
1314 79
1318 80
1322 80
1326 80
1330 80
1334 81
1338 81
1342 81
1346 81
1350 82
1354 82
1358 82
1362 82
1366 83
1370 83
1374 83
1378 83
1382 84
1386 84
1390 84
1394 84
1398 85
1402 85
1406 85
1410 85
1414 86
1418 86
1422 86
1426 86
1430 87
1434 87
1438 87
1442 87
1446 88
1450 88
1454 88
1458 89
1462 89
1466 89
1470 89
1474 89
1478 90
1482 90
1486 90
1490 91
1494 91
1498 91
1502 91
1506 91
1510 92
1514 92
1518 92
1522 92
1526 93
1530 93
1534 93
1538 93
1542 94
1546 94
1550 94
1554 95
1558 95
1562 95
1566 95
1570 96
1574 96
1578 96
1582 96
1586 97
1590 97
1594 97
1598 97
1602 98
1606 98
1610 98
1614 98
1618 99
1622 99
1626 99
1630 99
1634 100
1638 100
1642 100
1646 100
1650 101
1654 101
1658 101
1662 101
1666 102
1670 102
1674 102
1678 103
1682 103
1686 103
1690 103
1694 103
1698 104
1702 104
1706 104
1710 105
1714 105
1718 105
1722 105
1726 106
1730 106
1734 106
1738 106
1742 107
1746 107
1750 107
1754 107
1758 108
1762 108
1766 108
1770 108
1774 109
1778 109
1782 109
1786 109
1790 110
1794 110
1798 110
1802 110
1806 111
1810 111
1814 111
1818 111
1822 112
1826 112
1830 112
1834 113
1838 113
1842 113
1846 113
1850 113
1854 114
1858 114
1862 114
1866 115
1870 115
1874 115
1878 115
1882 115
1886 116
1890 116
1894 116
1898 117
1902 117
1906 117
1910 117
1914 118
1918 118
1922 118
1926 118
1930 119
1934 119
1938 119
1942 119
1946 120
1950 120
1954 120
1958 120
1962 121
1966 121
1970 121
1974 121
1978 122
1982 122
1986 122
1990 123
1994 123
1998 123
2002 123
2006 123
2010 124
2014 124
2018 124
2022 125
2026 125
2030 125
2034 125
2038 126
2042 126
2046 126
2050 126
2054 127
2058 127
2062 127
2066 127
2070 128
2074 128
2078 128
2082 129
2086 129
2090 129
2094 129
2098 129
2102 130
2106 130
2110 130
2114 131
2118 131
2122 131
2126 131
2130 132
2134 132
2138 132
2142 132
2146 133
2150 133
2154 133
2158 133
2162 134
2166 134
2170 134
2174 135
2178 135
2182 135
2186 135
2190 135
2194 136
2198 136
2202 136
2206 137
2210 137
2214 137
2218 137
2222 138
2226 138
2230 138
2234 138
2238 139
2242 139
2246 139
2250 139
2254 140
2258 140
2262 140
2266 141
2270 141
2274 141
2278 141
2282 141
2286 142
2290 142
2294 142
2298 143
2302 143
2306 143
2310 143
2314 144
2318 144
2322 144
2326 144
2330 145
2334 145
2338 145
2342 145
2346 146
2350 146
2354 146
2358 147
2362 147
2366 147
2370 147
2374 147
2378 148
2382 148
2386 148
2390 149
2394 149
2398 149
2402 149
2406 150
2410 150
2414 150
2418 150
2422 151
2426 151
2430 151
2434 151
2438 152
2442 152
2446 152
2450 153
2454 153
2458 153
2462 153
2466 153
2470 154
2474 154
2478 154
2482 155
2486 155
2490 155
2494 155
2498 156
2502 156
2506 156
2510 156
2514 157
2518 157
2522 157
2526 157
2530 158
2534 158
2538 158
2542 159
2546 159
2550 159
2554 159
2558 159
2562 160
2566 160
2570 160
2574 161
2578 161
2582 161
2586 161
2590 162
2594 162
2598 162
2602 162
2606 163
2610 163
2614 163
2618 163
2622 164
2626 164
2630 164
2634 165
2638 165
2642 165
2646 165
2650 166
2654 166
2658 166
2662 166
2666 167
2670 167
2674 167
2678 167
2682 168
2686 168
2690 168
2694 169
2698 169
2702 169
2706 169
2710 170
2714 170
2718 170
2722 170
2726 171
2730 171
2734 171
2738 171
2742 172
2746 172
2750 172
2754 173
2758 173
2762 173
2766 173
2770 174
2774 174
2778 174
2782 174
2786 175
2790 175
2794 175
2798 175
2802 176
2806 176
2810 176
2814 177
2818 177
2822 177
2826 177
2830 178
2834 178
2838 178
2842 178
2846 179
2850 179
2854 179
2858 179
2862 180
2866 180
2870 180
2874 181
2878 181
2882 181
2886 181
2890 181
2894 182
2898 182
2902 182
2906 183
2910 183
2914 183
2918 183
2922 183
2926 184
2930 184
2934 184
2938 185
2942 185
2946 185
2950 185
2954 186
2958 186
2962 186
2966 186
2970 187
2974 187
2978 187
2982 187
2986 188
2990 188
2994 188
2998 189
3002 189
3006 189
3010 189
3014 189
3018 190
3022 190
3026 190
3030 191
3034 191
3038 191
3042 191
3046 192
3050 192
3054 192
3058 192
3062 193
3066 193
3070 193
3074 193
3078 194
3082 194
3086 194
3090 195
3094 195
3098 195
3102 195
3106 195
3110 196
3114 196
3118 196
3122 197
3126 197
3130 197
3134 197
3138 198
3142 198
3146 198
3150 198
3154 199
3158 199
3162 199
3166 199
3170 200
3174 200
3178 200
3182 201
3186 201
3190 201
3194 201
3198 201
3202 202
3206 202
3210 202
3214 203
3218 203
3222 203
3226 203
3230 204
3234 204
3238 204
3242 204
3246 205
3250 205
3254 205
3258 205
3262 206
3266 206
3270 206
3274 206
3278 207
3282 207
3286 207
3290 207
3294 208
3298 208
3302 208
3306 209
3310 209
3314 209
3318 209
3322 210
3326 210
3330 210
3334 210
3338 211
3342 211
3346 211
3350 211
3354 212
3358 212
3362 212
3366 212
3370 213
3374 213
3378 213
3382 213
3386 214
3390 214
3394 214
3398 215
3402 215
3406 215
3410 215
3414 216
3418 216
3422 216
3426 216
3430 217
3434 217
3438 217
3442 217
3446 218
3450 218
3454 218
3458 218
3462 219
3466 219
3470 219
3474 219
3478 220
3482 220
3486 220
3490 221
3494 221
3498 221
3502 221
3506 221
3510 222
3514 222
3518 222
3522 223
3526 223
3530 223
3534 223
3538 224
3542 224
3546 224
3550 225
3554 225
3558 225
3562 225
3566 225
3570 226
3574 226
3578 226
3582 227
3586 227
3590 227
3594 227
3598 227
3602 228
3606 228
3610 228
3614 229
3618 229
3622 229
3626 229
3630 230
3634 230
3638 230
3642 230
3646 231
3650 231
3654 231
3658 231
3662 232
3666 232
3670 232
3674 232
3678 233
3682 233
3686 233
3690 233
3694 234
3698 234
3702 234
3706 234
3710 235
3714 235
3718 235
3722 235
3726 236
3730 236
3734 236
3738 236
3742 237
3746 237
3750 237
3754 237
3758 238
3762 238
3766 238
3770 239
3774 239
3778 239
3782 239
3786 239
3790 240
3794 240
3798 240
3802 241
3806 241
3810 241
3814 241
3818 241
3822 242
3826 242
3830 242
3834 243
3838 243
3842 243
3846 243
3850 244
3854 244
3858 244
3862 244
3866 245
3870 245
3874 245
3878 245
3882 246
3886 246
3890 246
3894 247
3898 247
3902 247
3906 247
3910 248
3914 248
3918 248
3922 248
3926 249
3930 249
3934 249
3938 249
3942 250
3946 250
3950 250
3954 250
3958 251
3962 251
3966 251
3970 251
3974 252
3978 252
3982 252
3986 252
3990 253
3994 253
3998 253
4002 253
4006 254
4010 254
4014 254
4018 255
4022 255
4026 255
4030 255
4034 255
4038 256
4042 256
4046 256
4050 257
4054 257
4058 257
4062 257
4066 257
4070 258
4074 258
4078 258
4082 259
4086 259
4090 259
4094 259
4098 260
4102 260
4106 260
4110 260
4114 261
4118 261
4122 261
4126 261
4130 262
4134 262
4138 262
4142 263
4146 263
4150 263
4154 263
4158 263
4162 264
4166 264
4170 264
4174 265
4178 265
4182 265
4186 265
4190 265
4194 266
4198 266
4202 266
4206 267
4210 267
4214 267
4218 267
4222 267
4226 268
4230 268
4234 268
4238 269
4242 269
4246 269
4250 269
4254 270
4258 270
4262 270
4266 270
4270 271
4274 271
4278 271
4282 271
4286 272
4290 272
4294 272
4298 272
4302 273
4306 273
4310 273
4314 273
4318 274
4322 274
4326 274
4330 274
4334 275
4338 275
4342 275
4346 275
4350 276
4354 276
4358 276
4362 276
4366 277
4370 277
4374 277
4378 277
4382 278
4386 278
4390 278
4394 278
4398 279
4402 279
4406 279
4410 279
4414 280
4418 280
4422 280
4426 280
4430 281
4434 281
4438 281
4442 281
4446 282
4450 282
4454 282
4458 282
4462 283
4466 283
4470 283
4474 283
4478 284
4482 284
4486 284
4490 284
4494 285
4498 285
4502 285
4506 285
4510 286
4514 286
4518 286
4522 286
4526 287
4530 287
4534 287
4538 287
4542 288
4546 288
4550 288
4554 288
4558 289
4562 289
4566 289
4570 289
4574 290
4578 290
4582 290
4586 291
4590 291
4594 291
4598 291
4602 291
4606 292
4610 292
4614 292
4618 293
4622 293
4626 293
4630 293
4634 294
4638 294
4642 294
4646 294
4650 295
4654 295
4658 295
4662 295
4666 296
4670 296
4674 296
4678 296
4682 297
4686 297
4690 297
4694 297
4698 298
4702 298
4706 298
4710 299
4714 299
4718 299
4722 299
4726 299
4730 300
4734 300
4738 300
4742 301
4746 301
4750 301
4754 301
4758 301
4762 302
4766 302
4770 302
4774 303
4778 303
4782 303
4786 303
4790 303
4794 304
4798 304
4802 304
4806 305
4810 305
4814 305
4818 305
4822 306
4826 306
4830 306
4834 306
4838 307
4842 307
4846 307
4850 307
4854 308
4858 308
4862 308
4866 308
4870 309
4874 309
4878 309
4882 309
4886 310
4890 310
4894 310
4898 310
4902 311
4906 311
4910 311
4914 311
4918 312
4922 312
4926 312
4930 312
4934 313
4938 313
4942 313
4946 313
4950 314
4954 314
4958 314
4962 315
4966 315
4970 315
4974 315
4978 315
4982 316
4986 316
4990 316
4994 317
4998 317
5002 317
5006 317
5010 317
5014 318
5018 318
5022 318
5026 319
5030 319
5034 319
5038 319
5042 320
5046 320
5050 320
5054 320
5058 321
5062 321
5066 321
5070 321
5074 322
5078 322
5082 322
5086 322
5090 323
5094 323
5098 323
5102 323
5106 324
5110 324
5114 324
5118 324
5122 325
5126 325
5130 325
5134 325
5138 325
5142 326
5146 326
5150 326
5154 327
5158 327
5162 327
5166 327
5170 327
5174 328
5178 328
5182 328
5186 329
5190 329
5194 329
5198 329
5202 329
5206 330
5210 330
5214 330
5218 331
5222 331
5226 331
5230 331
5234 331
5238 332
5242 332
5246 332
5250 332
5254 333
5258 333
5262 333
5266 333
5270 334
5274 334
5278 334
5282 334
5286 335
5290 335
5294 335
5298 335
5302 336
5306 336
5310 336
5314 336
5318 337
5322 337
5326 337
5330 337
5334 338
5338 338
5342 338
5346 338
5350 339
5354 339
5358 339
5362 339
5366 340
5370 340
5374 340
5378 340
5382 341
5386 341
5390 341
5394 341
5398 342
5402 342
5406 342
5410 342
5414 343
5418 343
5422 343
5426 343
5430 344
5434 344
5438 344
5442 344
5446 345
5450 345
5454 345
5458 345
5462 346
5466 346
5470 346
5474 346
5478 347
5482 347
5486 347
5490 347
5494 348
5498 348
5502 348
5506 348
5510 349
5514 349
5518 349
5522 349
5526 350
5530 350
5534 350
5538 350
5542 351
5546 351
5550 351
5554 351
5558 352
5562 352
5566 352
5570 352
5574 353
5578 353
5582 353
5586 353
5590 353
5594 354
5598 354
5602 354
5606 355
5610 355
5614 355
5618 355
5622 355
5626 356
5630 356
5634 356
5638 357
5642 357
5646 357
5650 357
5654 357
5658 358
5662 358
5666 358
5670 359
5674 359
5678 359
5682 359
5686 359
5690 360
5694 360
5698 360
5702 361
5706 361
5710 361
5714 361
5718 361
5722 362
5726 362
5730 362
5734 362
5738 363
5742 363
5746 363
5750 363
5754 364
5758 364
5762 364
5766 364
5770 365
5774 365
5778 365
5782 365
5786 366
5790 366
5794 366
5798 367
5802 367
5806 367
5810 367
5814 367
5818 368
5822 368
5826 368
5830 369
5834 369
5838 369
5842 369
5846 369
5850 370
5854 370
5858 370
5862 371
5866 371
5870 371
5874 371
5878 371
5882 372
5886 372
5890 372
5894 373
5898 373
5902 373
5906 373
5910 373
5914 374
5918 374
5922 374
5926 375
5930 375
5934 375
5938 375
5942 375
5946 376
5950 376
5954 376
5958 377
5962 377
5966 377
5970 377
5974 377
5978 378
5982 378
5986 378
5990 379
5994 379
5998 379
6002 379
6006 380
6010 380
6014 380
6018 380
6022 381
6026 381
6030 381
6034 381
6038 382
6042 382
6046 382
6050 382
6054 383
6058 383
6062 383
6066 383
6070 384
6074 384
6078 384
6082 384
6086 385
6090 385
6094 385
6098 385
6102 386
6106 386
6110 386
6114 387
6118 387
6122 387
6126 387
6130 387
6134 388
6138 388
6142 388
6146 389
6150 389
6154 389
6158 389
6162 390
6166 390
6170 390
6174 390
6178 391
6182 391
6186 391
6190 391
6194 392
6198 392
6202 392
6206 392
6210 393
6214 393
6218 393
6222 393
6226 394
6230 394
6234 394
6238 394
6242 395
6246 395
6250 395
6254 395
6258 396
6262 396
6266 396
6270 397
6274 397
6278 397
6282 397
6286 397
6290 398
6294 398
6298 398
6302 399
6306 399
6310 399
6314 399
6318 399
6322 400
6326 400
6330 400
6334 401
6338 401
6342 401
6346 401
6350 401
6354 402
6358 402
6362 402
6366 403
6370 403
6374 403
6378 403
6382 403
6386 404
6390 404
6394 404
6398 405
6402 405
6406 405
6410 405
6414 405
6418 406
6422 406
6426 406
6430 407
6434 407
6438 407
6442 407
6446 407
6450 408
6454 408
6458 408
6462 409
6466 409
6470 409
6474 409
6478 410
6482 410
6486 410
6490 410
6494 411
6498 411
6502 411
6506 411
6510 412
6514 412
6518 412
6522 412
6526 413
6530 413
6534 413
6538 413
6542 414
6546 414
6550 414
6554 414
6558 415
6562 415
6566 415
6570 415
6574 416
6578 416
6582 416
6586 416
6590 417
6594 417
6598 417
6602 417
6606 418
6610 418
6614 418
6618 419
6622 419
6626 419
6630 419
6634 419
6638 420
6642 420
6646 420
6650 421
6654 421
6658 421
6662 421
6666 421
6670 422
6674 422
6678 422
6682 423
6686 423
6690 423
6694 423
6698 423
6702 424
6706 424
6710 424
6714 425
6718 425
6722 425
6726 425
6730 426
6734 426
6738 426
6742 426
6746 427
6750 427
6754 427
6758 427
6762 428
6766 428
6770 428
6774 428
6778 429
6782 429
6786 429
6790 429
6794 430
6798 430
6802 430
6806 430
6810 431
6814 431
6818 431
6822 431
6826 432
6830 432
6834 432
6838 432
6842 433
6846 433
6850 433
6854 433
6858 434
6862 434
6866 434
6870 434
6874 435
6878 435
6882 435
6886 435
6890 436
6894 436
6898 436
6902 436
6906 437
6910 437
6914 437
6918 437
6922 438
6926 438
6930 438
6934 439
6938 439
6942 439
6946 439
6950 439
6954 440
6958 440
6962 440
6966 441
6970 441
6974 441
6978 441
6982 442
6986 442
6990 442
6994 442
6998 443
7002 443
7006 443
7010 443
7014 444
7018 444
7022 444
7026 444
7030 445
7034 445
7038 445
7042 445
7046 446
7050 446
7054 446
7058 446
7062 447
7066 447
7070 447
7074 447
7078 448
7082 448
7086 448
7090 448
7094 449
7098 449
7102 449
7106 449
7110 450
7114 450
7118 450
7122 450
7126 451
7130 451
7134 451
7138 451
7142 452
7146 452
7150 452
7154 452
7158 453
7162 453
7166 453
7170 453
7174 454
7178 454
7182 454
7186 454
7190 455
7194 455
7198 455
7202 455
7206 456
7210 456
7214 456
7218 457
7222 457
7226 457
7230 457
7234 457
7238 458
7242 458
7246 458
7250 459
7254 459
7258 459
7262 459
7266 459
7270 460
7274 460
7278 460
7282 461
7286 461
7290 461
7294 461
7298 462
7302 462
7306 462
7310 462
7314 463
7318 463
7322 463
7326 463
7330 464
7334 464
7338 464
7342 465
7346 465
7350 465
7354 465
7358 465
7362 466
7366 466
7370 466
7374 467
7378 467
7382 467
7386 467
7390 467
7394 468
7398 468
7402 468
7406 469
7410 469
7414 469
7418 469
7422 470
7426 470
7430 470
7434 470
7438 471
7442 471
7446 471
7450 471
7454 472
7458 472
7462 472
7466 473
7470 473
7474 473
7478 473
7482 473
7486 474
7490 474
7494 474
7498 475
7502 475
7506 475
7510 475
7514 475
7518 476
7522 476
7526 476
7530 477
7534 477
7538 477
7542 477
7546 477
7550 478
7554 478
7558 478
7562 479
7566 479
7570 479
7574 479
7578 480
7582 480
7586 480
7590 480
7594 481
7598 481
7602 481
7606 481
7610 482
7614 482
7618 482
7622 482
7626 483
7630 483
7634 483
7638 483
7642 484
7646 484
7650 484
7654 485
7658 485
7662 485
7666 485
7670 486
7674 486
7678 486
7682 486
7686 487
7690 487
7694 487
7698 487
7702 488
7706 488
7710 488
7714 488
7718 489
7722 489
7726 489
7730 489
7734 490
7738 490
7742 490
7746 491
7750 491
7754 491
7758 491
7762 491
7766 492
7770 492
7774 492
7778 493
7782 493
7786 493
7790 493
7794 494
7798 494
7802 494
7806 494
7810 495
7814 495
7818 495
7822 495
7826 496
7830 496
7834 496
7838 497
7842 497
7846 497
7850 497
7854 497
7858 498
7862 498
7866 498
7870 499
7874 499
7878 499
7882 499
7886 500
7890 500
7894 500
7898 500
7902 501
7906 501
7910 501
7914 501
7918 502
7922 502
7926 502
7930 503
7934 503
7938 503
7942 503
7946 504
7950 504
7954 504
7958 504
7962 505
7966 505
7970 505
7974 505
7978 506
7982 506
7986 506
7990 507
7994 507
7998 507
8002 507
8006 507
8010 508
8014 508
8018 508
8022 509
8026 509
8030 509
8034 509
8038 510
8042 510
8046 510
8050 511
8054 511
8058 511
8062 511
8066 511
8070 512
8074 512
8078 512
8082 513
8086 513
8090 513
8094 513
8098 514
8102 514
8106 514
8110 514
8114 515
8118 515
8122 515
8126 515
8130 516
8134 516
8138 516
8142 517
8146 517
8150 517
8154 517
8158 517
8162 518
8166 518
8170 518
8174 519
8178 519
8182 519
8186 519
8190 520
8194 520
8198 520
8202 520
8206 521
8210 521
8214 521
8218 521
8222 522
8226 522
8230 522
8234 523
8238 523
8242 523
8246 523
8250 523
8254 524
8258 524
8262 524
8266 525
8270 525
8274 525
8278 525
8282 526
8286 526
8290 526
8294 526
8298 527
8302 527
8306 527
8310 527
8314 528
8318 528
8322 528
8326 529
8330 529
8334 529
8338 529
8342 529
8346 530
8350 530
8354 530
8358 531
8362 531
8366 531
8370 531
8374 532
8378 532
8382 532
8386 533
8390 533
8394 533
8398 533
8402 533
8406 534
8410 534
8414 534
8418 535
8422 535
8426 535
8430 535
8434 536
8438 536
8442 536
8446 537
8450 537
8454 537
8458 537
8462 537
8466 538
8470 538
8474 538
8478 539
8482 539
8486 539
8490 539
8494 540
8498 540
8502 540
8506 540
8510 541
8514 541
8518 541
8522 541
8526 542
8530 542
8534 542
8538 543
8542 543
8546 543
8550 543
8554 543
8558 544
8562 544
8566 544
8570 545
8574 545
8578 545
8582 545
8586 546
8590 546
8594 546
8598 547
8602 547
8606 547
8610 547
8614 547
8618 548
8622 548
8626 548
8630 549
8634 549
8638 549
8642 549
8646 549
8650 550
8654 550
8658 550
8662 551
8666 551
8670 551
8674 551
8678 552
8682 552
8686 552
8690 552
8694 553
8698 553
8702 553
8706 553
8710 554
8714 554
8718 554
8722 555
8726 555
8730 555
8734 555
8738 556
8742 556
8746 556
8750 556
8754 557
8758 557
8762 557
8766 557
8770 558
8774 558
8778 558
8782 558
8786 559
8790 559
8794 559
8798 559
8802 560
8806 560
8810 560
8814 561
8818 561
8822 561
8826 561
8830 562
8834 562
8838 562
8842 562
8846 563
8850 563
8854 563
8858 563
8862 564
8866 564
8870 564
8874 564
8878 565
8882 565
8886 565
8890 565
8894 566
8898 566
8902 566
8906 567
8910 567
8914 567
8918 567
8922 568
8926 568
8930 568
8934 568
8938 569
8942 569
8946 569
8950 569
8954 570
8958 570
8962 570
8966 570
8970 571
8974 571
8978 571
8982 571
8986 572
8990 572
8994 572
8998 572
9002 573
9006 573
9010 573
9014 573
9018 574
9022 574
9026 574
9030 575
9034 575
9038 575
9042 575
9046 576
9050 576
9054 576
9058 576
9062 577
9066 577
9070 577
9074 577
9078 578
9082 578
9086 578
9090 578
9094 579
9098 579
9102 579
9106 579
9110 580
9114 580
9118 580
9122 581
9126 581
9130 581
9134 581
9138 582
9142 582
9146 582
9150 582
9154 583
9158 583
9162 583
9166 583
9170 584
9174 584
9178 584
9182 585
9186 585
9190 585
9194 585
9198 585
9202 586
9206 586
9210 586
9214 587
9218 587
9222 587
9226 587
9230 588
9234 588
9238 588
9242 588
9246 589
9250 589
9254 589
9258 589
9262 590
9266 590
9270 590
9274 590
9278 591
9282 591
9286 591
9290 591
9294 592
9298 592
9302 592
9306 593
9310 593
9314 593
9318 593
9322 593
9326 594
9330 594
9334 594
9338 595
9342 595
9346 595
9350 595
9354 595
9358 596
9362 596
9366 596
9370 597
9374 597
9378 597
9382 597
9386 597
9390 598
9394 598
9398 598
9402 599
9406 599
9410 599
9414 599
9418 600
9422 600
9426 600
9430 600
9434 601
9438 601
9442 601
9446 601
9450 602
9454 602
9458 602
9462 602
9466 603
9470 603
9474 603
9478 603
9482 604
9486 604
9490 604
9494 605
9498 605
9502 605
9506 605
9510 606
9514 606
9518 606
9522 606
9526 607
9530 607
9534 607
9538 607
9542 608
9546 608
9550 608
9554 608
9558 609
9562 609
9566 609
9570 609
9574 610
9578 610
9582 610
9586 610
9590 611
9594 611
9598 611
9602 611
9606 612
9610 612
9614 612
9618 613
9622 613
9626 613
9630 613
9634 613
9638 614
9642 614
9646 614
9650 615
9654 615
9658 615
9662 615
9666 615
9670 616
9674 616
9678 616
9682 617
9686 617
9690 617
9694 617
9698 617
9702 618
9706 618
9710 618
9714 619
9718 619
9722 619
9726 619
9730 620
9734 620
9738 620
9742 620
9746 621
9750 621
9754 621
9758 621
9762 622
9766 622
9770 622
9774 622
9778 623
9782 623
9786 623
9790 623
9794 624
9798 624
9802 624
9806 624
9810 625
9814 625
9818 625
9822 625
9826 626
9830 626
9834 626
9838 626
9842 627
9846 627
9850 627
9854 627
9858 628
9862 628
9866 628
9870 629
9874 629
9878 629
9882 629
9886 629
9890 630
9894 630
9898 630
9902 631
9906 631
9910 631
9914 631
9918 631
9922 632
9926 632
9930 632
9934 633
9938 633
9942 633
9946 633
9950 633
9954 634
9958 634
9962 634
9966 635
9970 635
9974 635
9978 635
9982 635
9986 636
9990 636
9994 636
9998 637
10002 637
10006 637
10010 637
10014 638
10018 638
10022 638
10026 638
10030 639
10034 639
10038 639
10042 639
10046 639
10050 640
10054 640
10058 640
10062 641
10066 641
10070 641
10074 641
10078 641
10082 642
10086 642
10090 642
10094 643
10098 643
10102 643
10106 643
10110 643
10114 644
10118 644
10122 644
10126 645
10130 645
10134 645
10138 645
10142 645
10146 646
10150 646
10154 646
10158 647
10162 647
10166 647
10170 647
10174 647
10178 648
10182 648
10186 648
10190 649
10194 649
10198 649
10202 649
10206 649
10210 650
10214 650
10218 650
10222 651
10226 651
10230 651
10234 651
10238 651
10242 652
10246 652
10250 652
10254 653
10258 653
10262 653
10266 653
10270 653
10274 654
10278 654
10282 654
10286 655
10290 655
10294 655
10298 655
10302 655
10306 656
10310 656
10314 656
10318 657
10322 657
10326 657
10330 657
10334 658
10338 658
10342 658
10346 658
10350 659
10354 659
10358 659
10362 659
10366 660
10370 660
10374 660
10378 660
10382 661
10386 661
10390 661
10394 661
10398 662
10402 662
10406 662
10410 662
10414 663
10418 663
10422 663
10426 663
10430 664
10434 664
10438 664
10442 664
10446 665
10450 665
10454 665
10458 665
10462 666
10466 666
10470 666
10474 667
10478 667
10482 667
10486 667
10490 667
10494 668
10498 668
10502 668
10506 668
10510 669
10514 669
10518 669
10522 669
10526 670
10530 670
10534 670
10538 671
10542 671
10546 671
10550 671
10554 671
10558 672
10562 672
10566 672
10570 673
10574 673
10578 673
10582 673
10586 674
10590 674
10594 674
10598 674
10602 675
10606 675
10610 675
10614 675
10618 676
10622 676
10626 676
10630 676
10634 677
10638 677
10642 677
10646 677
10650 678
10654 678
10658 678
10662 679
10666 679
10670 679
10674 679
10678 679
10682 680
10686 680
10690 680
10694 681
10698 681
10702 681
10706 681
10710 682
10714 682
10718 682
10722 682
10726 683
10730 683
10734 683
10738 683
10742 683
10746 684
10750 684
10754 684
10758 685
10762 685
10766 685
10770 685
10774 685
10778 686
10782 686
10786 686
10790 687
10794 687
10798 687
10802 687
10806 687
10810 688
10814 688
10818 688
10822 689
10826 689
10830 689
10834 689
10838 689
10842 690
10846 690
10850 690
10854 691
10858 691
10862 691
10866 691
10870 691
10874 692
10878 692
10882 692
10886 692
10890 693
10894 693
10898 693
10902 693
10906 694
10910 694
10914 694
10918 694
10922 695
10926 695
10930 695
10934 695
10938 696
10942 696
10946 696
10950 696
10954 697
10958 697
10962 697
10966 697
10970 698
10974 698
10978 698
10982 698
10986 699
10990 699
10994 699
10998 699
11002 700
11006 700
11010 700
11014 700
11018 701
11022 701
11026 701
11030 701
11034 702
11038 702
11042 702
11046 702
11050 703
11054 703
11058 703
11062 703
11066 704
11070 704
11074 704
11078 704
11082 705
11086 705
11090 705
11094 705
11098 706
11102 706
11106 706
11110 706
11114 707
11118 707
11122 707
11126 707
11130 708
11134 708
11138 708
11142 708
11146 709
11150 709
11154 709
11158 709
11162 710
11166 710
11170 710
11174 710
11178 711
11182 711
11186 711
11190 711
11194 712
11198 712
11202 712
11206 712
11210 713
11214 713
11218 713
11222 713
11226 714
11230 714
11234 714
11238 714
11242 715
11246 715
11250 715
11254 715
11258 715
11262 716
11266 716
11270 716
11274 717
11278 717
11282 717
11286 717
11290 717
11294 718
11298 718
11302 718
11306 719
11310 719
11314 719
11318 719
11322 719
11326 720
11330 720
11334 720
11338 721
11342 721
11346 721
11350 721
11354 721
11358 722
11362 722
11366 722
11370 723
11374 723
11378 723
11382 723
11386 723
11390 724
11394 724
11398 724
11402 725
11406 725
11410 725
11414 725
11418 725
11422 726
11426 726
11430 726
11434 727
11438 727
11442 727
11446 727
11450 727
11454 728
11458 728
11462 728
11466 729
11470 729
11474 729
11478 729
11482 729
11486 730
11490 730
11494 730
11498 731
11502 731
11506 731
11510 731
11514 731
11518 732
11522 732
11526 732
11530 733
11534 733
11538 733
11542 733
11546 733
11550 734
11554 734
11558 734
11562 735
11566 735
11570 735
11574 735
11578 736
11582 736
11586 736
11590 736
11594 737
11598 737
11602 737
11606 737
11610 737
11614 738
11618 738
11622 738
11626 739
11630 739
11634 739
11638 739
11642 740
11646 740
11650 740
11654 740
11658 741
11662 741
11666 741
11670 741
11674 742
11678 742
11682 742
11686 742
11690 743
11694 743
11698 743
11702 743
11706 744
11710 744
11714 744
11718 744
11722 745
11726 745
11730 745
11734 745
11738 746
11742 746
11746 746
11750 747
11754 747
11758 747
11762 747
11766 747
11770 748
11774 748
11778 748
11782 749
11786 749
11790 749
11794 749
11798 750
11802 750
11806 750
11810 750
11814 751
11818 751
11822 751
11826 751
11830 752
11834 752
11838 752
11842 752
11846 753
11850 753
11854 753
11858 753
11862 754
11866 754
11870 754
11874 754
11878 755
11882 755
11886 755
11890 755
11894 756
11898 756
11902 756
11906 757
11910 757
11914 757
11918 757
11922 757
11926 758
11930 758
11934 758
11938 759
11942 759
11946 759
11950 759
11954 759
11958 760
11962 760
11966 760
11970 761
11974 761
11978 761
11982 761
11986 761
11990 762
11994 762
11998 762
12002 763
12006 763
12010 763
12014 763
12018 763
12022 764
12026 764
12030 764
12034 765
12038 765
12042 765
12046 765
12050 766
12054 766
12058 766
12062 766
12066 767
12070 767
12074 767
12078 767
12082 767
12086 768
12090 768
12094 768
12098 769
12102 769
12106 769
12110 769
12114 770
12118 770
12122 770
12126 770
12130 771
12134 771
12138 771
12142 771
12146 772
12150 772
12154 772
12158 772
12162 773
12166 773
12170 773
12174 773
12178 774
12182 774
12186 774
12190 774
12194 775
12198 775
12202 775
12206 775
12210 776
12214 776
12218 776
12222 777
12226 777
12230 777
12234 777
12238 777
12242 778
12246 778
12250 778
12254 779
12258 779
12262 779
12266 779
12270 780
12274 780
12278 780
12282 780
12286 781
12290 781
12294 781
12298 781
12302 782
12306 782
12310 782
12314 782
12318 783
12322 783
12326 783
12330 783
12334 784
12338 784
12342 784
12346 784
12350 785
12354 785
12358 785
12362 785
12366 786
12370 786
12374 786
12378 786
12382 787
12386 787
12390 787
12394 787
12398 788
12402 788
12406 788
12410 788
12414 789
12418 789
12422 789
12426 789
12430 790
12434 790
12438 790
12442 790
12446 791
12450 791
12454 791
12458 791
12462 792
12466 792
12470 792
12474 792
12478 793
12482 793
12486 793
12490 793
12494 794
12498 794
12502 794
12506 795
12510 795
12514 795
12518 795
12522 795
12526 796
12530 796
12534 796
12538 797
12542 797
12546 797
12550 797
12554 797
12558 798
12562 798
12566 798
12570 799
12574 799
12578 799
12582 799
12586 800
12590 800
12594 800
12598 800
12602 801
12606 801
12610 801
12614 801
12618 802
12622 802
12626 802
12630 802
12634 803
12638 803
12642 803
12646 803
12650 804
12654 804
12658 804
12662 804
12666 805
12670 805
12674 805
12678 805
12682 806
12686 806
12690 806
12694 806
12698 807
12702 807
12706 807
12710 807
12714 808
12718 808
12722 808
12726 808
12730 809
12734 809
12738 809
12742 809
12746 810
12750 810
12754 810
12758 810
12762 811
12766 811
12770 811
12774 811
12778 812
12782 812
12786 812
12790 812
12794 813
12798 813
12802 813
12806 813
12810 814
12814 814
12818 814
12822 814
12826 815
12830 815
12834 815
12838 815
12842 816
12846 816
12850 816
12854 817
12858 817
12862 817
12866 817
12870 817
12874 818
12878 818
12882 818
12886 819
12890 819
12894 819
12898 819
12902 819
12906 820
12910 820
12914 820
12918 821
12922 821
12926 821
12930 821
12934 822
12938 822
12942 822
12946 822
12950 823
12954 823
12958 823
12962 823
12966 824
12970 824
12974 824
12978 825
12982 825
12986 825
12990 825
12994 826
12998 826
13002 826
13006 826
13010 827
13014 827
13018 827
13022 827
13026 828
13030 828
13034 828
13038 828
13042 829
13046 829
13050 829
13054 829
13058 830
13062 830
13066 830
13070 831
13074 831
13078 831
13082 831
13086 831
13090 832
13094 832
13098 832
13102 833
13106 833
13110 833
13114 833
13118 833
13122 834
13126 834
13130 834
13134 835
13138 835
13142 835
13146 835
13150 836
13154 836
13158 836
13162 836
13166 837
13170 837
13174 837
13178 837
13182 838
13186 838
13190 838
13194 838
13198 839
13202 839
13206 839
13210 839
13214 840
13218 840
13222 840
13226 841
13230 841
13234 841
13238 841
13242 841
13246 842
13250 842
13254 842
13258 843
13262 843
13266 843
13270 843
13274 843
13278 844
13282 844
13286 844
13290 845
13294 845
13298 845
13302 845
13306 846
13310 846
13314 846
13318 846
13322 847
13326 847
13330 847
13334 847
13338 848
13342 848
13346 848
13350 849
13354 849
13358 849
13362 849
13366 849
13370 850
13374 850
13378 850
13382 851
13386 851
13390 851
13394 851
13398 852
13402 852
13406 852
13410 852
13414 853
13418 853
13422 853
13426 853
13430 854
13434 854
13438 854
13442 855
13446 855
13450 855
13454 855
13458 855
13462 856
13466 856
13470 856
13474 857
13478 857
13482 857
13486 857
13490 857
13494 858
13498 858
13502 858
13506 859
13510 859
13514 859
13518 859
13522 860
13526 860
13530 860
13534 860
13538 861
13542 861
13546 861
13550 861
13554 862
13558 862
13562 862
13566 863
13570 863
13574 863
13578 863
13582 864
13586 864
13590 864
13594 864
13598 865
13602 865
13606 865
13610 865
13614 866
13618 866
13622 866
13626 867
13630 867
13634 867
13638 867
13642 867
13646 868
13650 868
13654 868
13658 869
13662 869
13666 869
13670 869
13674 870
13678 870
13682 870
13686 871
13690 871
13694 871
13698 871
13702 871
13706 872
13710 872
13714 872
13718 873
13722 873
13726 873
13730 873
13734 874
13738 874
13742 874
13746 874
13750 875
13754 875
13758 875
13762 875
13766 876
13770 876
13774 876
13778 877
13782 877
13786 877
13790 877
13794 878
13798 878
13802 878
13806 878
13810 879
13814 879
13818 879
13822 879
13826 880
13830 880
13834 880
13838 880
13842 881
13846 881
13850 881
13854 881
13858 882
13862 882
13866 882
13870 883
13874 883
13878 883
13882 883
13886 884
13890 884
13894 884
13898 884
13902 885
13906 885
13910 885
13914 885
13918 886
13922 886
13926 886
13930 887
13934 887
13938 887
13942 887
13946 887
13950 888
13954 888
13958 888
13962 889
13966 889
13970 889
13974 889
13978 890
13982 890
13986 890
13990 890
13994 891
13998 891
14002 891
14006 891
14010 892
14014 892
14018 892
14022 893
14026 893
14030 893
14034 893
14038 894
14042 894
14046 894
14050 894
14054 895
14058 895
14062 895
14066 895
14070 896
14074 896
14078 896
14082 897
14086 897
14090 897
14094 897
14098 897
14102 898
14106 898
14110 898
14114 899
14118 899
14122 899
14126 899
14130 900
14134 900
14138 900
14142 900
14146 901
14150 901
14154 901
14158 901
14162 902
14166 902
14170 902
14174 903
14178 903
14182 903
14186 903
14190 903
14194 904
14198 904
14202 904
14206 905
14210 905
14214 905
14218 905
14222 906
14226 906
14230 906
14234 907
14238 907
14242 907
14246 907
14250 907
14254 908
14258 908
14262 908
14266 909
14270 909
14274 909
14278 909
14282 909
14286 910
14290 910
14294 910
14298 911
14302 911
14306 911
14310 911
14314 912
14318 912
14322 912
14326 913
14330 913
14334 913
14338 913
14342 913
14346 914
14350 914
14354 914
14358 915
14362 915
14366 915
14370 915
14374 916
14378 916
14382 916
14386 916
14390 917
14394 917
14398 917
14402 917
14406 918
14410 918
14414 918
14418 919
14422 919
14426 919
14430 919
14434 920
14438 920
14442 920
14446 920
14450 921
14454 921
14458 921
14462 921
14466 922
14470 922
14474 922
14478 923
14482 923
14486 923
14490 923
14494 923
14498 924
14502 924
14506 924
14510 925
14514 925
14518 925
14522 925
14526 925
14530 926
14534 926
14538 926
14542 927
14546 927
14550 927
14554 927
14558 928
14562 928
14566 928
14570 928
14574 929
14578 929
14582 929
14586 929
14590 930
14594 930
14598 930
14602 931
14606 931
14610 931
14614 931
14618 931
14622 932
14626 932
14630 932
14634 933
14638 933
14642 933
14646 933
14650 933
14654 934
14658 934
14662 934
14666 935
14670 935
14674 935
14678 935
14682 936
14686 936
14690 936
14694 936
14698 937
14702 937
14706 937
14710 937
14714 938
14718 938
14722 938
14726 938
14730 939
14734 939
14738 939
14742 939
14746 940
14750 940
14754 940
14758 941
14762 941
14766 941
14770 941
14774 941
14778 942
14782 942
14786 942
14790 943
14794 943
14798 943
14802 943
14806 944
14810 944
14814 944
14818 944
14822 945
14826 945
14830 945
14834 945
14838 946
14842 946
14846 946
14850 947
14854 947
14858 947
14862 947
14866 947
14870 948
14874 948
14878 948
14882 949
14886 949
14890 949
14894 949
14898 950
14902 950
14906 950
14910 950
14914 951
14918 951
14922 951
14926 951
14930 952
14934 952
14938 952
14942 952
14946 953
14950 953
14954 953
14958 953
14962 954
14966 954
14970 954
14974 954
14978 955
14982 955
14986 955
14990 955
14994 956
14998 956
15002 956
15006 956
15010 957
15014 957
15018 957
15022 957
15026 958
15030 958
15034 958
15038 959
15042 959
15046 959
15050 959
15054 960
15058 960
15062 960
15066 960
15070 961
15074 961
15078 961
15082 961
15086 962
15090 962
15094 962
15098 962
15102 963
15106 963
15110 963
15114 963
15118 964
15122 964
15126 964
15130 965
15134 965
15138 965
15142 965
15146 966
15150 966
15154 966
15158 966
15162 967
15166 967
15170 967
15174 967
15178 968
15182 968
15186 968
15190 968
15194 969
15198 969
15202 969
15206 969
15210 970
15214 970
15218 970
15222 970
15226 971
15230 971
15234 971
15238 971
15242 972
15246 972
15250 972
15254 973
15258 973
15262 973
15266 973
15270 973
15274 974
15278 974
15282 974
15286 975
15290 975
15294 975
15298 975
15302 975
15306 976
15310 976
15314 976
15318 977
15322 977
15326 977
15330 977
15334 977
15338 978
15342 978
15346 978
15350 979
15354 979
15358 979
15362 979
15366 979
15370 980
15374 980
15378 980
15382 981
15386 981
15390 981
15394 981
15398 982
15402 982
15406 982
15410 982
15414 983
15418 983
15422 983
15426 983
15430 984
15434 984
15438 984
15442 984
15446 985
15450 985
15454 985
15458 985
15462 986
15466 986
15470 986
15474 986
15478 987
15482 987
15486 987
15490 987
15494 988
15498 988
15502 988
15506 988
15510 989
15514 989
15518 989
15522 989
15526 990
15530 990
15534 990
15538 991
15542 991
15546 991
15550 991
15554 991
15558 992
15562 992
15566 992
15570 993
15574 993
15578 993
15582 993
15586 993
15590 994
15594 994
15598 994
15602 995
15606 995
15610 995
15614 995
15618 995
15622 996
15626 996
15630 996
15634 997
15638 997
15642 997
15646 997
15650 998
15654 998
15658 998
15662 998
15666 999
15670 999
15674 999
15678 999
15682 999
15686 1000
15690 1000
15694 1000
15698 1001
15702 1001
15706 1001
15710 1001
15714 1002
15718 1002
15722 1002
15726 1002
15730 1003
15734 1003
15738 1003
15742 1003
15746 1004
15750 1004
15754 1004
15758 1004
15762 1005
15766 1005
15770 1005
15774 1005
15778 1006
15782 1006
15786 1006
15790 1006
15794 1007
15798 1007
15802 1007
15806 1007
15810 1008
15814 1008
15818 1008
15822 1008
15826 1009
15830 1009
15834 1009
15838 1009
15842 1010
15846 1010
15850 1010
15854 1010
15858 1011
15862 1011
15866 1011
15870 1011
15874 1012
15878 1012
15882 1012
15886 1012
15890 1013
15894 1013
15898 1013
15902 1013
15906 1014
15910 1014
15914 1014
15918 1014
15922 1015
15926 1015
15930 1015
15934 1015
15938 1016
15942 1016
15946 1016
15950 1017
15954 1017
15958 1017
15962 1017
15966 1017
15970 1018
15974 1018
15978 1018
15982 1019
15986 1019
15990 1019
15994 1019
15998 1019
16002 1020
16006 1020
16010 1020
16014 1021
16018 1021
16022 1021
16026 1021
16030 1021
16034 1022
16038 1022
16042 1022
16046 1023
16050 1023
16054 1023
16058 1023
16062 1023
16066 1024
16070 1024
16074 1024
16078 1025
16082 1025
16086 1025
16090 1025
16094 1025
16098 1026
16102 1026
16106 1026
16110 1027
16114 1027
16118 1027
16122 1027
16126 1027
16130 1028
16134 1028
16138 1028
16142 1029
16146 1029
16150 1029
16154 1029
16158 1029
16162 1030
16166 1030
16170 1030
16174 1031
16178 1031
16182 1031
16186 1031
16190 1032
16194 1032
16198 1032
16202 1032
16206 1033
16210 1033
16214 1033
16218 1033
16222 1034
16226 1034
16230 1034
16234 1035
16238 1035
16242 1035
16246 1035
16250 1035
16254 1036
16258 1036
16262 1036
16266 1037
16270 1037
16274 1037
16278 1037
16282 1038
16286 1038
16290 1038
16294 1038
16298 1039
16302 1039
16306 1039
16310 1039
16314 1040
16318 1040
16322 1040
16326 1041
16330 1041
16334 1041
16338 1041
16342 1041
16346 1042
16350 1042
16354 1042
16358 1043
16362 1043
16366 1043
16370 1043
16374 1043
16378 1044
16382 1044
16386 1044
16390 1045
16394 1045
16398 1045
16402 1045
16406 1045
16410 1046
16414 1046
16418 1046
16422 1046
16426 1047
16430 1047
16434 1047
16438 1047
16442 1048
16446 1048
16450 1048
16454 1049
16458 1049
16462 1049
16466 1049
16470 1049
16474 1050
16478 1050
16482 1050
16486 1050
16490 1051
16494 1051
16498 1051
16502 1051
16506 1052
16510 1052
16514 1052
16518 1052
16522 1053
16526 1053
16530 1053
16534 1053
16538 1054
16542 1054
16546 1054
16550 1054
16554 1055
16558 1055
16562 1055
16566 1055
16570 1056
16574 1056
16578 1056
16582 1056
16586 1057
16590 1057
16594 1057
16598 1057
16602 1058
16606 1058
16610 1058
16614 1058
16618 1059
16622 1059
16626 1059
16630 1059
16634 1059
16638 1060
16642 1060
16646 1060
16650 1061
16654 1061
16658 1061
16662 1061
16666 1061
16670 1062
16674 1062
16678 1062
16682 1063
16686 1063
16690 1063
16694 1063
16698 1063
16702 1064
16706 1064
16710 1064
16714 1065
16718 1065
16722 1065
16726 1065
16730 1065
16734 1066
16738 1066
16742 1066
16746 1067
16750 1067
16754 1067
16758 1067
16762 1067
16766 1068
16770 1068
16774 1068
16778 1069
16782 1069
16786 1069
16790 1069
16794 1069
16798 1070
16802 1070
16806 1070
16810 1071
16814 1071
16818 1071
16822 1071
16826 1071
16830 1072
16834 1072
16838 1072
16842 1073
16846 1073
16850 1073
16854 1073
16858 1073
16862 1074
16866 1074
16870 1074
16874 1075
16878 1075
16882 1075
16886 1075
16890 1075
16894 1076
16898 1076
16902 1076
16906 1076
16910 1077
16914 1077
16918 1077
16922 1077
16926 1078
16930 1078
16934 1078
16938 1079
16942 1079
16946 1079
16950 1079
16954 1079
16958 1080
16962 1080
16966 1080
16970 1080
16974 1081
16978 1081
16982 1081
16986 1081
16990 1082
16994 1082
16998 1082
17002 1082
17006 1083
17010 1083
17014 1083
17018 1083
17022 1084
17026 1084
17030 1084
17034 1084
17038 1085
17042 1085
17046 1085
17050 1085
17054 1086
17058 1086
17062 1086
17066 1087
17070 1087
17074 1087
17078 1087
17082 1087
17086 1088
17090 1088
17094 1088
17098 1089
17102 1089
17106 1089
17110 1089
17114 1089
17118 1090
17122 1090
17126 1090
17130 1091
17134 1091
17138 1091
17142 1091
17146 1091
17150 1092
17154 1092
17158 1092
17162 1093
17166 1093
17170 1093
17174 1093
17178 1093
17182 1094
17186 1094
17190 1094
17194 1095
17198 1095
17202 1095
17206 1095
17210 1095
17214 1096
17218 1096
17222 1096
17226 1097
17230 1097
17234 1097
17238 1097
17242 1097
17246 1098
17250 1098
17254 1098
17258 1099
17262 1099
17266 1099
17270 1099
17274 1099
17278 1100
17282 1100
17286 1100
17290 1101
17294 1101
17298 1101
17302 1101
17306 1102
17310 1102
17314 1102
17318 1102
17322 1103
17326 1103
17330 1103
17334 1103
17338 1104
17342 1104
17346 1104
17350 1104
17354 1105
17358 1105
17362 1105
17366 1105
17370 1106
17374 1106
17378 1106
17382 1106
17386 1107
17390 1107
17394 1107
17398 1107
17402 1108
17406 1108
17410 1108
17414 1109
17418 1109
17422 1109
17426 1109
17430 1109
17434 1110
17438 1110
17442 1110
17446 1111
17450 1111
17454 1111
17458 1111
17462 1111
17466 1112
17470 1112
17474 1112
17478 1113
17482 1113
17486 1113
17490 1113
17494 1113
17498 1114
17502 1114
17506 1114
17510 1115
17514 1115
17518 1115
17522 1115
17526 1116
17530 1116
17534 1116
17538 1116
17542 1117
17546 1117
17550 1117
17554 1117
17558 1118
17562 1118
17566 1118
17570 1118
17574 1119
17578 1119
17582 1119
17586 1119
17590 1120
17594 1120
17598 1120
17602 1120
17606 1121
17610 1121
17614 1121
17618 1121
17622 1122
17626 1122
17630 1122
17634 1122
17638 1123
17642 1123
17646 1123
17650 1123
17654 1124
17658 1124
17662 1124
17666 1124
17670 1125
17674 1125
17678 1125
17682 1125
17686 1126
17690 1126
17694 1126
17698 1126
17702 1127
17706 1127
17710 1127
17714 1127
17718 1128
17722 1128
17726 1128
17730 1128
17734 1129
17738 1129
17742 1129
17746 1129
17750 1130
17754 1130
17758 1130
17762 1131
17766 1131
17770 1131
17774 1131
17778 1131
17782 1132
17786 1132
17790 1132
17794 1133
17798 1133
17802 1133
17806 1133
17810 1133
17814 1134
17818 1134
17822 1134
17826 1135
17830 1135
17834 1135
17838 1135
17842 1135
17846 1136
17850 1136
17854 1136
17858 1137
17862 1137
17866 1137
17870 1137
17874 1137
17878 1138
17882 1138
17886 1138
17890 1139
17894 1139
17898 1139
17902 1139
17906 1140
17910 1140
17914 1140
17918 1140
17922 1141
17926 1141
17930 1141
17934 1141
17938 1142
17942 1142
17946 1142
17950 1142
17954 1143
17958 1143
17962 1143
17966 1143
17970 1144
17974 1144
17978 1144
17982 1144
17986 1145
17990 1145
17994 1145
17998 1145
18002 1146
18006 1146
18010 1146
18014 1146
18018 1147
18022 1147
18026 1147
18030 1147
18034 1148
18038 1148
18042 1148
18046 1148
18050 1149
18054 1149
18058 1149
18062 1149
18066 1150
18070 1150
18074 1150
18078 1150
18082 1151
18086 1151
18090 1151
18094 1151
18098 1152
18102 1152
18106 1152
18110 1152
18114 1153
18118 1153
18122 1153
18126 1153
18130 1154
18134 1154
18138 1154
18142 1155
18146 1155
18150 1155
18154 1155
18158 1155
18162 1156
18166 1156
18170 1156
18174 1157
18178 1157
18182 1157
18186 1157
18190 1157
18194 1158
18198 1158
18202 1158
18206 1159
18210 1159
18214 1159
18218 1159
18222 1160
18226 1160
18230 1160
18234 1160
18238 1161
18242 1161
18246 1161
18250 1161
18254 1162
18258 1162
18262 1162
18266 1162
18270 1163
18274 1163
18278 1163
18282 1163
18286 1164
18290 1164
18294 1164
18298 1164
18302 1165
18306 1165
18310 1165
18314 1165
18318 1166
18322 1166
18326 1166
18330 1166
18334 1167
18338 1167
18342 1167
18346 1167
18350 1168
18354 1168
18358 1168
18362 1168
18366 1169
18370 1169
18374 1169
18378 1169
18382 1170
18386 1170
18390 1170
18394 1170
18398 1171
18402 1171
18406 1171
18410 1171
18414 1172
18418 1172
18422 1172
18426 1172
18430 1173
18434 1173
18438 1173
18442 1173
18446 1174
18450 1174
18454 1174
18458 1174
18462 1175
18466 1175
18470 1175
18474 1175
18478 1176
18482 1176
18486 1176
18490 1176
18494 1177
18498 1177
18502 1177
18506 1177
18510 1178
18514 1178
18518 1178
18522 1179
18526 1179
18530 1179
18534 1179
18538 1179
18542 1180
18546 1180
18550 1180
18554 1181
18558 1181
18562 1181
18566 1181
18570 1181
18574 1182
18578 1182
18582 1182
18586 1183
18590 1183
18594 1183
18598 1183
18602 1184
18606 1184
18610 1184
18614 1184
18618 1185
18622 1185
18626 1185
18630 1185
18634 1186
18638 1186
18642 1186
18646 1186
18650 1187
18654 1187
18658 1187
18662 1187
18666 1188
18670 1188
18674 1188
18678 1189
18682 1189
18686 1189
18690 1189
18694 1189
18698 1190
18702 1190
18706 1190
18710 1191
18714 1191
18718 1191
18722 1191
18726 1192
18730 1192
18734 1192
18738 1192
18742 1193
18746 1193
18750 1193
18754 1193
18758 1194
18762 1194
18766 1194
18770 1194
18774 1195
18778 1195
18782 1195
18786 1195
18790 1196
18794 1196
18798 1196
18802 1196
18806 1197
18810 1197
18814 1197
18818 1197
18822 1198
18826 1198
18830 1198
18834 1199
18838 1199
18842 1199
18846 1199
18850 1200
18854 1200
18858 1200
18862 1200
18866 1201
18870 1201
18874 1201
18878 1201
18882 1202
18886 1202
18890 1202
18894 1202
18898 1203
18902 1203
18906 1203
18910 1203
18914 1204
18918 1204
18922 1204
18926 1205
18930 1205
18934 1205
18938 1205
18942 1206
18946 1206
18950 1206
18954 1206
18958 1207
18962 1207
18966 1207
18970 1207
18974 1208
18978 1208
18982 1208
18986 1208
18990 1209
18994 1209
18998 1209
19002 1209
19006 1210
19010 1210
19014 1210
19018 1210
19022 1211
19026 1211
19030 1211
19034 1211
19038 1212
19042 1212
19046 1212
19050 1213
19054 1213
19058 1213
19062 1213
19066 1214
19070 1214
19074 1214
19078 1214
19082 1215
19086 1215
19090 1215
19094 1215
19098 1216
19102 1216
19106 1216
19110 1216
19114 1217
19118 1217
19122 1217
19126 1217
19130 1218
19134 1218
19138 1218
19142 1218
19146 1219
19150 1219
19154 1219
19158 1219
19162 1220
19166 1220
19170 1220
19174 1221
19178 1221
19182 1221
19186 1221
19190 1222
19194 1222
19198 1222
19202 1222
19206 1223
19210 1223
19214 1223
19218 1223
19222 1224
19226 1224
19230 1224
19234 1224
19238 1225
19242 1225
19246 1225
19250 1225
19254 1226
19258 1226
19262 1226
19266 1227
19270 1227
19274 1227
19278 1227
19282 1228
19286 1228
19290 1228
19294 1228
19298 1229
19302 1229
19306 1229
19310 1229
19314 1230
19318 1230
19322 1230
19326 1231
19330 1231
19334 1231
19338 1231
19342 1232
19346 1232
19350 1232
19354 1232
19358 1233
19362 1233
19366 1233
19370 1233
19374 1234
19378 1234
19382 1234
19386 1235
19390 1235
19394 1235
19398 1235
19402 1236
19406 1236
19410 1236
19414 1236
19418 1237
19422 1237
19426 1237
19430 1237
19434 1238
19438 1238
19442 1238
19446 1238
19450 1239
19454 1239
19458 1239
19462 1239
19466 1240
19470 1240
19474 1240
19478 1241
19482 1241
19486 1241
19490 1241
19494 1242
19498 1242
19502 1242
19506 1242
19510 1243
19514 1243
19518 1243
19522 1243
19526 1244
19530 1244
19534 1244
19538 1245
19542 1245
19546 1245
19550 1245
19554 1245
19558 1246
19562 1246
19566 1246
19570 1247
19574 1247
19578 1247
19582 1247
19586 1248
19590 1248
19594 1248
19598 1248
19602 1249
19606 1249
19610 1249
19614 1249
19618 1250
19622 1250
19626 1250
19630 1251
19634 1251
19638 1251
19642 1251
19646 1252
19650 1252
19654 1252
19658 1252
19662 1253
19666 1253
19670 1253
19674 1253
19678 1254
19682 1254
19686 1254
19690 1255
19694 1255
19698 1255
19702 1255
19706 1255
19710 1256
19714 1256
19718 1256
19722 1257
19726 1257
19730 1257
19734 1257
19738 1258
19742 1258
19746 1258
19750 1258
19754 1259
19758 1259
19762 1259
19766 1259
19770 1260
19774 1260
19778 1260
19782 1261
19786 1261
19790 1261
19794 1261
19798 1261
19802 1262
19806 1262
19810 1262
19814 1263
19818 1263
19822 1263
19826 1263
19830 1264
19834 1264
19838 1264
19842 1264
19846 1265
19850 1265
19854 1265
19858 1265
19862 1266
19866 1266
19870 1266
19874 1267
19878 1267
19882 1267
19886 1267
19890 1267
19894 1268
19898 1268
19902 1268
19906 1269
19910 1269
19914 1269
19918 1269
19922 1269
19926 1270
19930 1270
19934 1270
19938 1271
19942 1271
19946 1271
19950 1271
19954 1272
19958 1272
19962 1272
19966 1273
19970 1273
19974 1273
19978 1273
19982 1273
19986 1274
19990 1274
19994 1274
19998 1275
20002 1275
20006 1275
20010 1275
20014 1276
20018 1276
20022 1276
20026 1276
20030 1277
20034 1277
20038 1277
20042 1277
20046 1278
20050 1278
20054 1278
20058 1279
20062 1279
20066 1279
20070 1279
20074 1280
20078 1280
20082 1280
20086 1280
20090 1281
20094 1281
20098 1281
20102 1281
20106 1282
20110 1282
20114 1282
20118 1283
20122 1283
20126 1283
20130 1283
20134 1283
20138 1284
20142 1284
20146 1284
20150 1285
20154 1285
20158 1285
20162 1285
20166 1286
20170 1286
20174 1286
20178 1286
20182 1287
20186 1287
20190 1287
20194 1287
20198 1288
20202 1288
20206 1288
20210 1289
20214 1289
20218 1289
20222 1289
20226 1289
20230 1290
20234 1290
20238 1290
20242 1291
20246 1291
20250 1291
20254 1291
20258 1291
20262 1292
20266 1292
20270 1292
20274 1293
20278 1293
20282 1293
20286 1293
20290 1294
20294 1294
20298 1294
20302 1294
20306 1295
20310 1295
20314 1295
20318 1295
20322 1296
20326 1296
20330 1296
20334 1296
20338 1297
20342 1297
20346 1297
20350 1297
20354 1298
20358 1298
20362 1298
20366 1299
20370 1299
20374 1299
20378 1299
20382 1299
20386 1300
20390 1300
20394 1300
20398 1301
20402 1301
20406 1301
20410 1301
20414 1302
20418 1302
20422 1302
20426 1302
20430 1303
20434 1303
20438 1303
20442 1303
20446 1304
20450 1304
20454 1304
20458 1305
20462 1305
20466 1305
20470 1305
20474 1305
20478 1306
20482 1306
20486 1306
20490 1307
20494 1307
20498 1307
20502 1307
20506 1307
20510 1308
20514 1308
20518 1308
20522 1309
20526 1309
20530 1309
20534 1309
20538 1310
20542 1310
20546 1310
20550 1310
20554 1311
20558 1311
20562 1311
20566 1311
20570 1312
20574 1312
20578 1312
20582 1312
20586 1313
20590 1313
20594 1313
20598 1313
20602 1314
20606 1314
20610 1314
20614 1314
20618 1315
20622 1315
20626 1315
20630 1315
20634 1316
20638 1316
20642 1316
20646 1316
20650 1317
20654 1317
20658 1317
20662 1317
20666 1318
20670 1318
20674 1318
20678 1319
20682 1319
20686 1319
20690 1319
20694 1320
20698 1320
20702 1320
20706 1320
20710 1321
20714 1321
20718 1321
20722 1321
20726 1322
20730 1322
20734 1322
20738 1322
20742 1323
20746 1323
20750 1323
20754 1323
20758 1324
20762 1324
20766 1324
20770 1325
20774 1325
20778 1325
20782 1325
20786 1326
20790 1326
20794 1326
20798 1326
20802 1327
20806 1327
20810 1327
20814 1327
20818 1328
20822 1328
20826 1328
20830 1328
20834 1329
20838 1329
20842 1329
20846 1329
20850 1330
20854 1330
20858 1330
20862 1330
20866 1331
20870 1331
20874 1331
20878 1331
20882 1332
20886 1332
20890 1332
20894 1333
20898 1333
20902 1333
20906 1333
20910 1333
20914 1334
20918 1334
20922 1334
20926 1335
20930 1335
20934 1335
20938 1335
20942 1336
20946 1336
20950 1336
20954 1336
20958 1337
20962 1337
20966 1337
20970 1337
20974 1337
20978 1338
20982 1338
20986 1338
20990 1339
20994 1339
20998 1339
21002 1339
21006 1340
21010 1340
21014 1340
21018 1340
21022 1341
21026 1341
21030 1341
21034 1341
21038 1342
21042 1342
21046 1342
21050 1342
21054 1343
21058 1343
21062 1343
21066 1343
21070 1344
21074 1344
21078 1344
21082 1344
21086 1345
21090 1345
21094 1345
21098 1345
21102 1346
21106 1346
21110 1346
21114 1346
21118 1347
21122 1347
21126 1347
21130 1347
21134 1348
21138 1348
21142 1348
21146 1348
21150 1349
21154 1349
21158 1349
21162 1349
21166 1350
21170 1350
21174 1350
21178 1350
21182 1351
21186 1351
21190 1351
21194 1351
21198 1352
21202 1352
21206 1352
21210 1352
21214 1353
21218 1353
21222 1353
21226 1353
21230 1354
21234 1354
21238 1354
21242 1354
21246 1355
21250 1355
21254 1355
21258 1355
21262 1356
21266 1356
21270 1356
21274 1356
21278 1357
21282 1357
21286 1357
21290 1357
21294 1358
21298 1358
21302 1358
21306 1358
21310 1359
21314 1359
21318 1359
21322 1359
21326 1360
21330 1360
21334 1360
21338 1360
21342 1361
21346 1361
21350 1361
21354 1361
21358 1362
21362 1362
21366 1362
21370 1362
21374 1363
21378 1363
21382 1363
21386 1363
21390 1364
21394 1364
21398 1364
21402 1364
21406 1365
21410 1365
21414 1365
21418 1365
21422 1366
21426 1366
21430 1366
21434 1366
21438 1367
21442 1367
21446 1367
21450 1367
21454 1368
21458 1368
21462 1368
21466 1369
21470 1369
21474 1369
21478 1369
21482 1369
21486 1370
21490 1370
21494 1370
21498 1371
21502 1371
21506 1371
21510 1371
21514 1372
21518 1372
21522 1372
21526 1372
21530 1373
21534 1373
21538 1373
21542 1373
21546 1374
21550 1374
21554 1374
21558 1374
21562 1375
21566 1375
21570 1375
21574 1375
21578 1376
21582 1376
21586 1376
21590 1376
21594 1377
21598 1377
21602 1377
21606 1377
21610 1378
21614 1378
21618 1378
21622 1378
21626 1379
21630 1379
21634 1379
21638 1379
21642 1380
21646 1380
21650 1380
21654 1380
21658 1381
21662 1381
21666 1381
21670 1381
21674 1382
21678 1382
21682 1382
21686 1382
21690 1383
21694 1383
21698 1383
21702 1383
21706 1384
21710 1384
21714 1384
21718 1384
21722 1385
21726 1385
21730 1385
21734 1385
21738 1386
21742 1386
21746 1386
21750 1387
21754 1387
21758 1387
21762 1387
21766 1387
21770 1388
21774 1388
21778 1388
21782 1388
21786 1389
21790 1389
21794 1389
21798 1389
21802 1390
21806 1390
21810 1390
21814 1391
21818 1391
21822 1391
21826 1391
21830 1391
21834 1392
21838 1392
21842 1392
21846 1393
21850 1393
21854 1393
21858 1393
21862 1394
21866 1394
21870 1394
21874 1394
21878 1395
21882 1395
21886 1395
21890 1395
21894 1396
21898 1396
21902 1396
21906 1396
21910 1397
21914 1397
21918 1397
21922 1397
21926 1398
21930 1398
21934 1398
21938 1399
21942 1399
21946 1399
21950 1399
21954 1399
21958 1400
21962 1400
21966 1400
21970 1401
21974 1401
21978 1401
21982 1401
21986 1402
21990 1402
21994 1402
21998 1402
22002 1403
22006 1403
22010 1403
22014 1403
22018 1404
22022 1404
22026 1404
22030 1404
22034 1405
22038 1405
22042 1405
22046 1405
22050 1405
22054 1406
22058 1406
22062 1406
22066 1407
22070 1407
22074 1407
22078 1407
22082 1408
22086 1408
22090 1408
22094 1408
22098 1409
22102 1409
22106 1409
22110 1409
22114 1410
22118 1410
22122 1410
22126 1410
22130 1411
22134 1411
22138 1411
22142 1411
22146 1411
22150 1412
22154 1412
22158 1412
22162 1413
22166 1413
22170 1413
22174 1413
22178 1413
22182 1414
22186 1414
22190 1414
22194 1415
22198 1415
22202 1415
22206 1415
22210 1415
22214 1416
22218 1416
22222 1416
22226 1417
22230 1417
22234 1417
22238 1417
22242 1417
22246 1418
22250 1418
22254 1418
22258 1419
22262 1419
22266 1419
22270 1419
22274 1419
22278 1420
22282 1420
22286 1420
22290 1421
22294 1421
22298 1421
22302 1421
22306 1421
22310 1422
22314 1422
22318 1422
22322 1423
22326 1423
22330 1423
22334 1423
22338 1423
22342 1424
22346 1424
22350 1424
22354 1425
22358 1425
22362 1425
22366 1425
22370 1425
22374 1426
22378 1426
22382 1426
22386 1427
22390 1427
22394 1427
22398 1427
22402 1427
22406 1428
22410 1428
22414 1428
22418 1428
22422 1429
22426 1429
22430 1429
22434 1429
22438 1430
22442 1430
22446 1430
22450 1430
22454 1431
22458 1431
22462 1431
22466 1431
22470 1432
22474 1432
22478 1432
22482 1432
22486 1433
22490 1433
22494 1433
22498 1433
22502 1434
22506 1434
22510 1434
22514 1434
22518 1435
22522 1435
22526 1435
22530 1435
22534 1436
22538 1436
22542 1436
22546 1436
22550 1437
22554 1437
22558 1437
22562 1437
22566 1438
22570 1438
22574 1438
22578 1438
22582 1439
22586 1439
22590 1439
22594 1439
22598 1440
22602 1440
22606 1440
22610 1440
22614 1441
22618 1441
22622 1441
22626 1441
22630 1441
22634 1442
22638 1442
22642 1442
22646 1443
22650 1443
22654 1443
22658 1443
22662 1443
22666 1444
22670 1444
22674 1444
22678 1445
22682 1445
22686 1445
22690 1445
22694 1446
22698 1446
22702 1446
22706 1446
22710 1447
22714 1447
22718 1447
22722 1447
22726 1448
22730 1448
22734 1448
22738 1448
22742 1449
22746 1449
22750 1449
22754 1449
22758 1450
22762 1450
22766 1450
22770 1450
22774 1451
22778 1451
22782 1451
22786 1451
22790 1452
22794 1452
22798 1452
22802 1452
22806 1453
22810 1453
22814 1453
22818 1453
22822 1454
22826 1454
22830 1454
22834 1454
22838 1455
22842 1455
22846 1455
22850 1455
22854 1456
22858 1456
22862 1456
22866 1456
22870 1457
22874 1457
22878 1457
22882 1457
22886 1458
22890 1458
22894 1458
22898 1458
22902 1459
22906 1459
22910 1459
22914 1459
22918 1460
22922 1460
22926 1460
22930 1460
22934 1461
22938 1461
22942 1461
22946 1461
22950 1462
22954 1462
22958 1462
22962 1463
22966 1463
22970 1463
22974 1463
22978 1463
22982 1464
22986 1464
22990 1464
22994 1465
22998 1465
23002 1465
23006 1465
23010 1465
23014 1466
23018 1466
23022 1466
23026 1467
23030 1467
23034 1467
23038 1467
23042 1468
23046 1468
23050 1468
23054 1468
23058 1469
23062 1469
23066 1469
23070 1469
23074 1470
23078 1470
23082 1470
23086 1470
23090 1471
23094 1471
23098 1471
23102 1471
23106 1472
23110 1472
23114 1472
23118 1472
23122 1473
23126 1473
23130 1473
23134 1473
23138 1474
23142 1474
23146 1474
23150 1475
23154 1475
23158 1475
23162 1475
23166 1475
23170 1476
23174 1476
23178 1476
23182 1477
23186 1477
23190 1477
23194 1477
23198 1477
23202 1478
23206 1478
23210 1478
23214 1479
23218 1479
23222 1479
23226 1479
23230 1479
23234 1480
23238 1480
23242 1480
23246 1481
23250 1481
23254 1481
23258 1481
23262 1481
23266 1482
23270 1482
23274 1482
23278 1483
23282 1483
23286 1483
23290 1483
23294 1484
23298 1484
23302 1484
23306 1484
23310 1485
23314 1485
23318 1485
23322 1485
23326 1486
23330 1486
23334 1486
23338 1486
23342 1487
23346 1487
23350 1487
23354 1487
23358 1488
23362 1488
23366 1488
23370 1488
23374 1489
23378 1489
23382 1489
23386 1489
23390 1490
23394 1490
23398 1490
23402 1490
23406 1491
23410 1491
23414 1491
23418 1491
23422 1492
23426 1492
23430 1492
23434 1492
23438 1493
23442 1493
23446 1493
23450 1493
23454 1494
23458 1494
23462 1494
23466 1494
23470 1495
23474 1495
23478 1495
23482 1495
23486 1496
23490 1496
23494 1496
23498 1496
23502 1497
23506 1497
23510 1497
23514 1497
23518 1498
23522 1498
23526 1498
23530 1499
23534 1499
23538 1499
23542 1499
23546 1499
23550 1500
23554 1500
23558 1500
23562 1501
23566 1501
23570 1501
23574 1501
23578 1501
23582 1502
23586 1502
23590 1502
23594 1503
23598 1503
23602 1503
23606 1503
23610 1503
23614 1504
23618 1504
23622 1504
23626 1505
23630 1505
23634 1505
23638 1505
23642 1505
23646 1506
23650 1506
23654 1506
23658 1507
23662 1507
23666 1507
23670 1507
23674 1507
23678 1508
23682 1508
23686 1508
23690 1509
23694 1509
23698 1509
23702 1509
23706 1509
23710 1510
23714 1510
23718 1510
23722 1511
23726 1511
23730 1511
23734 1511
23738 1511
23742 1512
23746 1512
23750 1512
23754 1513
23758 1513
23762 1513
23766 1513
23770 1514
23774 1514
23778 1514
23782 1514
23786 1515
23790 1515
23794 1515
23798 1515
23802 1516
23806 1516
23810 1516
23814 1516
23818 1517
23822 1517
23826 1517
23830 1517
23834 1518
23838 1518
23842 1518
23846 1518
23850 1519
23854 1519
23858 1519
23862 1519
23866 1520
23870 1520
23874 1520
23878 1521
23882 1521
23886 1521
23890 1521
23894 1521
23898 1522
23902 1522
23906 1522
23910 1523
23914 1523
23918 1523
23922 1523
23926 1523
23930 1524
23934 1524
23938 1524
23942 1525
23946 1525
23950 1525
23954 1525
23958 1525
23962 1526
23966 1526
23970 1526
23974 1527
23978 1527
23982 1527
23986 1527
23990 1527
23994 1528
23998 1528
24002 1528
24006 1529
24010 1529
24014 1529
24018 1529
24022 1530
24026 1530
24030 1530
24034 1530
24038 1531
24042 1531
24046 1531
24050 1531
24054 1531
24058 1532
24062 1532
24066 1532
24070 1533
24074 1533
24078 1533
24082 1533
24086 1533
24090 1534
24094 1534
24098 1534
24102 1535
24106 1535
24110 1535
24114 1535
24118 1536
24122 1536
24126 1536
24130 1536
24134 1537
24138 1537
24142 1537
24146 1537
24150 1538
24154 1538
24158 1538
24162 1538
24166 1539
24170 1539
24174 1539
24178 1539
24182 1540
24186 1540
24190 1540
24194 1540
24198 1541
24202 1541
24206 1541
24210 1541
24214 1542
24218 1542
24222 1542
24226 1542
24230 1543
24234 1543
24238 1543
24242 1543
24246 1544
24250 1544
24254 1544
24258 1545
24262 1545
24266 1545
24270 1545
24274 1545
24278 1546
24282 1546
24286 1546
24290 1547
24294 1547
24298 1547
24302 1547
24306 1547
24310 1548
24314 1548
24318 1548
24322 1549
24326 1549
24330 1549
24334 1549
24338 1550
24342 1550
24346 1550
24350 1550
24354 1551
24358 1551
24362 1551
24366 1551
24370 1552
24374 1552
24378 1552
24382 1553
24386 1553
24390 1553
24394 1553
24398 1553
24402 1554
24406 1554
24410 1554
24414 1555
24418 1555
24422 1555
24426 1555
24430 1555
24434 1556
24438 1556
24442 1556
24446 1557
24450 1557
24454 1557
24458 1557
24462 1558
24466 1558
24470 1558
24474 1558
24478 1559
24482 1559
24486 1559
24490 1559
24494 1560
24498 1560
24502 1560
24506 1560
24510 1561
24514 1561
24518 1561
24522 1561
24526 1562
24530 1562
24534 1562
24538 1563
24542 1563
24546 1563
24550 1563
24554 1563
24558 1564
24562 1564
24566 1564
24570 1565
24574 1565
24578 1565
24582 1565
24586 1566
24590 1566
24594 1566
24598 1566
24602 1567
24606 1567
24610 1567
24614 1567
24618 1568
24622 1568
24626 1568
24630 1569
24634 1569
24638 1569
24642 1569
24646 1569
24650 1570
24654 1570
24658 1570
24662 1571
24666 1571
24670 1571
24674 1571
24678 1572
24682 1572
24686 1572
24690 1572
24694 1573
24698 1573
24702 1573
24706 1573
24710 1574
24714 1574
24718 1574
24722 1575
24726 1575
24730 1575
24734 1575
24738 1575
24742 1576
24746 1576
24750 1576
24754 1577
24758 1577
24762 1577
24766 1577
24770 1577
24774 1578
24778 1578
24782 1578
24786 1579
24790 1579
24794 1579
24798 1579
24802 1580
24806 1580
24810 1580
24814 1580
24818 1581
24822 1581
24826 1581
24830 1581
24834 1582
24838 1582
24842 1582
24846 1583
24850 1583
24854 1583
24858 1583
24862 1583
24866 1584
24870 1584
24874 1584
24878 1585
24882 1585
24886 1585
24890 1585
24894 1586
24898 1586
24902 1586
24906 1586
24910 1587
24914 1587
24918 1587
24922 1587
24926 1588
24930 1588
24934 1588
24938 1589
24942 1589
24946 1589
24950 1589
24954 1590
24958 1590
24962 1590
24966 1590
24970 1591
24974 1591
24978 1591
24982 1591
24986 1592
24990 1592
24994 1592
24998 1592
25002 1593
25006 1593
25010 1593
25014 1593
25018 1594
25022 1594
25026 1594
25030 1595
25034 1595
25038 1595
25042 1595
25046 1596
25050 1596
25054 1596
25058 1596
25062 1597
25066 1597
25070 1597
25074 1597
25078 1598
25082 1598
25086 1598
25090 1599
25094 1599
25098 1599
25102 1599
25106 1599
25110 1600
25114 1600
25118 1600
25122 1601
25126 1601
25130 1601
25134 1601
25138 1602
25142 1602
25146 1602
25150 1602
25154 1603
25158 1603
25162 1603
25166 1603
25170 1604
25174 1604
25178 1604
25182 1605
25186 1605
25190 1605
25194 1605
25198 1606
25202 1606
25206 1606
25210 1606
25214 1607
25218 1607
25222 1607
25226 1607
25230 1608
25234 1608
25238 1608
25242 1608
25246 1609
25250 1609
25254 1609
25258 1609
25262 1610
25266 1610
25270 1610
25274 1611
25278 1611
25282 1611
25286 1611
25290 1612
25294 1612
25298 1612
25302 1613
25306 1613
25310 1613
25314 1613
25318 1613
25322 1614
25326 1614
25330 1614
25334 1615
25338 1615
25342 1615
25346 1615
25350 1616
25354 1616
25358 1616
25362 1616
25366 1617
25370 1617
25374 1617
25378 1617
25382 1618
25386 1618
25390 1618
25394 1619
25398 1619
25402 1619
25406 1619
25410 1620
25414 1620
25418 1620
25422 1620
25426 1621
25430 1621
25434 1621
25438 1621
25442 1622
25446 1622
25450 1622
25454 1622
25458 1623
25462 1623
25466 1623
25470 1623
25474 1624
25478 1624
25482 1624
25486 1625
25490 1625
25494 1625
25498 1625
25502 1625
25506 1626
25510 1626
25514 1626
25518 1627
25522 1627
25526 1627
25530 1627
25534 1628
25538 1628
25542 1628
25546 1628
25550 1629
25554 1629
25558 1629
25562 1629
25566 1630
25570 1630
25574 1630
25578 1630
25582 1631
25586 1631
25590 1631
25594 1631
25598 1632
25602 1632
25606 1632
25610 1633
25614 1633
25618 1633
25622 1633
25626 1633
25630 1634
25634 1634
25638 1634
25642 1635
25646 1635
25650 1635
25654 1635
25658 1636
25662 1636
25666 1636
25670 1636
25674 1637
25678 1637
25682 1637
25686 1637
25690 1638
25694 1638
25698 1638
25702 1639
25706 1639
25710 1639
25714 1639
25718 1640
25722 1640
25726 1640
25730 1640
25734 1641
25738 1641
25742 1641
25746 1641
25750 1642
25754 1642
25758 1642
25762 1643
25766 1643
25770 1643
25774 1643
25778 1643
25782 1644
25786 1644
25790 1644
25794 1645
25798 1645
25802 1645
25806 1645
25810 1646
25814 1646
25818 1646
25822 1646
25826 1647
25830 1647
25834 1647
25838 1647
25842 1648
25846 1648
25850 1648
25854 1649
25858 1649
25862 1649
25866 1649
25870 1649
25874 1650
25878 1650
25882 1650
25886 1651
25890 1651
25894 1651
25898 1651
25902 1652
25906 1652
25910 1652
25914 1652
25918 1653
25922 1653
25926 1653
25930 1653
25934 1654
25938 1654
25942 1654
25946 1654
25950 1655
25954 1655
25958 1655
25962 1655
25966 1656
25970 1656
25974 1656
25978 1657
25982 1657
25986 1657
25990 1657
25994 1657
25998 1658
26002 1658
26006 1658
26010 1659
26014 1659
26018 1659
26022 1659
26026 1659
26030 1660
26034 1660
26038 1660
26042 1661
26046 1661
26050 1661
26054 1661
26058 1662
26062 1662
26066 1662
26070 1662
26074 1663
26078 1663
26082 1663
26086 1663
26090 1664
26094 1664
26098 1664
26102 1665
26106 1665
26110 1665
26114 1665
26118 1665
26122 1666
26126 1666
26130 1666
26134 1667
26138 1667
26142 1667
26146 1667
26150 1667
26154 1668
26158 1668
26162 1668
26166 1669
26170 1669
26174 1669
26178 1669
26182 1670
26186 1670
26190 1670
26194 1670
26198 1671
26202 1671
26206 1671
26210 1671
26214 1672
26218 1672
26222 1672
26226 1672
26230 1673
26234 1673
26238 1673
26242 1673
26246 1674
26250 1674
26254 1674
26258 1674
26262 1675
26266 1675
26270 1675
26274 1675
26278 1676
26282 1676
26286 1676
26290 1676
26294 1677
26298 1677
26302 1677
26306 1677
26310 1678
26314 1678
26318 1678
26322 1679
26326 1679
26330 1679
26334 1679
26338 1679
26342 1680
26346 1680
26350 1680
26354 1681
26358 1681
26362 1681
26366 1681
26370 1681
26374 1682
26378 1682
26382 1682
26386 1683
26390 1683
26394 1683
26398 1683
26402 1684
26406 1684
26410 1684
26414 1684
26418 1685
26422 1685
26426 1685
26430 1685
26434 1686
26438 1686
26442 1686
26446 1687
26450 1687
26454 1687
26458 1687
26462 1688
26466 1688
26470 1688
26474 1688
26478 1689
26482 1689
26486 1689
26490 1689
26494 1690
26498 1690
26502 1690
26506 1690
26510 1691
26514 1691
26518 1691
26522 1691
26526 1692
26530 1692
26534 1692
26538 1693
26542 1693
26546 1693
26550 1693
26554 1693
26558 1694
26562 1694
26566 1694
26570 1695
26574 1695
26578 1695
26582 1695
26586 1695
26590 1696
26594 1696
26598 1696
26602 1697
26606 1697
26610 1697
26614 1697
26618 1697
26622 1698
26626 1698
26630 1698
26634 1699
26638 1699
26642 1699
26646 1699
26650 1700
26654 1700
26658 1700
26662 1700
26666 1701
26670 1701
26674 1701
26678 1701
26682 1702
26686 1702
26690 1702
26694 1702
26698 1703
26702 1703
26706 1703
26710 1703
26714 1704
26718 1704
26722 1704
26726 1704
26730 1705
26734 1705
26738 1705
26742 1705
26746 1706
26750 1706
26754 1706
26758 1706
26762 1707
26766 1707
26770 1707
26774 1707
26778 1708
26782 1708
26786 1708
26790 1708
26794 1709
26798 1709
26802 1709
26806 1709
26810 1710
26814 1710
26818 1710
26822 1710
26826 1711
26830 1711
26834 1711
26838 1711
26842 1712
26846 1712
26850 1712
26854 1712
26858 1713
26862 1713
26866 1713
26870 1713
26874 1714
26878 1714
26882 1714
26886 1714
26890 1715
26894 1715
26898 1715
26902 1715
26906 1716
26910 1716
26914 1716
26918 1716
26922 1717
26926 1717
26930 1717
26934 1717
26938 1718
26942 1718
26946 1718
26950 1718
26954 1719
26958 1719
26962 1719
26966 1719
26970 1719
26974 1720
26978 1720
26982 1720
26986 1721
26990 1721
26994 1721
26998 1721
27002 1721
27006 1722
27010 1722
27014 1722
27018 1723
27022 1723
27026 1723
27030 1723
27034 1724
27038 1724
27042 1724
27046 1724
27050 1725
27054 1725
27058 1725
27062 1725
27066 1726
27070 1726
27074 1726
27078 1726
27082 1727
27086 1727
27090 1727
27094 1727
27098 1728
27102 1728
27106 1728
27110 1728
27114 1729
27118 1729
27122 1729
27126 1729
27130 1730
27134 1730
27138 1730
27142 1730
27146 1731
27150 1731
27154 1731
27158 1731
27162 1732
27166 1732
27170 1732
27174 1732
27178 1733
27182 1733
27186 1733
27190 1733
27194 1734
27198 1734
27202 1734
27206 1734
27210 1735
27214 1735
27218 1735
27222 1735
27226 1736
27230 1736
27234 1736
27238 1737
27242 1737
27246 1737
27250 1737
27254 1737
27258 1738
27262 1738
27266 1738
27270 1739
27274 1739
27278 1739
27282 1739
27286 1739
27290 1740
27294 1740
27298 1740
27302 1741
27306 1741
27310 1741
27314 1741
27318 1741
27322 1742
27326 1742
27330 1742
27334 1743
27338 1743
27342 1743
27346 1743
27350 1743
27354 1744
27358 1744
27362 1744
27366 1745
27370 1745
27374 1745
27378 1745
27382 1746
27386 1746
27390 1746
27394 1746
27398 1747
27402 1747
27406 1747
27410 1747
27414 1748
27418 1748
27422 1748
27426 1748
27430 1749
27434 1749
27438 1749
27442 1749
27446 1750
27450 1750
27454 1750
27458 1750
27462 1751
27466 1751
27470 1751
27474 1751
27478 1752
27482 1752
27486 1752
27490 1752
27494 1753
27498 1753
27502 1753
27506 1753
27510 1754
27514 1754
27518 1754
27522 1755
27526 1755
27530 1755
27534 1755
27538 1755
27542 1756
27546 1756
27550 1756
27554 1757
27558 1757
27562 1757
27566 1757
27570 1757
27574 1758
27578 1758
27582 1758
27586 1759
27590 1759
27594 1759
27598 1759
27602 1760
27606 1760
27610 1760
27614 1760
27618 1761
27622 1761
27626 1761
27630 1761
27634 1762
27638 1762
27642 1762
27646 1762
27650 1763
27654 1763
27658 1763
27662 1763
27666 1764
27670 1764
27674 1764
27678 1764
27682 1765
27686 1765
27690 1765
27694 1765
27698 1766
27702 1766
27706 1766
27710 1766
27714 1767
27718 1767
27722 1767
27726 1767
27730 1768
27734 1768
27738 1768
27742 1768
27746 1769
27750 1769
27754 1769
27758 1769
27762 1770
27766 1770
27770 1770
27774 1770
27778 1771
27782 1771
27786 1771
27790 1771
27794 1771
27798 1772
27802 1772
27806 1772
27810 1773
27814 1773
27818 1773
27822 1773
27826 1773
27830 1774
27834 1774
27838 1774
27842 1775
27846 1775
27850 1775
27854 1775
27858 1775
27862 1776
27866 1776
27870 1776
27874 1777
27878 1777
27882 1777
27886 1777
27890 1777
27894 1778
27898 1778
27902 1778
27906 1779
27910 1779
27914 1779
27918 1779
27922 1779
27926 1780
27930 1780
27934 1780
27938 1781
27942 1781
27946 1781
27950 1781
27954 1781
27958 1782
27962 1782
27966 1782
27970 1783
27974 1783
27978 1783
27982 1783
27986 1783
27990 1784
27994 1784
27998 1784
28002 1785
28006 1785
28010 1785
28014 1785
28018 1785
28022 1786
28026 1786
28030 1786
28034 1786
28038 1787
28042 1787
28046 1787
28050 1787
28054 1788
28058 1788
28062 1788
28066 1788
28070 1789
28074 1789
28078 1789
28082 1789
28086 1790
28090 1790
28094 1790
28098 1790
28102 1791
28106 1791
28110 1791
28114 1791
28118 1792
28122 1792
28126 1792
28130 1792
28134 1793
28138 1793
28142 1793
28146 1793
28150 1794
28154 1794
28158 1794
28162 1794
28166 1795
28170 1795
28174 1795
28178 1795
28182 1795
28186 1796
28190 1796
28194 1796
28198 1797
28202 1797
28206 1797
28210 1797
28214 1797
28218 1798
28222 1798
28226 1798
28230 1799
28234 1799
28238 1799
28242 1799
28246 1799
28250 1800
28254 1800
28258 1800
28262 1801
28266 1801
28270 1801
28274 1801
28278 1801
28282 1802
28286 1802
28290 1802
28294 1802
28298 1803
28302 1803
28306 1803
28310 1803
28314 1804
28318 1804
28322 1804
28326 1805
28330 1805
28334 1805
28338 1805
28342 1805
28346 1806
28350 1806
28354 1806
28358 1807
28362 1807
28366 1807
28370 1807
28374 1807
28378 1808
28382 1808
28386 1808
28390 1809
28394 1809
28398 1809
28402 1809
28406 1809
28410 1810
28414 1810
28418 1810
28422 1811
28426 1811
28430 1811
28434 1811
28438 1811
28442 1812
28446 1812
28450 1812
28454 1813
28458 1813
28462 1813
28466 1813
28470 1814
28474 1814
28478 1814
28482 1814
28486 1815
28490 1815
28494 1815
28498 1815
28502 1816
28506 1816
28510 1816
28514 1816
28518 1817
28522 1817
28526 1817
28530 1817
28534 1817
28538 1818
28542 1818
28546 1818
28550 1819
28554 1819
28558 1819
28562 1819
28566 1820
28570 1820
28574 1820
28578 1820
28582 1821
28586 1821
28590 1821
28594 1821
28598 1822
28602 1822
28606 1822
28610 1822
28614 1823
28618 1823
28622 1823
28626 1823
28630 1824
28634 1824
28638 1824
28642 1824
28646 1825
28650 1825
28654 1825
28658 1825
28662 1826
28666 1826
28670 1826
28674 1827
28678 1827
28682 1827
28686 1827
28690 1827
28694 1828
28698 1828
28702 1828
28706 1829
28710 1829
28714 1829
28718 1829
28722 1830
28726 1830
28730 1830
28734 1830
28738 1831
28742 1831
28746 1831
28750 1831
28754 1832
28758 1832
28762 1832
28766 1832
28770 1833
28774 1833
28778 1833
28782 1833
28786 1834
28790 1834
28794 1834
28798 1834
28802 1835
28806 1835
28810 1835
28814 1835
28818 1836
28822 1836
28826 1836
28830 1836
28834 1837
28838 1837
28842 1837
28846 1837
28850 1838
28854 1838
28858 1838
28862 1838
28866 1839
28870 1839
28874 1839
28878 1839
28882 1840
28886 1840
28890 1840
28894 1840
28898 1841
28902 1841
28906 1841
28910 1841
28914 1842
28918 1842
28922 1842
28926 1842
28930 1843
28934 1843
28938 1843
28942 1843
28946 1844
28950 1844
28954 1844
28958 1845
28962 1845
28966 1845
28970 1845
28974 1845
28978 1846
28982 1846
28986 1846
28990 1847
28994 1847
28998 1847
29002 1847
29006 1847
29010 1848
29014 1848
29018 1848
29022 1848
29026 1849
29030 1849
29034 1849
29038 1849
29042 1850
29046 1850
29050 1850
29054 1851
29058 1851
29062 1851
29066 1851
29070 1851
29074 1852
29078 1852
29082 1852
29086 1853
29090 1853
29094 1853
29098 1853
29102 1853
29106 1854
29110 1854
29114 1854
29118 1855
29122 1855
29126 1855
29130 1855
29134 1855
29138 1856
29142 1856
29146 1856
29150 1857
29154 1857
29158 1857
29162 1857
29166 1858
29170 1858
29174 1858
29178 1858
29182 1859
29186 1859
29190 1859
29194 1859
29198 1860
29202 1860
29206 1860
29210 1860
29214 1861
29218 1861
29222 1861
29226 1861
29230 1862
29234 1862
29238 1862
29242 1862
29246 1863
29250 1863
29254 1863
29258 1863
29262 1864
29266 1864
29270 1864
29274 1864
29278 1865
29282 1865
29286 1865
29290 1865
29294 1866
29298 1866
29302 1866
29306 1866
29310 1867
29314 1867
29318 1867
29322 1867
29326 1868
29330 1868
29334 1868
29338 1868
29342 1869
29346 1869
29350 1869
29354 1869
29358 1870
29362 1870
29366 1870
29370 1870
29374 1871
29378 1871
29382 1871
29386 1871
29390 1872
29394 1872
29398 1872
29402 1872
29406 1873
29410 1873
29414 1873
29418 1873
29422 1874
29426 1874
29430 1874
29434 1874
29438 1875
29442 1875
29446 1875
29450 1875
29454 1876
29458 1876
29462 1876
29466 1876
29470 1877
29474 1877
29478 1877
29482 1877
29486 1878
29490 1878
29494 1878
29498 1878
29502 1879
29506 1879
29510 1879
29514 1879
29518 1880
29522 1880
29526 1880
29530 1881
29534 1881
29538 1881
29542 1881
29546 1881
29550 1882
29554 1882
29558 1882
29562 1883
29566 1883
29570 1883
29574 1883
29578 1883
29582 1884
29586 1884
29590 1884
29594 1885
29598 1885
29602 1885
29606 1885
29610 1885
29614 1886
29618 1886
29622 1886
29626 1887
29630 1887
29634 1887
29638 1887
29642 1888
29646 1888
29650 1888
29654 1888
29658 1889
29662 1889
29666 1889
29670 1889
29674 1890
29678 1890
29682 1890
29686 1890
29690 1891
29694 1891
29698 1891
29702 1891
29706 1891
29710 1892
29714 1892
29718 1892
29722 1893
29726 1893
29730 1893
29734 1893
29738 1893
29742 1894
29746 1894
29750 1894
29754 1895
29758 1895
29762 1895
29766 1895
29770 1896
29774 1896
29778 1896
29782 1896
29786 1897
29790 1897
29794 1897
29798 1897
29802 1898
29806 1898
29810 1898
29814 1898
29818 1899
29822 1899
29826 1899
29830 1899
29834 1900
29838 1900
29842 1900
29846 1900
29850 1901
29854 1901
29858 1901
29862 1901
29866 1902
29870 1902
29874 1902
29878 1903
29882 1903
29886 1903
29890 1903
29894 1903
29898 1904
29902 1904
29906 1904
29910 1905
29914 1905
29918 1905
29922 1905
29926 1906
29930 1906
29934 1906
29938 1906
29942 1907
29946 1907
29950 1907
29954 1907
29958 1908
29962 1908
29966 1908
29970 1908
29974 1909
29978 1909
29982 1909
29986 1909
29990 1910
29994 1910
29998 1910
