10 0
14 0
18 0
22 0
26 1
30 1
34 2
38 2
42 3
46 4
50 5
54 6
58 7
62 9
66 10
70 11
74 13
78 14
82 16
86 17
90 19
94 21
98 22
102 24
106 26
110 27
114 29
118 31
122 33
126 35
130 37
134 39
138 41
142 43
146 45
150 47
154 49
158 51
162 53
166 55
170 57
174 59
178 61
182 63
186 65
190 67
194 70
198 72
202 74
206 76
210 78
214 80
218 83
222 85
226 87
230 89
234 91
238 93
242 95
246 98
250 100
254 102
258 104
262 107
266 109
270 111
274 113
278 115
282 117
286 120
290 122
294 124
298 126
302 129
306 131
310 133
314 135
318 137
322 139
326 142
330 144
334 146
338 148
342 150
346 153
350 155
354 157
358 159
362 161
366 164
370 166
374 168
378 170
382 172
386 175
390 177
394 179
398 181
402 183
406 185
410 188
414 190
418 192
422 194
426 197
430 199
434 201
438 203
442 206
446 208
450 210
454 212
458 214
462 217
466 219
470 221
474 223
478 225
482 228
486 230
490 232
494 234
498 237
502 239
506 241
510 243
514 246
518 248
522 250
526 252
530 255
534 257
538 259
542 261
546 263
550 266
554 268
558 270
562 272
566 275
570 277
574 279
578 281
582 284
586 286
590 288
594 290
598 293
602 295
606 297
610 299
614 302
618 304
622 306
626 308
630 311
634 313
638 315
642 317
646 320
650 322
654 324
658 327
662 329
666 331
670 333
674 335
678 338
682 340
686 342
690 345
694 347
698 349
702 351
706 354
710 356
714 358
718 360
722 363
726 365
730 367
734 370
738 372
742 374
746 376
750 379
754 381
758 383
762 385
766 388
770 390
774 392
778 395
782 397
786 399
790 401
794 404
798 406
802 408
806 411
810 413
814 415
818 417
822 420
826 422
830 424
834 426
838 429
842 431
846 433
850 435
854 438
858 440
862 442
866 445
870 447
874 449
878 451
882 453
886 456
890 458
894 460
898 463
902 465
906 467
910 469
914 471
918 474
922 476
926 478
930 480
934 483
938 485
942 487
946 489
950 491
954 494
958 496
962 498
966 500
970 503
974 505
978 507
982 509
986 511
990 514
994 516
998 518
1002 520
1006 522
1010 525
1014 527
1018 529
1022 531
1026 533
1030 536
1034 538
1038 540
1042 542
1046 545
1050 547
1054 549
1058 551
1062 553
1066 556
1070 558
1074 560
1078 562
1082 565
1086 567
1090 569
1094 571
1098 573
1102 576
1106 578
1110 580
1114 582
1118 585
1122 587
1126 589
1130 591
1134 593
1138 596
1142 598
1146 600
1150 603
1154 605
1158 607
1162 609
1166 611
1170 614
1174 616
1178 618
1182 620
1186 623
1190 625
1194 627
1198 629
1202 632
1206 634
1210 636
1214 638
1218 641
1222 643
1226 645
1230 647
1234 650
1238 652
1242 654
1246 656
1250 659
1254 661
1258 663
1262 665
1266 668
1270 670
1274 672
1278 674
1282 677
1286 679
1290 681
1294 683
1298 686
1302 688
1306 690
1310 693
1314 695
1318 697
1322 699
1326 702
1330 704
1334 706
1338 709
1342 711
1346 713
1350 715
1354 717
1358 720
1362 722
1366 724
1370 727
1374 729
1378 731
1382 733
1386 736
1390 738
1394 740
1398 743
1402 745
1406 747
1410 749
1414 752
1418 754
1422 756
1426 758
1430 761
1434 763
1438 765
1442 767
1446 770
1450 772
1454 774
1458 777
1462 779
1466 781
1470 783
1474 786
1478 788
1482 790
1486 793
1490 795
1494 797
1498 799
1502 801
1506 804
1510 806
1514 808
1518 811
1522 813
1526 815
1530 817
1534 819
1538 822
1542 824
1546 826
1550 829
1554 831
1558 833
1562 835
1566 837
1570 840
1574 842
1578 844
1582 846
1586 849
1590 851
1594 853
1598 855
1602 857
1606 860
1610 862
1614 864
1618 866
1622 869
1626 871
1630 873
1634 875
1638 877
1642 880
1646 882
1650 884
1654 886
1658 889
1662 891
1666 893
1670 895
1674 897
1678 900
1682 902
1686 904
1690 906
1694 908
1698 911
1702 913
1706 915
1710 917
1714 920
1718 922
1722 924
1726 926
1730 929
1734 931
1738 933
1742 935
1746 937
1750 940
1754 942
1758 944
1762 946
1766 949
1770 951
1774 953
1778 955
1782 957
1786 960
1790 962
1794 964
1798 967
1802 969
1806 971
1810 973
1814 975
1818 978
1822 980
1826 982
1830 984
1834 987
1838 989
1842 991
1846 993
1850 996
1854 998
1858 1000
1862 1002
1866 1005
1870 1007
1874 1009
1878 1011
1882 1013
1886 1016
1890 1018
1894 1020
1898 1023
1902 1025
1906 1027
1910 1029
1914 1032
1918 1034
1922 1036
1926 1038
1930 1041
1934 1043
1938 1045
1942 1047
1946 1050
1950 1052
1954 1054
1958 1057
1962 1059
1966 1061
1970 1063
1974 1066
1978 1068
1982 1070
1986 1072
1990 1075
1994 1077
1998 1079
2002 1081
2006 1084
2010 1086
2014 1088
2018 1091
2022 1093
2026 1095
2030 1097
2034 1100
2038 1102
2042 1104
2046 1107
2050 1109
2054 1111
2058 1113
2062 1116
2066 1118
2070 1120
2074 1123
2078 1125
2082 1127
2086 1129
2090 1131
2094 1134
2098 1136
2102 1139
2106 1141
2110 1143
2114 1145
2118 1147
2122 1150
2126 1152
2130 1154
2134 1157
2138 1159
2142 1161
2146 1163
2150 1166
2154 1168
2158 1170
2162 1172
2166 1175
2170 1177
2174 1179
2178 1181
2182 1184
2186 1186
2190 1188
2194 1190
2198 1193
2202 1195
2206 1197
2210 1199
2214 1201
2218 1204
2222 1206
2226 1208
2230 1210
2234 1213
2238 1215
2242 1217
2246 1219
2250 1221
2254 1224
2258 1226
2262 1228
2266 1230
2270 1233
2274 1235
2278 1237
2282 1239
2286 1241
2290 1243
2294 1246
2298 1248
2302 1250
2306 1252
2310 1255
2314 1257
2318 1259
2322 1261
2326 1263
2330 1266
2334 1268
2338 1270
2342 1272
2346 1275
2350 1277
2354 1279
2358 1281
2362 1283
2366 1286
2370 1288
2374 1290
2378 1292
2382 1295
2386 1297
2390 1299
2394 1301
2398 1303
2402 1306
2406 1308
2410 1310
2414 1312
2418 1315
2422 1317
2426 1319
2430 1321
2434 1324
2438 1326
2442 1328
2446 1330
2450 1333
2454 1335
2458 1337
2462 1339
2466 1341
2470 1344
2474 1346
2478 1348
2482 1351
2486 1353
2490 1355
2494 1357
2498 1359
2502 1362
2506 1364
2510 1366
2514 1368
2518 1371
2522 1373
2526 1375
2530 1377
2534 1380
2538 1382
2542 1384
2546 1387
2550 1389
2554 1391
2558 1393
2562 1395
2566 1398
2570 1400
2574 1402
2578 1405
2582 1407
2586 1409
2590 1411
2594 1414
2598 1416
2602 1418
2606 1421
2610 1423
2614 1425
2618 1427
2622 1430
2626 1432
2630 1434
2634 1436
2638 1439
2642 1441
2646 1443
2650 1445
2654 1448
2658 1450
2662 1452
2666 1455
2670 1457
2674 1459
2678 1461
2682 1464
2686 1466
2690 1468
2694 1471
2698 1473
2702 1475
2706 1477
2710 1480
2714 1482
2718 1484
2722 1486
2726 1489
2730 1491
2734 1493
2738 1495
2742 1498
2746 1500
2750 1502
2754 1505
2758 1507
2762 1509
2766 1511
2770 1514
2774 1516
2778 1518
2782 1520
2786 1523
2790 1525
2794 1527
2798 1529
2802 1532
2806 1534
2810 1536
2814 1538
2818 1541
2822 1543
2826 1545
2830 1547
2834 1550
2838 1552
2842 1554
2846 1556
2850 1559
2854 1561
2858 1563
2862 1565
2866 1568
2870 1570
2874 1572
2878 1574
2882 1576
2886 1579
2890 1581
2894 1583
2898 1585
2902 1587
2906 1590
2910 1592
2914 1594
2918 1596
2922 1599
2926 1601
2930 1603
2934 1605
2938 1607
2942 1610
2946 1612
2950 1614
2954 1616
2958 1619
2962 1621
2966 1623
2970 1625
2974 1627
2978 1629
2982 1632
2986 1634
2990 1636
2994 1639
2998 1641
3002 1643
3006 1645
3010 1647
3014 1649
3018 1652
3022 1654
3026 1656
3030 1658
3034 1661
3038 1663
3042 1665
3046 1667
3050 1670
3054 1672
3058 1674
3062 1676
3066 1679
3070 1681
3074 1683
3078 1685
3082 1687
3086 1690
3090 1692
3094 1694
3098 1696
3102 1699
3106 1701
3110 1703
3114 1705
3118 1708
3122 1710
3126 1712
3130 1714
3134 1717
3138 1719
3142 1721
3146 1723
3150 1725
3154 1728
3158 1730
3162 1732
3166 1735
3170 1737
3174 1739
3178 1741
3182 1744
3186 1746
3190 1748
3194 1750
3198 1753
3202 1755
3206 1757
3210 1759
3214 1762
3218 1764
3222 1766
3226 1769
3230 1771
3234 1773
3238 1775
3242 1777
3246 1780
3250 1782
3254 1784
3258 1787
3262 1789
3266 1791
3270 1793
3274 1796
3278 1798
3282 1800
3286 1803
3290 1805
3294 1807
3298 1809
3302 1812
3306 1814
3310 1816
3314 1819
3318 1821
3322 1823
3326 1825
3330 1827
3334 1830
3338 1832
3342 1834
3346 1837
3350 1839
3354 1841
3358 1843
3362 1846
3366 1848
3370 1850
3374 1853
3378 1855
3382 1857
3386 1859
3390 1862
3394 1864
3398 1866
3402 1868
3406 1871
3410 1873
3414 1875
3418 1877
3422 1880
3426 1882
3430 1884
3434 1887
3438 1889
3442 1891
3446 1893
3450 1895
3454 1898
3458 1900
3462 1902
3466 1905
3470 1907
3474 1909
3478 1911
3482 1913
3486 1916
3490 1918
3494 1920
3498 1923
3502 1925
3506 1927
3510 1929
3514 1931
3518 1934
3522 1936
3526 1938
3530 1940
3534 1942
3538 1945
3542 1947
3546 1949
3550 1951
3554 1953
3558 1956
3562 1958
3566 1960
3570 1962
3574 1965
3578 1967
3582 1969
3586 1971
3590 1973
3594 1976
3598 1978
3602 1980
3606 1982
3610 1985
3614 1987
3618 1989
3622 1991
3626 1993
3630 1995
3634 1998
3638 2000
3642 2002
3646 2005
3650 2007
3654 2009
3658 2011
3662 2013
3666 2015
3670 2018
3674 2020
3678 2022
3682 2025
3686 2027
3690 2029
3694 2031
3698 2033
3702 2036
3706 2038
3710 2040
3714 2042
3718 2045
3722 2047
3726 2049
3730 2051
3734 2053
3738 2056
3742 2058
3746 2060
3750 2062
3754 2065
3758 2067
3762 2069
3766 2071
3770 2074
3774 2076
3778 2078
3782 2080
3786 2083
3790 2085
3794 2087
3798 2089
3802 2092
3806 2094
3810 2096
3814 2099
3818 2101
3822 2103
3826 2105
3830 2107
3834 2110
3838 2112
3842 2114
3846 2116
3850 2119
3854 2121
3858 2123
3862 2126
3866 2128
3870 2130
3874 2132
3878 2135
3882 2137
3886 2139
3890 2141
3894 2144
3898 2146
3902 2148
3906 2151
3910 2153
3914 2155
3918 2157
3922 2159
3926 2162
3930 2164
3934 2166
3938 2169
3942 2171
3946 2173
3950 2175
3954 2178
3958 2180
3962 2182
3966 2185
3970 2187
3974 2189
3978 2191
3982 2194
3986 2196
3990 2198
3994 2201
3998 2203
4002 2205
4006 2207
4010 2210
4014 2212
4018 2214
4022 2217
4026 2219
4030 2221
4034 2223
4038 2226
4042 2228
4046 2230
4050 2232
4054 2235
4058 2237
4062 2239
4066 2241
4070 2244
4074 2246
4078 2248
4082 2250
4086 2253
4090 2255
4094 2257
4098 2259
4102 2262
4106 2264
4110 2266
4114 2269
4118 2271
4122 2273
4126 2275
4130 2277
4134 2279
4138 2282
4142 2284
4146 2286
4150 2289
4154 2291
4158 2293
4162 2295
4166 2297
4170 2300
4174 2302
4178 2304
4182 2306
4186 2309
4190 2311
4194 2313
4198 2315
4202 2317
4206 2319
4210 2322
4214 2324
4218 2326
4222 2328
4226 2331
4230 2333
4234 2335
4238 2337
4242 2339
4246 2342
4250 2344
4254 2346
4258 2348
4262 2350
4266 2353
4270 2355
4274 2357
4278 2359
4282 2361
4286 2364
4290 2366
4294 2368
4298 2370
4302 2373
4306 2375
4310 2377
4314 2379
4318 2381
4322 2384
4326 2386
4330 2388
4334 2390
4338 2393
4342 2395
4346 2397
4350 2399
4354 2401
4358 2404
4362 2406
4366 2408
4370 2411
4374 2413
4378 2415
4382 2417
4386 2419
4390 2422
4394 2424
4398 2426
4402 2428
4406 2431
4410 2433
4414 2435
4418 2437
4422 2440
4426 2442
4430 2444
4434 2446
4438 2449
4442 2451
4446 2453
4450 2455
4454 2458
4458 2460
4462 2462
4466 2464
4470 2467
4474 2469
4478 2471
4482 2473
4486 2476
4490 2478
4494 2480
4498 2482
4502 2485
4506 2487
4510 2489
4514 2491
4518 2494
4522 2496
4526 2498
4530 2501
4534 2503
4538 2505
4542 2507
4546 2510
4550 2512
4554 2514
4558 2517
4562 2519
4566 2521
4570 2523
4574 2526
4578 2528
4582 2530
4586 2532
4590 2535
4594 2537
4598 2539
4602 2541
4606 2544
4610 2546
4614 2548
4618 2551
4622 2553
4626 2555
4630 2557
4634 2560
4638 2562
4642 2564
4646 2567
4650 2569
4654 2571
4658 2573
4662 2576
4666 2578
4670 2580
4674 2582
4678 2585
4682 2587
4686 2589
4690 2591
4694 2594
4698 2596
4702 2598
4706 2601
4710 2603
4714 2605
4718 2607
4722 2609
4726 2612
4730 2614
4734 2616
4738 2619
4742 2621
4746 2623
4750 2625
4754 2627
4758 2630
4762 2632
4766 2634
4770 2636
4774 2639
4778 2641
4782 2643
4786 2645
4790 2648
4794 2650
4798 2652
4802 2654
4806 2657
4810 2659
4814 2661
4818 2663
4822 2665
4826 2668
4830 2670
4834 2672
4838 2674
4842 2677
4846 2679
4850 2681
4854 2683
4858 2685
4862 2687
4866 2690
4870 2692
4874 2694
4878 2696
4882 2699
4886 2701
4890 2703
4894 2705
4898 2707
4902 2710
4906 2712
4910 2714
4914 2716
4918 2719
4922 2721
4926 2723
4930 2725
4934 2727
4938 2730
4942 2732
4946 2734
4950 2736
4954 2739
4958 2741
4962 2743
4966 2745
4970 2748
4974 2750
4978 2752
4982 2754
4986 2757
4990 2759
4994 2761
4998 2763
5002 2766
5006 2768
5010 2770
5014 2772
5018 2775
5022 2777
5026 2779
5030 2781
5034 2783
5038 2786
5042 2788
5046 2790
5050 2793
5054 2795
5058 2797
5062 2799
5066 2801
5070 2804
5074 2806
5078 2808
5082 2811
5086 2813
5090 2815
5094 2817
5098 2819
5102 2822
5106 2824
5110 2826
5114 2829
5118 2831
5122 2833
5126 2835
5130 2838
5134 2840
5138 2842
5142 2844
5146 2847
5150 2849
5154 2851
5158 2853
5162 2856
5166 2858
5170 2860
5174 2863
5178 2865
5182 2867
5186 2869
5190 2872
5194 2874
5198 2876
5202 2878
5206 2881
5210 2883
5214 2885
5218 2887
5222 2890
5226 2892
5230 2894
5234 2897
5238 2899
5242 2901
5246 2903
5250 2906
5254 2908
5258 2910
5262 2913
5266 2915
5270 2917
5274 2919
5278 2922
5282 2924
5286 2926
5290 2929
5294 2931
5298 2933
5302 2935
5306 2938
5310 2940
5314 2942
5318 2945
5322 2947
5326 2949
5330 2951
5334 2953
5338 2956
5342 2958
5346 2960
5350 2963
5354 2965
5358 2967
5362 2969
5366 2971
5370 2974
5374 2976
5378 2978
5382 2981
5386 2983
5390 2985
5394 2987
5398 2990
5402 2992
5406 2994
5410 2996
5414 2998
5418 3001
5422 3003
5426 3005
5430 3007
5434 3010
5438 3012
5442 3014
5446 3016
5450 3019
5454 3021
5458 3023
5462 3025
5466 3027
5470 3029
5474 3032
5478 3034
5482 3036
5486 3038
5490 3041
5494 3043
5498 3045
5502 3047
5506 3049
5510 3051
5514 3054
5518 3056
5522 3058
5526 3060
5530 3063
5534 3065
5538 3067
5542 3069
5546 3071
5550 3074
5554 3076
5558 3078
5562 3080
5566 3083
5570 3085
5574 3087
5578 3089
5582 3091
5586 3094
5590 3096
5594 3098
5598 3100
5602 3103
5606 3105
5610 3107
5614 3109
5618 3111
5622 3114
5626 3116
5630 3118
5634 3120
5638 3123
5642 3125
5646 3127
5650 3129
5654 3131
5658 3134
5662 3136
5666 3138
5670 3140
5674 3143
5678 3145
5682 3147
5686 3149
5690 3152
5694 3154
5698 3156
5702 3158
5706 3161
5710 3163
5714 3165
5718 3167
5722 3170
5726 3172
5730 3174
5734 3176
5738 3179
5742 3181
5746 3183
5750 3185
5754 3188
5758 3190
5762 3192
5766 3194
5770 3197
5774 3199
5778 3201
5782 3203
5786 3206
5790 3208
5794 3210
5798 3213
5802 3215
5806 3217
5810 3219
5814 3222
5818 3224
5822 3226
5826 3228
5830 3231
5834 3233
5838 3235
5842 3237
5846 3240
5850 3242
5854 3244
5858 3247
5862 3249
5866 3251
5870 3253
5874 3256
5878 3258
5882 3260
5886 3263
5890 3265
5894 3267
5898 3269
5902 3272
5906 3274
5910 3276
5914 3278
5918 3281
5922 3283
5926 3285
5930 3287
5934 3290
5938 3292
5942 3294
5946 3297
5950 3299
5954 3301
5958 3303
5962 3306
5966 3308
5970 3310
5974 3313
5978 3315
5982 3317
5986 3319
5990 3321
5994 3324
5998 3326
6002 3328
6006 3331
6010 3333
6014 3335
6018 3337
6022 3339
6026 3342
6030 3344
6034 3346
6038 3349
6042 3351
6046 3353
6050 3355
6054 3357
6058 3360
6062 3362
6066 3364
6070 3366
6074 3369
6078 3371
6082 3373
6086 3375
6090 3377
6094 3380
6098 3382
6102 3384
6106 3387
6110 3389
6114 3391
6118 3393
6122 3395
6126 3397
6130 3400
6134 3402
6138 3404
6142 3406
6146 3409
6150 3411
6154 3413
6158 3415
6162 3417
6166 3420
6170 3422
6174 3424
6178 3426
6182 3429
6186 3431
6190 3433
6194 3435
6198 3438
6202 3440
6206 3442
6210 3444
6214 3447
6218 3449
6222 3451
6226 3453
6230 3455
6234 3458
6238 3460
6242 3462
6246 3464
6250 3467
6254 3469
6258 3471
6262 3473
6266 3475
6270 3478
6274 3480
6278 3482
6282 3485
6286 3487
6290 3489
6294 3491
6298 3493
6302 3496
6306 3498
6310 3500
6314 3502
6318 3505
6322 3507
6326 3509
6330 3511
6334 3514
6338 3516
6342 3518
6346 3521
6350 3523
6354 3525
6358 3527
6362 3529
6366 3532
6370 3534
6374 3536
6378 3538
6382 3541
6386 3543
6390 3545
6394 3547
6398 3550
6402 3552
6406 3554
6410 3557
6414 3559
6418 3561
6422 3563
6426 3566
6430 3568
6434 3570
6438 3572
6442 3575
6446 3577
6450 3579
6454 3581
6458 3584
6462 3586
6466 3588
6470 3591
6474 3593
6478 3595
6482 3597
6486 3600
6490 3602
6494 3604
6498 3607
6502 3609
6506 3611
6510 3613
6514 3615
6518 3618
6522 3620
6526 3622
6530 3625
6534 3627
6538 3629
6542 3631
6546 3634
6550 3636
6554 3638
6558 3641
6562 3643
6566 3645
6570 3647
6574 3650
6578 3652
6582 3654
6586 3657
6590 3659
6594 3661
6598 3663
6602 3665
6606 3668
6610 3670
6614 3672
6618 3675
6622 3677
6626 3679
6630 3681
6634 3684
6638 3686
6642 3688
6646 3690
6650 3693
6654 3695
6658 3697
6662 3699
6666 3702
6670 3704
6674 3706
6678 3709
6682 3711
6686 3713
6690 3715
6694 3717
6698 3720
6702 3722
6706 3724
6710 3726
6714 3729
6718 3731
6722 3733
6726 3735
6730 3737
6734 3740
6738 3742
6742 3744
6746 3746
6750 3749
6754 3751
6758 3753
6762 3755
6766 3757
6770 3759
6774 3762
6778 3764
6782 3766
6786 3768
6790 3771
6794 3773
6798 3775
6802 3777
6806 3779
6810 3781
6814 3784
6818 3786
6822 3788
6826 3790
6830 3793
6834 3795
6838 3797
6842 3799
6846 3801
6850 3804
6854 3806
6858 3808
6862 3810
6866 3813
6870 3815
6874 3817
6878 3819
6882 3821
6886 3824
6890 3826
6894 3828
6898 3830
6902 3833
6906 3835
6910 3837
6914 3839
6918 3841
6922 3844
6926 3846
6930 3848
6934 3850
6938 3853
6942 3855
6946 3857
6950 3859
6954 3861
6958 3864
6962 3866
6966 3868
6970 3871
6974 3873
6978 3875
6982 3877
6986 3879
6990 3882
6994 3884
6998 3886
7002 3888
7006 3891
7010 3893
7014 3895
7018 3897
7022 3900
7026 3902
7030 3904
7034 3906
7038 3909
7042 3911
7046 3913
7050 3915
7054 3918
7058 3920
7062 3922
7066 3925
7070 3927
7074 3929
7078 3931
7082 3934
7086 3936
7090 3938
7094 3940
7098 3943
7102 3945
7106 3947
7110 3949
7114 3952
7118 3954
7122 3956
7126 3959
7130 3961
7134 3963
7138 3965
7142 3968
7146 3970
7150 3972
7154 3975
7158 3977
7162 3979
7166 3981
7170 3983
7174 3986
7178 3988
7182 3990
7186 3993
7190 3995
7194 3997
7198 3999
7202 4002
7206 4004
7210 4006
7214 4009
7218 4011
7222 4013
7226 4015
7230 4018
7234 4020
7238 4022
7242 4025
7246 4027
7250 4029
7254 4031
7258 4033
7262 4036
7266 4038
7270 4040
7274 4043
7278 4045
7282 4047
7286 4049
7290 4052
7294 4054
7298 4056
7302 4058
7306 4061
7310 4063
7314 4065
7318 4067
7322 4070
7326 4072
7330 4074
7334 4076
7338 4079
7342 4081
7346 4083
7350 4085
7354 4087
7358 4090
7362 4092
7366 4094
7370 4096
7374 4099
7378 4101
7382 4103
7386 4105
7390 4107
7394 4110
7398 4112
7402 4114
7406 4116
7410 4119
7414 4121
7418 4123
7422 4125
7426 4127
7430 4130
7434 4132
7438 4134
7442 4136
7446 4139
7450 4141
7454 4143
7458 4145
7462 4147
7466 4150
7470 4152
7474 4154
7478 4156
7482 4159
7486 4161
7490 4163
7494 4165
7498 4168
7502 4170
7506 4172
7510 4174
7514 4176
7518 4179
7522 4181
7526 4183
7530 4185
7534 4188
7538 4190
7542 4192
7546 4194
7550 4197
7554 4199
7558 4201
7562 4203
7566 4205
7570 4208
7574 4210
7578 4212
7582 4215
7586 4217
7590 4219
7594 4221
7598 4223
7602 4226
7606 4228
7610 4230
7614 4233
7618 4235
7622 4237
7626 4239
7630 4241
7634 4244
7638 4246
7642 4248
7646 4251
7650 4253
7654 4255
7658 4257
7662 4259
7666 4262
7670 4264
7674 4266
7678 4269
7682 4271
7686 4273
7690 4275
7694 4278
7698 4280
7702 4282
7706 4285
7710 4287
7714 4289
7718 4291
7722 4293
7726 4296
7730 4298
7734 4300
7738 4303
7742 4305
7746 4307
7750 4309
7754 4312
7758 4314
7762 4316
7766 4319
7770 4321
7774 4323
7778 4325
7782 4328
7786 4330
7790 4332
7794 4334
7798 4337
7802 4339
7806 4341
7810 4343
7814 4346
7818 4348
7822 4350
7826 4353
7830 4355
7834 4357
7838 4359
7842 4362
7846 4364
7850 4366
7854 4369
7858 4371
7862 4373
7866 4375
7870 4378
7874 4380
7878 4382
7882 4384
7886 4387
7890 4389
7894 4391
7898 4393
7902 4396
7906 4398
7910 4400
7914 4403
7918 4405
7922 4407
7926 4409
7930 4411
7934 4414
7938 4416
7942 4418
7946 4421
7950 4423
7954 4425
7958 4427
7962 4429
7966 4432
7970 4434
7974 4436
7978 4438
7982 4441
7986 4443
7990 4445
7994 4447
7998 4450
8002 4452
8006 4454
8010 4456
8014 4458
8018 4461
8022 4463
8026 4465
8030 4467
8034 4469
8038 4472
8042 4474
8046 4476
8050 4478
8054 4481
8058 4483
8062 4485
8066 4487
8070 4489
8074 4491
8078 4494
8082 4496
8086 4498
8090 4500
8094 4503
8098 4505
8102 4507
8106 4509
8110 4511
8114 4514
8118 4516
8122 4518
8126 4520
8130 4523
8134 4525
8138 4527
8142 4529
8146 4531
8150 4534
8154 4536
8158 4538
8162 4540
8166 4543
8170 4545
8174 4547
8178 4549
8182 4551
8186 4554
8190 4556
8194 4558
8198 4560
8202 4563
8206 4565
8210 4567
8214 4569
8218 4572
8222 4574
8226 4576
8230 4578
8234 4581
8238 4583
8242 4585
8246 4587
8250 4589
8254 4592
8258 4594
8262 4596
8266 4598
8270 4601
8274 4603
8278 4605
8282 4607
8286 4610
8290 4612
8294 4614
8298 4616
8302 4619
8306 4621
8310 4623
8314 4625
8318 4628
8322 4630
8326 4632
8330 4634
8334 4637
8338 4639
8342 4641
8346 4643
8350 4646
8354 4648
8358 4650
8362 4653
8366 4655
8370 4657
8374 4659
8378 4662
8382 4664
8386 4666
8390 4669
8394 4671
8398 4673
8402 4675
8406 4677
8410 4680
8414 4682
8418 4684
8422 4687
8426 4689
8430 4691
8434 4693
8438 4696
8442 4698
8446 4700
8450 4703
8454 4705
8458 4707
8462 4709
8466 4712
8470 4714
8474 4716
8478 4719
8482 4721
8486 4723
8490 4725
8494 4728
8498 4730
8502 4732
8506 4734
8510 4737
8514 4739
8518 4741
8522 4743
8526 4746
8530 4748
8534 4750
8538 4753
8542 4755
8546 4757
8550 4759
8554 4761
8558 4764
8562 4766
8566 4768
8570 4771
8574 4773
8578 4775
8582 4777
8586 4779
8590 4782
8594 4784
8598 4786
8602 4789
8606 4791
8610 4793
8614 4795
8618 4797
8622 4800
8626 4802
8630 4804
8634 4807
8638 4809
8642 4811
8646 4813
8650 4815
8654 4818
8658 4820
8662 4822
8666 4824
8670 4827
8674 4829
8678 4831
8682 4833
8686 4835
8690 4838
8694 4840
8698 4842
8702 4844
8706 4847
8710 4849
8714 4851
8718 4853
8722 4855
8726 4858
8730 4860
8734 4862
8738 4864
8742 4867
8746 4869
8750 4871
8754 4873
8758 4875
8762 4878
8766 4880
8770 4882
8774 4884
8778 4887
8782 4889
8786 4891
8790 4893
8794 4895
8798 4898
8802 4900
8806 4902
8810 4904
8814 4907
8818 4909
8822 4911
8826 4913
8830 4916
8834 4918
8838 4920
8842 4922
8846 4925
8850 4927
8854 4929
8858 4931
8862 4933
8866 4936
8870 4938
8874 4940
8878 4942
8882 4945
8886 4947
8890 4949
8894 4951
8898 4954
8902 4956
8906 4958
8910 4961
8914 4963
8918 4965
8922 4967
8926 4969
8930 4972
8934 4974
8938 4976
8942 4978
8946 4981
8950 4983
8954 4985
8958 4987
8962 4990
8966 4992
8970 4994
8974 4997
8978 4999
8982 5001
8986 5003
8990 5006
8994 5008
8998 5010
9002 5012
9006 5015
9010 5017
9014 5019
9018 5021
9022 5024
9026 5026
9030 5028
9034 5031
9038 5033
9042 5035
9046 5037
9050 5040
9054 5042
9058 5044
9062 5047
9066 5049
9070 5051
9074 5053
9078 5055
9082 5058
9086 5060
9090 5062
9094 5065
9098 5067
9102 5069
9106 5071
9110 5074
9114 5076
9118 5078
9122 5081
9126 5083
9130 5085
9134 5087
9138 5090
9142 5092
9146 5094
9150 5097
9154 5099
9158 5101
9162 5103
9166 5105
9170 5108
9174 5110
9178 5112
9182 5115
9186 5117
9190 5119
9194 5121
9198 5124
9202 5126
9206 5128
9210 5130
9214 5133
9218 5135
9222 5137
9226 5139
9230 5142
9234 5144
9238 5146
9242 5149
9246 5151
9250 5153
9254 5155
9258 5157
9262 5160
9266 5162
9270 5164
9274 5166
9278 5169
9282 5171
9286 5173
9290 5175
9294 5177
9298 5180
9302 5182
9306 5184
9310 5186
9314 5189
9318 5191
9322 5193
9326 5195
9330 5197
9334 5199
9338 5202
9342 5204
9346 5206
9350 5208
9354 5211
9358 5213
9362 5215
9366 5217
9370 5219
9374 5221
9378 5224
9382 5226
9386 5228
9390 5230
9394 5233
9398 5235
9402 5237
9406 5239
9410 5241
9414 5244
9418 5246
9422 5248
9426 5250
9430 5253
9434 5255
9438 5257
9442 5259
9446 5261
9450 5264
9454 5266
9458 5268
9462 5270
9466 5273
9470 5275
9474 5277
9478 5279
9482 5281
9486 5284
9490 5286
9494 5288
9498 5291
9502 5293
9506 5295
9510 5297
9514 5299
9518 5301
9522 5304
9526 5306
9530 5308
9534 5311
9538 5313
9542 5315
9546 5317
9550 5319
9554 5322
9558 5324
9562 5326
9566 5329
9570 5331
9574 5333
9578 5335
9582 5337
9586 5340
9590 5342
9594 5344
9598 5347
9602 5349
9606 5351
9610 5353
9614 5355
9618 5358
9622 5360
9626 5362
9630 5365
9634 5367
9638 5369
9642 5371
9646 5374
9650 5376
9654 5378
9658 5381
9662 5383
9666 5385
9670 5387
9674 5390
9678 5392
9682 5394
9686 5396
9690 5399
9694 5401
9698 5403
9702 5405
9706 5408
9710 5410
9714 5412
9718 5415
9722 5417
9726 5419
9730 5421
9734 5424
9738 5426
9742 5428
9746 5431
9750 5433
9754 5435
9758 5437
9762 5440
9766 5442
9770 5444
9774 5446
9778 5449
9782 5451
9786 5453
9790 5455
9794 5458
9798 5460
9802 5462
9806 5465
9810 5467
9814 5469
9818 5471
9822 5473
9826 5476
9830 5478
9834 5480
9838 5483
9842 5485
9846 5487
9850 5489
9854 5492
9858 5494
9862 5496
9866 5498
9870 5501
9874 5503
9878 5505
9882 5507
9886 5510
9890 5512
9894 5514
9898 5516
9902 5519
9906 5521
9910 5523
9914 5525
9918 5527
9922 5530
9926 5532
9930 5534
9934 5536
9938 5539
9942 5541
9946 5543
9950 5545
9954 5547
9958 5550
9962 5552
9966 5554
9970 5556
9974 5559
9978 5561
9982 5563
9986 5565
9990 5567
9994 5570
9998 5572
10002 5574
10006 5576
10010 5579
10014 5581
10018 5583
10022 5585
10026 5587
10030 5590
10034 5592
10038 5594
10042 5596
10046 5599
10050 5601
10054 5603
10058 5605
10062 5607
10066 5610
10070 5612
10074 5614
10078 5616
10082 5619
10086 5621
10090 5623
10094 5625
10098 5627
10102 5630
10106 5632
10110 5634
10114 5636
10118 5639
10122 5641
10126 5643
10130 5645
10134 5648
10138 5650
10142 5652
10146 5654
10150 5657
10154 5659
10158 5661
10162 5663
10166 5665
10170 5668
10174 5670
10178 5672
10182 5675
10186 5677
10190 5679
10194 5681
10198 5683
10202 5686
10206 5688
10210 5690
10214 5693
10218 5695
10222 5697
10226 5699
10230 5701
10234 5704
10238 5706
10242 5708
10246 5711
10250 5713
10254 5715
10258 5717
10262 5720
10266 5722
10270 5724
10274 5726
10278 5729
10282 5731
10286 5733
10290 5735
10294 5738
10298 5740
10302 5742
10306 5745
10310 5747
10314 5749
10318 5751
10322 5754
10326 5756
10330 5758
10334 5760
10338 5763
10342 5765
10346 5767
10350 5770
10354 5772
10358 5774
10362 5776
10366 5779
10370 5781
10374 5783
10378 5785
10382 5788
10386 5790
10390 5792
10394 5795
10398 5797
10402 5799
10406 5801
10410 5804
10414 5806
10418 5808
10422 5811
10426 5813
10430 5815
10434 5817
10438 5819
10442 5822
10446 5824
10450 5826
10454 5829
10458 5831
10462 5833
10466 5835
10470 5838
10474 5840
10478 5842
10482 5844
10486 5847
10490 5849
10494 5851
10498 5853
10502 5856
10506 5858
10510 5860
10514 5863
10518 5865
10522 5867
10526 5869
10530 5871
10534 5874
10538 5876
10542 5878
10546 5880
10550 5883
10554 5885
10558 5887
10562 5889
10566 5891
10570 5894
10574 5896
10578 5898
10582 5900
10586 5903
10590 5905
10594 5907
10598 5909
10602 5911
10606 5914
10610 5916
10614 5918
10618 5920
10622 5923
10626 5925
10630 5927
10634 5929
10638 5931
10642 5933
10646 5936
10650 5938
10654 5940
10658 5942
10662 5945
10666 5947
10670 5949
10674 5951
10678 5953
10682 5956
10686 5958
10690 5960
10694 5962
10698 5965
10702 5967
10706 5969
10710 5971
10714 5973
10718 5976
10722 5978
10726 5980
10730 5982
10734 5985
10738 5987
10742 5989
10746 5991
10750 5993
10754 5996
10758 5998
10762 6000
10766 6002
10770 6005
10774 6007
10778 6009
10782 6011
10786 6013
10790 6016
10794 6018
10798 6020
10802 6023
10806 6025
10810 6027
10814 6029
10818 6031
10822 6034
10826 6036
10830 6038
10834 6041
10838 6043
10842 6045
10846 6047
10850 6049
10854 6052
10858 6054
10862 6056
10866 6059
10870 6061
10874 6063
10878 6065
10882 6067
10886 6070
10890 6072
10894 6074
10898 6077
10902 6079
10906 6081
10910 6083
10914 6086
10918 6088
10922 6090
10926 6092
10930 6095
10934 6097
10938 6099
10942 6101
10946 6104
10950 6106
10954 6108
10958 6111
10962 6113
10966 6115
10970 6117
10974 6120
10978 6122
10982 6124
10986 6127
10990 6129
10994 6131
10998 6133
11002 6135
11006 6138
11010 6140
11014 6142
11018 6145
11022 6147
11026 6149
11030 6151
11034 6154
11038 6156
11042 6158
11046 6161
11050 6163
11054 6165
11058 6167
11062 6170
11066 6172
11070 6174
11074 6177
11078 6179
11082 6181
11086 6183
11090 6185
11094 6188
11098 6190
11102 6192
11106 6195
11110 6197
11114 6199
11118 6201
11122 6204
11126 6206
11130 6208
11134 6210
11138 6213
11142 6215
11146 6217
11150 6219
11154 6222
11158 6224
11162 6226
11166 6228
11170 6231
11174 6233
11178 6235
11182 6237
11186 6239
11190 6242
11194 6244
11198 6246
11202 6249
11206 6251
11210 6253
11214 6255
11218 6257
11222 6259
11226 6262
11230 6264
11234 6266
11238 6269
11242 6271
11246 6273
11250 6275
11254 6277
11258 6280
11262 6282
11266 6284
11270 6286
11274 6288
11278 6291
11282 6293
11286 6295
11290 6297
11294 6299
11298 6302
11302 6304
11306 6306
11310 6308
11314 6311
11318 6313
11322 6315
11326 6317
11330 6320
11334 6322
11338 6324
11342 6326
11346 6328
11350 6331
11354 6333
11358 6335
11362 6337
11366 6340
11370 6342
11374 6344
11378 6346
11382 6349
11386 6351
11390 6353
11394 6355
11398 6357
11402 6360
11406 6362
11410 6364
11414 6367
11418 6369
11422 6371
11426 6373
11430 6375
11434 6378
11438 6380
11442 6382
11446 6384
11450 6387
11454 6389
11458 6391
11462 6393
11466 6396
11470 6398
11474 6400
11478 6402
11482 6405
11486 6407
11490 6409
11494 6411
11498 6414
11502 6416
11506 6418
11510 6420
11514 6423
11518 6425
11522 6427
11526 6429
11530 6432
11534 6434
11538 6436
11542 6439
11546 6441
11550 6443
11554 6445
11558 6447
11562 6450
11566 6452
11570 6454
11574 6457
11578 6459
11582 6461
11586 6463
11590 6466
11594 6468
11598 6470
11602 6473
11606 6475
11610 6477
11614 6479
11618 6482
11622 6484
11626 6486
11630 6488
11634 6491
11638 6493
11642 6495
11646 6497
11650 6500
11654 6502
11658 6504
11662 6507
11666 6509
11670 6511
11674 6513
11678 6516
11682 6518
11686 6520
11690 6523
11694 6525
11698 6527
11702 6529
11706 6532
11710 6534
11714 6536
11718 6539
11722 6541
11726 6543
11730 6545
11734 6547
11738 6550
11742 6552
11746 6554
11750 6557
11754 6559
11758 6561
11762 6563
11766 6566
11770 6568
11774 6570
11778 6572
11782 6575
11786 6577
11790 6579
11794 6581
11798 6584
11802 6586
11806 6588
11810 6590
11814 6593
11818 6595
11822 6597
11826 6599
11830 6601
11834 6604
11838 6606
11842 6608
11846 6611
11850 6613
11854 6615
11858 6617
11862 6619
11866 6621
11870 6624
11874 6626
11878 6628
11882 6630
11886 6633
11890 6635
11894 6637
11898 6639
11902 6641
11906 6644
11910 6646
11914 6648
11918 6650
11922 6653
11926 6655
11930 6657
11934 6659
11938 6661
11942 6663
11946 6666
11950 6668
11954 6670
11958 6672
11962 6675
11966 6677
11970 6679
11974 6681
11978 6683
11982 6686
11986 6688
11990 6690
11994 6692
11998 6695
12002 6697
12006 6699
12010 6701
12014 6703
12018 6706
12022 6708
12026 6710
12030 6712
12034 6715
12038 6717
12042 6719
12046 6721
12050 6724
12054 6726
12058 6728
12062 6730
12066 6733
12070 6735
12074 6737
12078 6739
12082 6741
12086 6744
12090 6746
12094 6748
12098 6751
12102 6753
12106 6755
12110 6757
12114 6759
12118 6762
12122 6764
12126 6766
12130 6768
12134 6771
12138 6773
12142 6775
12146 6777
12150 6780
12154 6782
12158 6784
12162 6786
12166 6789
12170 6791
12174 6793
12178 6795
12182 6798
12186 6800
12190 6802
12194 6805
12198 6807
12202 6809
12206 6811
12210 6814
12214 6816
12218 6818
12222 6820
12226 6823
12230 6825
12234 6827
12238 6829
12242 6832
12246 6834
12250 6836
12254 6839
12258 6841
12262 6843
12266 6845
12270 6848
12274 6850
12278 6852
12282 6854
12286 6857
12290 6859
12294 6861
12298 6863
12302 6866
12306 6868
12310 6870
12314 6873
12318 6875
12322 6877
12326 6879
12330 6882
12334 6884
12338 6886
12342 6889
12346 6891
12350 6893
12354 6895
12358 6898
12362 6900
12366 6902
12370 6904
12374 6907
12378 6909
12382 6911
12386 6913
12390 6916
12394 6918
12398 6920
12402 6923
12406 6925
12410 6927
12414 6929
12418 6931
12422 6934
12426 6936
12430 6938
12434 6941
12438 6943
12442 6945
12446 6947
12450 6949
12454 6952
12458 6954
12462 6956
12466 6958
12470 6961
12474 6963
12478 6965
12482 6967
12486 6970
12490 6972
12494 6974
12498 6976
12502 6978
12506 6981
12510 6983
12514 6985
12518 6987
12522 6989
12526 6992
12530 6994
12534 6996
12538 6998
12542 7001
12546 7003
12550 7005
12554 7007
12558 7009
12562 7012
12566 7014
12570 7016
12574 7018
12578 7021
12582 7023
12586 7025
12590 7027
12594 7029
12598 7032
12602 7034
12606 7036
12610 7038
12614 7041
12618 7043
12622 7045
12626 7047
12630 7049
12634 7052
12638 7054
12642 7056
12646 7058
12650 7061
12654 7063
12658 7065
12662 7067
12666 7070
12670 7072
12674 7074
12678 7076
12682 7079
12686 7081
12690 7083
12694 7085
12698 7087
12702 7090
12706 7092
12710 7094
12714 7097
12718 7099
12722 7101
12726 7103
12730 7105
12734 7108
12738 7110
12742 7112
12746 7115
12750 7117
12754 7119
12758 7121
12762 7123
12766 7126
12770 7128
12774 7130
12778 7132
12782 7135
12786 7137
12790 7139
12794 7141
12798 7144
12802 7146
12806 7148
12810 7151
12814 7153
12818 7155
12822 7157
12826 7160
12830 7162
12834 7164
12838 7166
12842 7169
12846 7171
12850 7173
12854 7175
12858 7178
12862 7180
12866 7182
12870 7185
12874 7187
12878 7189
12882 7191
12886 7194
12890 7196
12894 7198
12898 7200
12902 7203
12906 7205
12910 7207
12914 7209
12918 7212
12922 7214
12926 7216
12930 7219
12934 7221
12938 7223
12942 7225
12946 7228
12950 7230
12954 7232
12958 7235
12962 7237
12966 7239
12970 7241
12974 7243
12978 7246
12982 7248
12986 7250
12990 7253
12994 7255
12998 7257
13002 7259
13006 7262
13010 7264
13014 7266
13018 7269
13022 7271
13026 7273
13030 7275
13034 7277
13038 7280
13042 7282
13046 7284
13050 7287
13054 7289
13058 7291
13062 7293
13066 7295
13070 7298
13074 7300
13078 7302
13082 7305
13086 7307
13090 7309
13094 7311
13098 7313
13102 7316
13106 7318
13110 7320
13114 7322
13118 7325
13122 7327
13126 7329
13130 7331
13134 7333
13138 7336
13142 7338
13146 7340
13150 7342
13154 7345
13158 7347
13162 7349
13166 7351
13170 7353
13174 7356
13178 7358
13182 7360
13186 7362
13190 7365
13194 7367
13198 7369
13202 7371
13206 7373
13210 7376
13214 7378
13218 7380
13222 7382
13226 7385
13230 7387
13234 7389
13238 7391
13242 7393
13246 7395
13250 7398
13254 7400
13258 7402
13262 7405
13266 7407
13270 7409
13274 7411
13278 7413
13282 7416
13286 7418
13290 7420
13294 7422
13298 7425
13302 7427
13306 7429
13310 7431
13314 7433
13318 7436
13322 7438
13326 7440
13330 7442
13334 7445
13338 7447
13342 7449
13346 7451
13350 7454
13354 7456
13358 7458
13362 7460
13366 7463
13370 7465
13374 7467
13378 7469
13382 7471
13386 7474
13390 7476
13394 7478
13398 7480
13402 7483
13406 7485
13410 7487
13414 7489
13418 7492
13422 7494
13426 7496
13430 7499
13434 7501
13438 7503
13442 7505
13446 7507
13450 7510
13454 7512
13458 7514
13462 7516
13466 7519
13470 7521
13474 7523
13478 7525
13482 7528
13486 7530
13490 7532
13494 7535
13498 7537
13502 7539
13506 7541
13510 7544
13514 7546
13518 7548
13522 7551
13526 7553
13530 7555
13534 7557
13538 7559
13542 7562
13546 7564
13550 7566
13554 7569
13558 7571
13562 7573
13566 7575
13570 7578
13574 7580
13578 7582
13582 7585
13586 7587
13590 7589
13594 7591
13598 7594
13602 7596
13606 7598
13610 7601
13614 7603
13618 7605
13622 7607
13626 7609
13630 7612
13634 7614
13638 7616
13642 7619
13646 7621
13650 7623
13654 7625
13658 7628
13662 7630
13666 7632
13670 7634
13674 7637
13678 7639
13682 7641
13686 7643
13690 7646
13694 7648
13698 7650
13702 7652
13706 7655
13710 7657
13714 7659
13718 7661
13722 7664
13726 7666
13730 7668
13734 7670
13738 7673
13742 7675
13746 7677
13750 7679
13754 7681
13758 7684
13762 7686
13766 7688
13770 7691
13774 7693
13778 7695
13782 7697
13786 7699
13790 7701
13794 7704
13798 7706
13802 7708
13806 7710
13810 7713
13814 7715
13818 7717
13822 7719
13826 7721
13830 7724
13834 7726
13838 7728
13842 7730
13846 7732
13850 7735
13854 7737
13858 7739
13862 7741
13866 7743
13870 7746
13874 7748
13878 7750
13882 7752
13886 7755
13890 7757
13894 7759
13898 7761
13902 7763
13906 7766
13910 7768
13914 7770
13918 7772
13922 7775
13926 7777
13930 7779
13934 7781
13938 7783
13942 7786
13946 7788
13950 7790
13954 7792
13958 7795
13962 7797
13966 7799
13970 7801
13974 7803
13978 7806
13982 7808
13986 7810
13990 7813
13994 7815
13998 7817
14002 7819
14006 7821
14010 7823
14014 7826
14018 7828
14022 7830
14026 7833
14030 7835
14034 7837
14038 7839
14042 7842
14046 7844
14050 7846
14054 7848
14058 7851
14062 7853
14066 7855
14070 7857
14074 7860
14078 7862
14082 7864
14086 7866
14090 7869
14094 7871
14098 7873
14102 7875
14106 7878
14110 7880
14114 7882
14118 7884
14122 7887
14126 7889
14130 7891
14134 7893
14138 7896
14142 7898
14146 7900
14150 7903
14154 7905
14158 7907
14162 7909
14166 7912
14170 7914
14174 7916
14178 7918
14182 7921
14186 7923
14190 7925
14194 7927
14198 7930
14202 7932
14206 7934
14210 7937
14214 7939
14218 7941
14222 7943
14226 7946
14230 7948
14234 7950
14238 7953
14242 7955
14246 7957
14250 7959
14254 7962
14258 7964
14262 7966
14266 7969
14270 7971
14274 7973
14278 7975
14282 7978
14286 7980
14290 7982
14294 7984
14298 7987
14302 7989
14306 7991
14310 7993
14314 7995
14318 7998
14322 8000
14326 8002
14330 8005
14334 8007
14338 8009
14342 8011
14346 8014
14350 8016
14354 8018
14358 8020
14362 8023
14366 8025
14370 8027
14374 8029
14378 8031
14382 8034
14386 8036
14390 8038
14394 8040
14398 8043
14402 8045
14406 8047
14410 8049
14414 8052
14418 8054
14422 8056
14426 8058
14430 8061
14434 8063
14438 8065
14442 8067
14446 8069
14450 8072
14454 8074
14458 8076
14462 8078
14466 8081
14470 8083
14474 8085
14478 8087
14482 8089
14486 8092
14490 8094
14494 8096
14498 8098
14502 8101
14506 8103
14510 8105
14514 8107
14518 8109
14522 8112
14526 8114
14530 8116
14534 8118
14538 8121
14542 8123
14546 8125
14550 8127
14554 8129
14558 8132
14562 8134
14566 8136
14570 8138
14574 8141
14578 8143
14582 8145
14586 8147
14590 8149
14594 8152
14598 8154
14602 8156
14606 8158
14610 8161
14614 8163
14618 8165
14622 8167
14626 8170
14630 8172
14634 8174
14638 8176
14642 8179
14646 8181
14650 8183
14654 8185
14658 8188
14662 8190
14666 8192
14670 8194
14674 8197
14678 8199
14682 8201
14686 8203
14690 8205
14694 8208
14698 8210
14702 8212
14706 8215
14710 8217
14714 8219
14718 8221
14722 8223
14726 8226
14730 8228
14734 8230
14738 8233
14742 8235
14746 8237
14750 8239
14754 8242
14758 8244
14762 8246
14766 8248
14770 8251
14774 8253
14778 8255
14782 8257
14786 8260
14790 8262
14794 8264
14798 8267
14802 8269
14806 8271
14810 8273
14814 8275
14818 8278
14822 8280
14826 8282
14830 8285
14834 8287
14838 8289
14842 8291
14846 8294
14850 8296
14854 8298
14858 8301
14862 8303
14866 8305
14870 8307
14874 8310
14878 8312
14882 8314
14886 8317
14890 8319
14894 8321
14898 8323
14902 8325
14906 8328
14910 8330
14914 8332
14918 8335
14922 8337
14926 8339
14930 8341
14934 8344
14938 8346
14942 8348
14946 8350
14950 8353
14954 8355
14958 8357
14962 8359
14966 8362
14970 8364
14974 8366
14978 8369
14982 8371
14986 8373
14990 8375
14994 8377
14998 8380
15002 8382
15006 8384
15010 8387
15014 8389
15018 8391
15022 8393
15026 8395
15030 8398
15034 8400
15038 8402
15042 8404
15046 8407
15050 8409
15054 8411
15058 8413
15062 8415
15066 8418
15070 8420
15074 8422
15078 8424
15082 8427
15086 8429
15090 8431
15094 8433
15098 8435
15102 8437
15106 8440
15110 8442
15114 8444
15118 8446
15122 8449
15126 8451
15130 8453
15134 8455
15138 8457
15142 8459
15146 8462
15150 8464
15154 8466
15158 8468
15162 8471
15166 8473
15170 8475
15174 8477
15178 8479
15182 8481
15186 8484
15190 8486
15194 8488
15198 8490
15202 8493
15206 8495
15210 8497
15214 8499
15218 8501
15222 8504
15226 8506
15230 8508
15234 8510
15238 8513
15242 8515
15246 8517
15250 8519
15254 8521
15258 8524
15262 8526
15266 8528
15270 8530
15274 8533
15278 8535
15282 8537
15286 8539
15290 8541
15294 8544
15298 8546
15302 8548
15306 8550
15310 8553
15314 8555
15318 8557
15322 8559
15326 8562
15330 8564
15334 8566
15338 8568
15342 8571
15346 8573
15350 8575
15354 8577
15358 8580
15362 8582
15366 8584
15370 8586
15374 8589
15378 8591
15382 8593
15386 8595
15390 8598
15394 8600
15398 8602
15402 8604
15406 8607
15410 8609
15414 8611
15418 8613
15422 8616
15426 8618
15430 8620
15434 8623
15438 8625
15442 8627
15446 8629
15450 8631
15454 8634
15458 8636
15462 8638
15466 8641
15470 8643
15474 8645
15478 8647
15482 8650
15486 8652
15490 8654
15494 8656
15498 8659
15502 8661
15506 8663
15510 8665
15514 8668
15518 8670
15522 8672
15526 8675
15530 8677
15534 8679
15538 8681
15542 8684
15546 8686
15550 8688
15554 8690
15558 8693
15562 8695
15566 8697
15570 8699
15574 8702
15578 8704
15582 8706
15586 8708
15590 8711
15594 8713
15598 8715
15602 8717
15606 8720
15610 8722
15614 8724
15618 8727
15622 8729
15626 8731
15630 8733
15634 8735
15638 8738
15642 8740
15646 8742
15650 8744
15654 8747
15658 8749
15662 8751
15666 8753
15670 8755
15674 8758
15678 8760
15682 8762
15686 8765
15690 8767
15694 8769
15698 8771
15702 8773
15706 8775
15710 8778
15714 8780
15718 8782
15722 8784
15726 8787
15730 8789
15734 8791
15738 8793
15742 8795
15746 8798
15750 8800
15754 8802
15758 8804
15762 8806
15766 8809
15770 8811
15774 8813
15778 8815
15782 8817
15786 8820
15790 8822
15794 8824
15798 8826
15802 8829
15806 8831
15810 8833
15814 8835
15818 8837
15822 8840
15826 8842
15830 8844
15834 8846
15838 8849
15842 8851
15846 8853
15850 8855
15854 8857
15858 8860
15862 8862
15866 8864
15870 8866
15874 8869
15878 8871
15882 8873
15886 8875
15890 8877
15894 8880
15898 8882
15902 8884
15906 8886
15910 8889
15914 8891
15918 8893
15922 8895
15926 8897
15930 8900
15934 8902
15938 8904
15942 8906
15946 8909
15950 8911
15954 8913
15958 8915
15962 8918
15966 8920
15970 8922
15974 8924
15978 8927
15982 8929
15986 8931
15990 8933
15994 8935
15998 8938
16002 8940
16006 8942
16010 8945
16014 8947
16018 8949
16022 8951
16026 8953
16030 8956
16034 8958
16038 8960
16042 8963
16046 8965
16050 8967
16054 8969
16058 8971
16062 8974
16066 8976
16070 8978
16074 8981
16078 8983
16082 8985
16086 8987
16090 8990
16094 8992
16098 8994
16102 8996
16106 8999
16110 9001
16114 9003
16118 9005
16122 9008
16126 9010
16130 9012
16134 9015
16138 9017
16142 9019
16146 9021
16150 9024
16154 9026
16158 9028
16162 9030
16166 9033
16170 9035
16174 9037
16178 9039
16182 9042
16186 9044
16190 9046
16194 9049
16198 9051
16202 9053
16206 9055
16210 9058
16214 9060
16218 9062
16222 9064
16226 9067
16230 9069
16234 9071
16238 9073
16242 9075
16246 9078
16250 9080
16254 9082
16258 9085
16262 9087
16266 9089
16270 9091
16274 9093
16278 9096
16282 9098
16286 9100
16290 9103
16294 9105
16298 9107
16302 9109
16306 9111
16310 9114
16314 9116
16318 9118
16322 9120
16326 9123
16330 9125
16334 9127
16338 9129
16342 9131
16346 9134
16350 9136
16354 9138
16358 9140
16362 9142
16366 9145
16370 9147
16374 9149
16378 9151
16382 9153
16386 9156
16390 9158
16394 9160
16398 9162
16402 9164
16406 9167
16410 9169
16414 9171
16418 9173
16422 9175
16426 9178
16430 9180
16434 9182
16438 9184
16442 9186
16446 9189
16450 9191
16454 9193
16458 9195
16462 9197
16466 9200
16470 9202
16474 9204
16478 9206
16482 9208
16486 9211
16490 9213
16494 9215
16498 9217
16502 9219
16506 9222
16510 9224
16514 9226
16518 9229
16522 9231
16526 9233
16530 9235
16534 9237
16538 9239
16542 9242
16546 9244
16550 9246
16554 9249
16558 9251
16562 9253
16566 9255
16570 9257
16574 9260
16578 9262
16582 9264
16586 9266
16590 9269
16594 9271
16598 9273
16602 9275
16606 9277
16610 9280
16614 9282
16618 9284
16622 9287
16626 9289
16630 9291
16634 9293
16638 9296
16642 9298
16646 9300
16650 9302
16654 9305
16658 9307
16662 9309
16666 9311
16670 9314
16674 9316
16678 9318
16682 9320
16686 9323
16690 9325
16694 9327
16698 9329
16702 9332
16706 9334
16710 9336
16714 9339
16718 9341
16722 9343
16726 9345
16730 9348
16734 9350
16738 9352
16742 9354
16746 9357
16750 9359
16754 9361
16758 9363
16762 9366
16766 9368
16770 9370
16774 9373
16778 9375
16782 9377
16786 9379
16790 9382
16794 9384
16798 9386
16802 9389
16806 9391
16810 9393
16814 9395
16818 9397
16822 9400
16826 9402
16830 9404
16834 9407
16838 9409
16842 9411
16846 9413
16850 9416
16854 9418
16858 9420
16862 9423
16866 9425
16870 9427
16874 9429
16878 9431
16882 9434
16886 9436
16890 9438
16894 9441
16898 9443
16902 9445
16906 9447
16910 9449
16914 9452
16918 9454
16922 9456
16926 9459
16930 9461
16934 9463
16938 9465
16942 9468
16946 9470
16950 9472
16954 9474
16958 9477
16962 9479
16966 9481
16970 9483
16974 9485
16978 9488
16982 9490
16986 9492
16990 9494
16994 9497
16998 9499
17002 9501
17006 9503
17010 9505
17014 9508
17018 9510
17022 9512
17026 9514
17030 9517
17034 9519
17038 9521
17042 9523
17046 9525
17050 9528
17054 9530
17058 9532
17062 9534
17066 9537
17070 9539
17074 9541
17078 9543
17082 9545
17086 9548
17090 9550
17094 9552
17098 9554
17102 9557
17106 9559
17110 9561
17114 9563
17118 9565
17122 9568
17126 9570
17130 9572
17134 9574
17138 9577
17142 9579
17146 9581
17150 9583
17154 9585
17158 9588
17162 9590
17166 9592
17170 9595
17174 9597
17178 9599
17182 9601
17186 9603
17190 9606
17194 9608
17198 9610
17202 9613
17206 9615
17210 9617
17214 9619
17218 9621
17222 9624
17226 9626
17230 9628
17234 9630
17238 9633
17242 9635
17246 9637
17250 9639
17254 9642
17258 9644
17262 9646
17266 9648
17270 9651
17274 9653
17278 9655
17282 9657
17286 9660
17290 9662
17294 9664
17298 9666
17302 9669
17306 9671
17310 9673
17314 9675
17318 9678
17322 9680
17326 9682
17330 9685
17334 9687
17338 9689
17342 9691
17346 9694
17350 9696
17354 9698
17358 9701
17362 9703
17366 9705
17370 9707
17374 9710
17378 9712
17382 9714
17386 9716
17390 9719
17394 9721
17398 9723
17402 9725
17406 9728
17410 9730
17414 9732
17418 9735
17422 9737
17426 9739
17430 9741
17434 9744
17438 9746
17442 9748
17446 9751
17450 9753
17454 9755
17458 9757
17462 9760
17466 9762
17470 9764
17474 9766
17478 9769
17482 9771
17486 9773
17490 9775
17494 9778
17498 9780
17502 9782
17506 9785
17510 9787
17514 9789
17518 9791
17522 9793
17526 9796
17530 9798
17534 9800
17538 9803
17542 9805
17546 9807
17550 9809
17554 9812
17558 9814
17562 9816
17566 9818
17570 9821
17574 9823
17578 9825
17582 9827
17586 9830
17590 9832
17594 9834
17598 9836
17602 9839
17606 9841
17610 9843
17614 9845
17618 9847
17622 9850
17626 9852
17630 9854
17634 9856
17638 9859
17642 9861
17646 9863
17650 9865
17654 9867
17658 9870
17662 9872
17666 9874
17670 9876
17674 9878
17678 9881
17682 9883
17686 9885
17690 9887
17694 9889
17698 9892
17702 9894
17706 9896
17710 9898
17714 9901
17718 9903
17722 9905
17726 9907
17730 9909
17734 9911
17738 9914
17742 9916
17746 9918
17750 9921
17754 9923
17758 9925
17762 9927
17766 9929
17770 9931
17774 9934
17778 9936
17782 9938
17786 9940
17790 9943
17794 9945
17798 9947
17802 9949
17806 9951
17810 9954
17814 9956
17818 9958
17822 9961
17826 9963
17830 9965
17834 9967
17838 9969
17842 9972
17846 9974
17850 9976
17854 9978
17858 9981
17862 9983
17866 9985
17870 9987
17874 9989
17878 9992
17882 9994
17886 9996
17890 9999
17894 10001
17898 10003
17902 10005
17906 10007
17910 10010
17914 10012
17918 10014
17922 10017
17926 10019
17930 10021
17934 10023
17938 10026
17942 10028
17946 10030
17950 10032
17954 10035
17958 10037
17962 10039
17966 10041
17970 10044
17974 10046
17978 10048
17982 10051
17986 10053
17990 10055
17994 10057
17998 10060
18002 10062
18006 10064
18010 10066
18014 10069
18018 10071
18022 10073
18026 10075
18030 10078
18034 10080
18038 10082
18042 10085
18046 10087
18050 10089
18054 10091
18058 10094
18062 10096
18066 10098
18070 10101
18074 10103
18078 10105
18082 10107
18086 10110
18090 10112
18094 10114
18098 10117
18102 10119
18106 10121
18110 10123
18114 10125
18118 10128
18122 10130
18126 10132
18130 10135
18134 10137
18138 10139
18142 10141
18146 10144
18150 10146
18154 10148
18158 10151
18162 10153
18166 10155
18170 10157
18174 10160
18178 10162
18182 10164
18186 10166
18190 10169
18194 10171
18198 10173
18202 10175
18206 10177
18210 10180
18214 10182
18218 10184
18222 10187
18226 10189
18230 10191
18234 10193
18238 10195
18242 10198
18246 10200
18250 10202
18254 10204
18258 10207
18262 10209
18266 10211
18270 10213
18274 10215
18278 10218
18282 10220
18286 10222
18290 10224
18294 10227
18298 10229
18302 10231
18306 10233
18310 10235
18314 10238
18318 10240
18322 10242
18326 10244
18330 10247
18334 10249
18338 10251
18342 10253
18346 10255
18350 10258
18354 10260
18358 10262
18362 10264
18366 10267
18370 10269
18374 10271
18378 10273
18382 10275
18386 10278
18390 10280
18394 10282
18398 10284
18402 10287
18406 10289
18410 10291
18414 10293
18418 10295
18422 10298
18426 10300
18430 10302
18434 10305
18438 10307
18442 10309
18446 10311
18450 10313
18454 10316
18458 10318
18462 10320
18466 10322
18470 10325
18474 10327
18478 10329
18482 10331
18486 10334
18490 10336
18494 10338
18498 10340
18502 10343
18506 10345
18510 10347
18514 10349
18518 10352
18522 10354
18526 10356
18530 10358
18534 10361
18538 10363
18542 10365
18546 10367
18550 10369
18554 10372
18558 10374
18562 10376
18566 10379
18570 10381
18574 10383
18578 10385
18582 10388
18586 10390
18590 10392
18594 10394
18598 10397
18602 10399
18606 10401
18610 10403
18614 10406
18618 10408
18622 10410
18626 10413
18630 10415
18634 10417
18638 10419
18642 10422
18646 10424
18650 10426
18654 10429
18658 10431
18662 10433
18666 10435
18670 10437
18674 10440
18678 10442
18682 10444
18686 10447
18690 10449
18694 10451
18698 10453
18702 10456
18706 10458
18710 10460
18714 10463
18718 10465
18722 10467
18726 10469
18730 10472
18734 10474
18738 10476
18742 10479
18746 10481
18750 10483
18754 10485
18758 10487
18762 10490
18766 10492
18770 10494
18774 10497
18778 10499
18782 10501
18786 10503
18790 10506
18794 10508
18798 10510
18802 10513
18806 10515
18810 10517
18814 10519
18818 10521
18822 10524
18826 10526
18830 10528
18834 10531
18838 10533
18842 10535
18846 10537
18850 10539
18854 10542
18858 10544
18862 10546
18866 10549
18870 10551
18874 10553
18878 10555
18882 10557
18886 10560
18890 10562
18894 10564
18898 10566
18902 10569
18906 10571
18910 10573
18914 10575
18918 10577
18922 10580
18926 10582
18930 10584
18934 10586
18938 10589
18942 10591
18946 10593
18950 10595
18954 10597
18958 10600
18962 10602
18966 10604
18970 10606
18974 10609
18978 10611
18982 10613
18986 10615
18990 10617
18994 10620
18998 10622
19002 10624
19006 10626
19010 10628
19014 10631
19018 10633
19022 10635
19026 10637
19030 10639
19034 10642
19038 10644
19042 10646
19046 10648
19050 10651
19054 10653
19058 10655
19062 10657
19066 10659
19070 10662
19074 10664
19078 10666
19082 10669
19086 10671
19090 10673
19094 10675
19098 10677
19102 10679
19106 10682
19110 10684
19114 10686
19118 10689
19122 10691
19126 10693
19130 10695
19134 10697
19138 10700
19142 10702
19146 10704
19150 10707
19154 10709
19158 10711
19162 10713
19166 10715
19170 10718
19174 10720
19178 10722
19182 10724
19186 10727
19190 10729
19194 10731
19198 10733
19202 10736
19206 10738
19210 10740
19214 10743
19218 10745
19222 10747
19226 10749
19230 10751
19234 10754
19238 10756
19242 10758
19246 10761
19250 10763
19254 10765
19258 10767
19262 10770
19266 10772
19270 10774
19274 10776
19278 10779
19282 10781
19286 10783
19290 10785
19294 10788
19298 10790
19302 10792
19306 10795
19310 10797
19314 10799
19318 10801
19322 10804
19326 10806
19330 10808
19334 10811
19338 10813
19342 10815
19346 10817
19350 10820
19354 10822
19358 10824
19362 10826
19366 10829
19370 10831
19374 10833
19378 10835
19382 10838
19386 10840
19390 10842
19394 10845
19398 10847
19402 10849
19406 10851
19410 10854
19414 10856
19418 10858
19422 10861
19426 10863
19430 10865
19434 10867
19438 10869
19442 10872
19446 10874
19450 10876
19454 10879
19458 10881
19462 10883
19466 10885
19470 10888
19474 10890
19478 10892
19482 10894
19486 10897
19490 10899
19494 10901
19498 10903
19502 10905
19506 10908
19510 10910
19514 10912
19518 10915
19522 10917
19526 10919
19530 10921
19534 10923
19538 10926
19542 10928
19546 10930
19550 10932
19554 10935
19558 10937
19562 10939
19566 10941
19570 10943
19574 10946
19578 10948
19582 10950
19586 10952
19590 10955
19594 10957
19598 10959
19602 10961
19606 10963
19610 10966
19614 10968
19618 10970
19622 10972
19626 10975
19630 10977
19634 10979
19638 10981
19642 10983
19646 10986
19650 10988
19654 10990
19658 10992
19662 10995
19666 10997
19670 10999
19674 11001
19678 11003
19682 11006
19686 11008
19690 11010
19694 11012
19698 11015
19702 11017
19706 11019
19710 11021
19714 11023
19718 11026
19722 11028
19726 11030
19730 11033
19734 11035
19738 11037
19742 11039
19746 11041
19750 11044
19754 11046
19758 11048
19762 11051
19766 11053
19770 11055
19774 11057
19778 11059
19782 11061
19786 11064
19790 11066
19794 11068
19798 11071
19802 11073
19806 11075
19810 11077
19814 11080
19818 11082
19822 11084
19826 11086
19830 11089
19834 11091
19838 11093
19842 11095
19846 11098
19850 11100
19854 11102
19858 11105
19862 11107
19866 11109
19870 11111
19874 11113
19878 11116
19882 11118
19886 11120
19890 11123
19894 11125
19898 11127
19902 11129
19906 11131
19910 11134
19914 11136
19918 11138
19922 11141
19926 11143
19930 11145
19934 11147
19938 11150
19942 11152
19946 11154
19950 11157
19954 11159
19958 11161
19962 11163
19966 11166
19970 11168
19974 11170
19978 11172
19982 11175
19986 11177
19990 11179
19994 11181
19998 11184
20002 11186
20006 11188
20010 11191
20014 11193
20018 11195
20022 11197
20026 11200
20030 11202
20034 11204
20038 11207
20042 11209
20046 11211
20050 11213
20054 11216
20058 11218
20062 11220
20066 11222
20070 11225
20074 11227
20078 11229
20082 11231
20086 11234
20090 11236
20094 11238
20098 11241
20102 11243
20106 11245
20110 11247
20114 11249
20118 11252
20122 11254
20126 11256
20130 11258
20134 11261
20138 11263
20142 11265
20146 11267
20150 11270
20154 11272
20158 11274
20162 11276
20166 11279
20170 11281
20174 11283
20178 11285
20182 11287
20186 11290
20190 11292
20194 11294
20198 11296
20202 11299
20206 11301
20210 11303
20214 11305
20218 11307
20222 11310
20226 11312
20230 11314
20234 11316
20238 11319
20242 11321
20246 11323
20250 11325
20254 11327
20258 11330
20262 11332
20266 11334
20270 11336
20274 11339
20278 11341
20282 11343
20286 11345
20290 11347
20294 11349
20298 11352
20302 11354
20306 11356
20310 11358
20314 11361
20318 11363
20322 11365
20326 11367
20330 11369
20334 11372
20338 11374
20342 11376
20346 11378
20350 11381
20354 11383
20358 11385
20362 11387
20366 11389
20370 11392
20374 11394
20378 11396
20382 11398
20386 11401
20390 11403
20394 11405
20398 11407
20402 11410
20406 11412
20410 11414
20414 11416
20418 11419
20422 11421
20426 11423
20430 11425
20434 11427
20438 11430
20442 11432
20446 11434
20450 11437
20454 11439
20458 11441
20462 11443
20466 11445
20470 11448
20474 11450
20478 11452
20482 11455
20486 11457
20490 11459
20494 11461
20498 11463
20502 11466
20506 11468
20510 11470
20514 11473
20518 11475
20522 11477
20526 11479
20530 11481
20534 11484
20538 11486
20542 11488
20546 11491
20550 11493
20554 11495
20558 11497
20562 11500
20566 11502
20570 11504
20574 11507
20578 11509
20582 11511
20586 11513
20590 11516
20594 11518
20598 11520
20602 11522
20606 11525
20610 11527
20614 11529
20618 11531
20622 11534
20626 11536
20630 11538
20634 11541
20638 11543
20642 11545
20646 11547
20650 11550
20654 11552
20658 11554
20662 11557
20666 11559
20670 11561
20674 11563
20678 11565
20682 11568
20686 11570
20690 11572
20694 11575
20698 11577
20702 11579
20706 11581
20710 11584
20714 11586
20718 11588
20722 11590
20726 11593
20730 11595
20734 11597
20738 11600
20742 11602
20746 11604
20750 11606
20754 11609
20758 11611
20762 11613
20766 11615
20770 11617
20774 11620
20778 11622
20782 11624
20786 11627
20790 11629
20794 11631
20798 11633
20802 11635
20806 11638
20810 11640
20814 11642
20818 11644
20822 11647
20826 11649
20830 11651
20834 11653
20838 11655
20842 11658
20846 11660
20850 11662
20854 11664
20858 11667
20862 11669
20866 11671
20870 11673
20874 11675
20878 11678
20882 11680
20886 11682
20890 11684
20894 11687
20898 11689
20902 11691
20906 11693
20910 11695
20914 11698
20918 11700
20922 11702
20926 11704
20930 11707
20934 11709
20938 11711
20942 11713
20946 11715
20950 11718
20954 11720
20958 11722
20962 11724
20966 11727
20970 11729
20974 11731
20978 11733
20982 11735
20986 11738
20990 11740
20994 11742
20998 11744
21002 11747
21006 11749
21010 11751
21014 11753
21018 11756
21022 11758
21026 11760
21030 11762
21034 11765
21038 11767
21042 11769
21046 11771
21050 11773
21054 11776
21058 11778
21062 11780
21066 11783
21070 11785
21074 11787
21078 11789
21082 11791
21086 11794
21090 11796
21094 11798
21098 11801
21102 11803
21106 11805
21110 11807
21114 11809
21118 11812
21122 11814
21126 11816
21130 11819
21134 11821
21138 11823
21142 11825
21146 11827
21150 11830
21154 11832
21158 11834
21162 11837
21166 11839
21170 11841
21174 11843
21178 11846
21182 11848
21186 11850
21190 11852
21194 11855
21198 11857
21202 11859
21206 11861
21210 11864
21214 11866
21218 11868
21222 11871
21226 11873
21230 11875
21234 11877
21238 11880
21242 11882
21246 11884
21250 11887
21254 11889
21258 11891
21262 11893
21266 11895
21270 11898
21274 11900
21278 11902
21282 11905
21286 11907
21290 11909
21294 11912
21298 11914
21302 11916
21306 11918
21310 11921
21314 11923
21318 11925
21322 11927
21326 11930
21330 11932
21334 11934
21338 11937
21342 11939
21346 11941
21350 11943
21354 11946
21358 11948
21362 11950
21366 11952
21370 11955
21374 11957
21378 11959
21382 11961
21386 11964
21390 11966
21394 11968
21398 11970
21402 11973
21406 11975
21410 11977
21414 11979
21418 11982
21422 11984
21426 11986
21430 11988
21434 11991
21438 11993
21442 11995
21446 11997
21450 11999
21454 12002
21458 12004
21462 12006
21466 12009
21470 12011
21474 12013
21478 12015
21482 12017
21486 12020
21490 12022
21494 12024
21498 12026
21502 12029
21506 12031
21510 12033
21514 12035
21518 12037
21522 12039
21526 12042
21530 12044
21534 12046
21538 12048
21542 12051
21546 12053
21550 12055
21554 12057
21558 12059
21562 12062
21566 12064
21570 12066
21574 12068
21578 12071
21582 12073
21586 12075
21590 12077
21594 12079
21598 12082
21602 12084
21606 12086
21610 12088
21614 12091
21618 12093
21622 12095
21626 12097
21630 12099
21634 12102
21638 12104
21642 12106
21646 12109
21650 12111
21654 12113
21658 12115
21662 12117
21666 12120
21670 12122
21674 12124
21678 12126
21682 12129
21686 12131
21690 12133
21694 12135
21698 12138
21702 12140
21706 12142
21710 12144
21714 12147
21718 12149
21722 12151
21726 12153
21730 12156
21734 12158
21738 12160
21742 12162
21746 12165
21750 12167
21754 12169
21758 12171
21762 12173
21766 12176
21770 12178
21774 12180
21778 12183
21782 12185
21786 12187
21790 12189
21794 12192
21798 12194
21802 12196
21806 12198
21810 12201
21814 12203
21818 12205
21822 12207
21826 12210
21830 12212
21834 12214
21838 12217
21842 12219
21846 12221
21850 12223
21854 12226
21858 12228
21862 12230
21866 12232
21870 12235
21874 12237
21878 12239
21882 12241
21886 12244
21890 12246
21894 12248
21898 12251
21902 12253
21906 12255
21910 12257
21914 12260
21918 12262
21922 12264
21926 12267
21930 12269
21934 12271
21938 12273
21942 12276
21946 12278
21950 12280
21954 12283
21958 12285
21962 12287
21966 12289
21970 12291
21974 12294
21978 12296
21982 12298
21986 12301
21990 12303
21994 12305
21998 12307
22002 12310
22006 12312
22010 12314
22014 12316
22018 12319
22022 12321
22026 12323
22030 12325
22034 12328
22038 12330
22042 12332
22046 12335
22050 12337
22054 12339
22058 12341
22062 12343
22066 12346
22070 12348
22074 12350
22078 12352
22082 12355
22086 12357
22090 12359
22094 12361
22098 12364
22102 12366
22106 12368
22110 12370
22114 12373
22118 12375
22122 12377
22126 12379
22130 12381
22134 12384
22138 12386
22142 12388
22146 12390
22150 12393
22154 12395
22158 12397
22162 12399
22166 12401
22170 12403
22174 12406
22178 12408
22182 12410
22186 12412
22190 12415
22194 12417
22198 12419
22202 12421
22206 12423
22210 12425
22214 12428
22218 12430
22222 12432
22226 12434
22230 12437
22234 12439
22238 12441
22242 12443
22246 12445
22250 12448
22254 12450
22258 12452
22262 12454
22266 12457
22270 12459
22274 12461
22278 12463
22282 12465
22286 12468
22290 12470
22294 12472
22298 12474
22302 12477
22306 12479
22310 12481
22314 12483
22318 12486
22322 12488
22326 12490
22330 12492
22334 12495
22338 12497
22342 12499
22346 12501
22350 12503
22354 12506
22358 12508
22362 12510
22366 12513
22370 12515
22374 12517
22378 12519
22382 12521
22386 12524
22390 12526
22394 12528
22398 12531
22402 12533
22406 12535
22410 12537
22414 12539
22418 12542
22422 12544
22426 12546
22430 12548
22434 12551
22438 12553
22442 12555
22446 12558
22450 12560
22454 12562
22458 12564
22462 12567
22466 12569
22470 12571
22474 12573
22478 12576
22482 12578
22486 12580
22490 12583
22494 12585
22498 12587
22502 12589
22506 12592
22510 12594
22514 12596
22518 12598
22522 12601
22526 12603
22530 12605
22534 12607
22538 12610
22542 12612
22546 12614
22550 12617
22554 12619
22558 12621
22562 12623
22566 12626
22570 12628
22574 12630
22578 12633
22582 12635
22586 12637
22590 12639
22594 12642
22598 12644
22602 12646
22606 12649
22610 12651
22614 12653
22618 12655
22622 12657
22626 12660
22630 12662
22634 12664
22638 12667
22642 12669
22646 12671
22650 12673
22654 12676
22658 12678
22662 12680
22666 12682
22670 12685
22674 12687
22678 12689
22682 12691
22686 12694
22690 12696
22694 12698
22698 12701
22702 12703
22706 12705
22710 12707
22714 12709
22718 12712
22722 12714
22726 12716
22730 12718
22734 12721
22738 12723
22742 12725
22746 12727
22750 12729
22754 12732
22758 12734
22762 12736
22766 12738
22770 12741
22774 12743
22778 12745
22782 12747
22786 12749
22790 12752
22794 12754
22798 12756
22802 12758
22806 12761
22810 12763
22814 12765
22818 12767
22822 12769
22826 12772
22830 12774
22834 12776
22838 12778
22842 12781
22846 12783
22850 12785
22854 12787
22858 12789
22862 12792
22866 12794
22870 12796
22874 12798
22878 12801
22882 12803
22886 12805
22890 12807
22894 12809
22898 12812
22902 12814
22906 12816
22910 12818
22914 12821
22918 12823
22922 12825
22926 12827
22930 12830
22934 12832
22938 12834
22942 12836
22946 12839
22950 12841
22954 12843
22958 12845
22962 12847
22966 12850
22970 12852
22974 12854
22978 12857
22982 12859
22986 12861
22990 12863
22994 12865
22998 12868
23002 12870
23006 12872
23010 12875
23014 12877
23018 12879
23022 12881
23026 12883
23030 12886
23034 12888
23038 12890
23042 12893
23046 12895
23050 12897
23054 12899
23058 12902
23062 12904
23066 12906
23070 12908
23074 12911
23078 12913
23082 12915
23086 12917
23090 12920
23094 12922
23098 12924
23102 12927
23106 12929
23110 12931
23114 12933
23118 12935
23122 12938
23126 12940
23130 12942
23134 12945
23138 12947
23142 12949
23146 12951
23150 12954
23154 12956
23158 12958
23162 12960
23166 12963
23170 12965
23174 12967
23178 12970
23182 12972
23186 12974
23190 12976
23194 12979
23198 12981
23202 12983
23206 12986
23210 12988
23214 12990
23218 12992
23222 12995
23226 12997
23230 12999
23234 13001
23238 13004
23242 13006
23246 13008
23250 13011
23254 13013
23258 13015
23262 13017
23266 13020
23270 13022
23274 13024
23278 13026
23282 13029
23286 13031
23290 13033
23294 13035
23298 13038
23302 13040
23306 13042
23310 13045
23314 13047
23318 13049
23322 13051
23326 13053
23330 13056
23334 13058
23338 13060
23342 13063
23346 13065
23350 13067
23354 13069
23358 13071
23362 13074
23366 13076
23370 13078
23374 13080
23378 13083
23382 13085
23386 13087
23390 13089
23394 13092
23398 13094
23402 13096
23406 13098
23410 13100
23414 13103
23418 13105
23422 13107
23426 13109
23430 13111
23434 13114
23438 13116
23442 13118
23446 13120
23450 13123
23454 13125
23458 13127
23462 13129
23466 13131
23470 13133
23474 13136
23478 13138
23482 13140
23486 13142
23490 13145
23494 13147
23498 13149
23502 13151
23506 13153
23510 13155
23514 13158
23518 13160
23522 13162
23526 13164
23530 13167
23534 13169
23538 13171
23542 13173
23546 13175
23550 13178
23554 13180
23558 13182
23562 13184
23566 13187
23570 13189
23574 13191
23578 13193
23582 13195
23586 13198
23590 13200
23594 13202
23598 13205
23602 13207
23606 13209
23610 13211
23614 13213
23618 13216
23622 13218
23626 13220
23630 13222
23634 13225
23638 13227
23642 13229
23646 13231
23650 13234
23654 13236
23658 13238
23662 13240
23666 13243
23670 13245
23674 13247
23678 13249
23682 13252
23686 13254
23690 13256
23694 13258
23698 13261
23702 13263
23706 13265
23710 13267
23714 13269
23718 13272
23722 13274
23726 13276
23730 13279
23734 13281
23738 13283
23742 13285
23746 13288
23750 13290
23754 13292
23758 13295
23762 13297
23766 13299
23770 13301
23774 13304
23778 13306
23782 13308
23786 13311
23790 13313
23794 13315
23798 13317
23802 13319
23806 13322
23810 13324
23814 13326
23818 13329
23822 13331
23826 13333
23830 13335
23834 13338
23838 13340
23842 13342
23846 13345
23850 13347
23854 13349
23858 13351
23862 13354
23866 13356
23870 13358
23874 13361
23878 13363
23882 13365
23886 13367
23890 13369
23894 13372
23898 13374
23902 13376
23906 13379
23910 13381
23914 13383
23918 13385
23922 13387
23926 13390
23930 13392
23934 13394
23938 13397
23942 13399
23946 13401
23950 13403
23954 13406
23958 13408
23962 13410
23966 13412
23970 13415
23974 13417
23978 13419
23982 13421
23986 13424
23990 13426
23994 13428
23998 13431
24002 13433
24006 13435
24010 13437
24014 13439
24018 13441
24022 13444
24026 13446
24030 13448
24034 13451
24038 13453
24042 13455
24046 13457
24050 13459
24054 13462
24058 13464
24062 13466
24066 13468
24070 13471
24074 13473
24078 13475
24082 13477
24086 13479
24090 13482
24094 13484
24098 13486
24102 13488
24106 13491
24110 13493
24114 13495
24118 13497
24122 13499
24126 13502
24130 13504
24134 13506
24138 13508
24142 13511
24146 13513
24150 13515
24154 13517
24158 13519
24162 13522
24166 13524
24170 13526
24174 13528
24178 13531
24182 13533
24186 13535
24190 13537
24194 13539
24198 13542
24202 13544
24206 13546
24210 13549
24214 13551
24218 13553
24222 13555
24226 13557
24230 13560
24234 13562
24238 13564
24242 13567
24246 13569
24250 13571
24254 13573
24258 13575
24262 13578
24266 13580
24270 13582
24274 13584
24278 13587
24282 13589
24286 13591
24290 13593
24294 13596
24298 13598
24302 13600
24306 13602
24310 13605
24314 13607
24318 13609
24322 13611
24326 13614
24330 13616
24334 13618
24338 13621
24342 13623
24346 13625
24350 13627
24354 13629
24358 13632
24362 13634
24366 13636
24370 13639
24374 13641
24378 13643
24382 13645
24386 13648
24390 13650
24394 13652
24398 13654
24402 13657
24406 13659
24410 13661
24414 13663
24418 13666
24422 13668
24426 13670
24430 13673
24434 13675
24438 13677
24442 13679
24446 13682
24450 13684
24454 13686
24458 13689
24462 13691
24466 13693
24470 13695
24474 13698
24478 13700
24482 13702
24486 13704
24490 13707
24494 13709
24498 13711
24502 13714
24506 13716
24510 13718
24514 13720
24518 13723
24522 13725
24526 13727
24530 13729
24534 13732
24538 13734
24542 13736
24546 13739
24550 13741
24554 13743
24558 13745
24562 13747
24566 13750
24570 13752
24574 13754
24578 13757
24582 13759
24586 13761
24590 13763
24594 13766
24598 13768
24602 13770
24606 13772
24610 13775
24614 13777
24618 13779
24622 13781
24626 13784
24630 13786
24634 13788
24638 13790
24642 13793
24646 13795
24650 13797
24654 13799
24658 13801
24662 13804
24666 13806
24670 13808
24674 13811
24678 13813
24682 13815
24686 13817
24690 13819
24694 13821
24698 13824
24702 13826
24706 13828
24710 13830
24714 13833
24718 13835
24722 13837
24726 13839
24730 13841
24734 13844
24738 13846
24742 13848
24746 13850
24750 13853
24754 13855
24758 13857
24762 13859
24766 13861
24770 13864
24774 13866
24778 13868
24782 13870
24786 13872
24790 13875
24794 13877
24798 13879
24802 13881
24806 13883
24810 13886
24814 13888
24818 13890
24822 13892
24826 13895
24830 13897
24834 13899
24838 13901
24842 13903
24846 13906
24850 13908
24854 13910
24858 13912
24862 13915
24866 13917
24870 13919
24874 13921
24878 13924
24882 13926
24886 13928
24890 13930
24894 13933
24898 13935
24902 13937
24906 13939
24910 13941
24914 13944
24918 13946
24922 13948
24926 13950
24930 13953
24934 13955
24938 13957
24942 13959
24946 13962
24950 13964
24954 13966
24958 13969
24962 13971
24966 13973
24970 13975
24974 13977
24978 13980
24982 13982
24986 13984
24990 13986
24994 13989
24998 13991
25002 13993
25006 13995
25010 13998
25014 14000
25018 14002
25022 14005
25026 14007
25030 14009
25034 14011
25038 14014
25042 14016
25046 14018
25050 14020
25054 14023
25058 14025
25062 14027
25066 14029
25070 14032
25074 14034
25078 14036
25082 14039
25086 14041
25090 14043
25094 14045
25098 14048
25102 14050
25106 14052
25110 14055
25114 14057
25118 14059
25122 14061
25126 14064
25130 14066
25134 14068
25138 14071
25142 14073
25146 14075
25150 14077
25154 14080
25158 14082
25162 14084
25166 14086
25170 14089
25174 14091
25178 14093
25182 14095
25186 14098
25190 14100
25194 14102
25198 14105
25202 14107
25206 14109
25210 14111
25214 14113
25218 14116
25222 14118
25226 14120
25230 14123
25234 14125
25238 14127
25242 14129
25246 14132
25250 14134
25254 14136
25258 14138
25262 14141
25266 14143
25270 14145
25274 14147
25278 14150
25282 14152
25286 14154
25290 14156
25294 14159
25298 14161
25302 14163
25306 14165
25310 14167
25314 14170
25318 14172
25322 14174
25326 14177
25330 14179
25334 14181
25338 14183
25342 14185
25346 14188
25350 14190
25354 14192
25358 14194
25362 14197
25366 14199
25370 14201
25374 14203
25378 14205
25382 14207
25386 14210
25390 14212
25394 14214
25398 14217
25402 14219
25406 14221
25410 14223
25414 14225
25418 14228
25422 14230
25426 14232
25430 14234
25434 14237
25438 14239
25442 14241
25446 14243
25450 14245
25454 14248
25458 14250
25462 14252
25466 14254
25470 14257
25474 14259
25478 14261
25482 14263
25486 14265
25490 14268
25494 14270
25498 14272
25502 14274
25506 14277
25510 14279
25514 14281
25518 14283
25522 14286
25526 14288
25530 14290
25534 14292
25538 14295
25542 14297
25546 14299
25550 14301
25554 14304
25558 14306
25562 14308
25566 14310
25570 14313
25574 14315
25578 14317
25582 14319
25586 14322
25590 14324
25594 14326
25598 14328
25602 14331
25606 14333
25610 14335
25614 14337
25618 14340
25622 14342
25626 14344
25630 14346
25634 14349
25638 14351
25642 14353
25646 14355
25650 14358
25654 14360
25658 14362
25662 14365
25666 14367
25670 14369
25674 14371
25678 14374
25682 14376
25686 14378
25690 14381
25694 14383
25698 14385
25702 14387
25706 14390
25710 14392
25714 14394
25718 14396
25722 14399
25726 14401
25730 14403
25734 14405
25738 14408
25742 14410
25746 14412
25750 14415
25754 14417
25758 14419
25762 14421
25766 14424
25770 14426
25774 14428
25778 14431
25782 14433
25786 14435
25790 14437
25794 14440
25798 14442
25802 14444
25806 14446
25810 14449
25814 14451
25818 14453
25822 14455
25826 14458
25830 14460
25834 14462
25838 14465
25842 14467
25846 14469
25850 14471
25854 14473
25858 14476
25862 14478
25866 14480
25870 14483
25874 14485
25878 14487
25882 14489
25886 14492
25890 14494
25894 14496
25898 14498
25902 14501
25906 14503
25910 14505
25914 14507
25918 14510
25922 14512
25926 14514
25930 14516
25934 14519
25938 14521
25942 14523
25946 14525
25950 14527
25954 14530
25958 14532
25962 14534
25966 14536
25970 14539
25974 14541
25978 14543
25982 14545
25986 14547
25990 14549
25994 14552
25998 14554
26002 14556
26006 14558
26010 14561
26014 14563
26018 14565
26022 14567
26026 14569
26030 14572
26034 14574
26038 14576
26042 14578
26046 14580
26050 14583
26054 14585
26058 14587
26062 14589
26066 14591
26070 14594
26074 14596
26078 14598
26082 14600
26086 14603
26090 14605
26094 14607
26098 14609
26102 14611
26106 14614
26110 14616
26114 14618
26118 14620
26122 14623
26126 14625
26130 14627
26134 14629
26138 14631
26142 14634
26146 14636
26150 14638
26154 14640
26158 14643
26162 14645
26166 14647
26170 14649
26174 14652
26178 14654
26182 14656
26186 14658
26190 14661
26194 14663
26198 14665
26202 14667
26206 14669
26210 14672
26214 14674
26218 14676
26222 14679
26226 14681
26230 14683
26234 14685
26238 14687
26242 14690
26246 14692
26250 14694
26254 14697
26258 14699
26262 14701
26266 14703
26270 14705
26274 14708
26278 14710
26282 14712
26286 14715
26290 14717
26294 14719
26298 14721
26302 14724
26306 14726
26310 14728
26314 14730
26318 14733
26322 14735
26326 14737
26330 14739
26334 14742
26338 14744
26342 14746
26346 14749
26350 14751
26354 14753
26358 14755
26362 14758
26366 14760
26370 14762
26374 14765
26378 14767
26382 14769
26386 14771
26390 14773
26394 14776
26398 14778
26402 14780
26406 14783
26410 14785
26414 14787
26418 14789
26422 14792
26426 14794
26430 14796
26434 14799
26438 14801
26442 14803
26446 14805
26450 14808
26454 14810
26458 14812
26462 14815
26466 14817
26470 14819
26474 14821
26478 14823
26482 14826
26486 14828
26490 14830
26494 14833
26498 14835
26502 14837
26506 14839
26510 14841
26514 14844
26518 14846
26522 14848
26526 14851
26530 14853
26534 14855
26538 14857
26542 14860
26546 14862
26550 14864
26554 14866
26558 14869
26562 14871
26566 14873
26570 14875
26574 14877
26578 14880
26582 14882
26586 14884
26590 14887
26594 14889
26598 14891
26602 14893
26606 14895
26610 14898
26614 14900
26618 14902
26622 14904
26626 14907
26630 14909
26634 14911
26638 14913
26642 14915
26646 14918
26650 14920
26654 14922
26658 14924
26662 14927
26666 14929
26670 14931
26674 14933
26678 14935
26682 14938
26686 14940
26690 14942
26694 14944
26698 14947
26702 14949
26706 14951
26710 14953
26714 14955
26718 14958
26722 14960
26726 14962
26730 14964
26734 14967
26738 14969
26742 14971
26746 14973
26750 14975
26754 14978
26758 14980
26762 14982
26766 14985
26770 14987
26774 14989
26778 14991
26782 14993
26786 14996
26790 14998
26794 15000
26798 15002
26802 15005
26806 15007
26810 15009
26814 15011
26818 15014
26822 15016
26826 15018
26830 15020
26834 15023
26838 15025
26842 15027
26846 15029
26850 15032
26854 15034
26858 15036
26862 15038
26866 15041
26870 15043
26874 15045
26878 15047
26882 15050
26886 15052
26890 15054
26894 15057
26898 15059
26902 15061
26906 15063
26910 15065
26914 15068
26918 15070
26922 15072
26926 15074
26930 15077
26934 15079
26938 15081
26942 15083
26946 15086
26950 15088
26954 15090
26958 15093
26962 15095
26966 15097
26970 15099
26974 15102
26978 15104
26982 15106
26986 15109
26990 15111
26994 15113
26998 15115
27002 15118
27006 15120
27010 15122
27014 15125
27018 15127
27022 15129
27026 15131
27030 15134
27034 15136
27038 15138
27042 15140
27046 15143
27050 15145
27054 15147
27058 15149
27062 15152
27066 15154
27070 15156
27074 15159
27078 15161
27082 15163
27086 15165
27090 15168
27094 15170
27098 15172
27102 15175
27106 15177
27110 15179
27114 15181
27118 15183
27122 15186
27126 15188
27130 15190
27134 15193
27138 15195
27142 15197
27146 15199
27150 15202
27154 15204
27158 15206
27162 15208
27166 15211
27170 15213
27174 15215
27178 15217
27182 15220
27186 15222
27190 15224
27194 15226
27198 15229
27202 15231
27206 15233
27210 15235
27214 15237
27218 15240
27222 15242
27226 15244
27230 15247
27234 15249
27238 15251
27242 15253
27246 15255
27250 15258
27254 15260
27258 15262
27262 15264
27266 15267
27270 15269
27274 15271
27278 15273
27282 15275
27286 15278
27290 15280
27294 15282
27298 15284
27302 15286
27306 15289
27310 15291
27314 15293
27318 15295
27322 15297
27326 15300
27330 15302
27334 15304
27338 15306
27342 15309
27346 15311
27350 15313
27354 15315
27358 15317
27362 15320
27366 15322
27370 15324
27374 15326
27378 15329
27382 15331
27386 15333
27390 15335
27394 15337
27398 15340
27402 15342
27406 15344
27410 15346
27414 15349
27418 15351
27422 15353
27426 15355
27430 15357
27434 15360
27438 15362
27442 15364
27446 15366
27450 15369
27454 15371
27458 15373
27462 15375
27466 15378
27470 15380
27474 15382
27478 15384
27482 15387
27486 15389
27490 15391
27494 15393
27498 15396
27502 15398
27506 15400
27510 15402
27514 15404
27518 15407
27522 15409
27526 15411
27530 15413
27534 15416
27538 15418
27542 15420
27546 15423
27550 15425
27554 15427
27558 15429
27562 15432
27566 15434
27570 15436
27574 15438
27578 15441
27582 15443
27586 15445
27590 15447
27594 15450
27598 15452
27602 15454
27606 15456
27610 15459
27614 15461
27618 15463
27622 15465
27626 15468
27630 15470
27634 15472
27638 15475
27642 15477
27646 15479
27650 15481
27654 15484
27658 15486
27662 15488
27666 15491
27670 15493
27674 15495
27678 15497
27682 15500
27686 15502
27690 15504
27694 15507
27698 15509
27702 15511
27706 15513
27710 15516
27714 15518
27718 15520
27722 15522
27726 15525
27730 15527
27734 15529
27738 15531
27742 15534
27746 15536
27750 15538
27754 15541
27758 15543
27762 15545
27766 15547
27770 15550
27774 15552
27778 15554
27782 15556
27786 15559
27790 15561
27794 15563
27798 15565
27802 15568
27806 15570
27810 15572
27814 15575
27818 15577
27822 15579
27826 15581
27830 15583
27834 15586
27838 15588
27842 15590
27846 15592
27850 15595
27854 15597
27858 15599
27862 15601
27866 15604
27870 15606
27874 15608
27878 15610
27882 15613
27886 15615
27890 15617
27894 15619
27898 15621
27902 15624
27906 15626
27910 15628
27914 15630
27918 15633
27922 15635
27926 15637
27930 15639
27934 15641
27938 15644
27942 15646
27946 15648
27950 15650
27954 15652
27958 15655
27962 15657
27966 15659
27970 15661
27974 15663
27978 15666
27982 15668
27986 15670
27990 15673
27994 15675
27998 15677
28002 15679
28006 15681
28010 15683
28014 15686
28018 15688
28022 15690
28026 15693
28030 15695
28034 15697
28038 15699
28042 15701
28046 15704
28050 15706
28054 15708
28058 15710
28062 15713
28066 15715
28070 15717
28074 15719
28078 15722
28082 15724
28086 15726
28090 15728
28094 15731
28098 15733
28102 15735
28106 15737
28110 15739
28114 15742
28118 15744
28122 15746
28126 15749
28130 15751
28134 15753
28138 15755
28142 15757
28146 15760
28150 15762
28154 15764
28158 15767
28162 15769
28166 15771
28170 15773
28174 15776
28178 15778
28182 15780
28186 15782
28190 15785
28194 15787
28198 15789
28202 15791
28206 15794
28210 15796
28214 15798
28218 15801
28222 15803
28226 15805
28230 15807
28234 15809
28238 15812
28242 15814
28246 15816
28250 15819
28254 15821
28258 15823
28262 15825
28266 15828
28270 15830
28274 15832
28278 15835
28282 15837
28286 15839
28290 15841
28294 15844
28298 15846
28302 15848
28306 15851
28310 15853
28314 15855
28318 15857
28322 15859
28326 15862
28330 15864
28334 15866
28338 15869
28342 15871
28346 15873
28350 15875
28354 15878
28358 15880
28362 15882
28366 15885
28370 15887
28374 15889
28378 15891
28382 15894
28386 15896
28390 15898
28394 15900
28398 15903
28402 15905
28406 15907
28410 15909
28414 15912
28418 15914
28422 15916
28426 15919
28430 15921
28434 15923
28438 15925
28442 15927
28446 15930
28450 15932
28454 15934
28458 15936
28462 15939
28466 15941
28470 15943
28474 15945
28478 15948
28482 15950
28486 15952
28490 15954
28494 15957
28498 15959
28502 15961
28506 15963
28510 15965
28514 15968
28518 15970
28522 15972
28526 15974
28530 15977
28534 15979
28538 15981
28542 15983
28546 15985
28550 15988
28554 15990
28558 15992
28562 15994
28566 15997
28570 15999
28574 16001
28578 16003
28582 16005
28586 16008
28590 16010
28594 16012
28598 16014
28602 16017
28606 16019
28610 16021
28614 16023
28618 16025
28622 16027
28626 16030
28630 16032
28634 16034
28638 16036
28642 16039
28646 16041
28650 16043
28654 16045
28658 16047
28662 16050
28666 16052
28670 16054
28674 16056
28678 16059
28682 16061
28686 16063
28690 16065
28694 16068
28698 16070
28702 16072
28706 16074
28710 16077
28714 16079
28718 16081
28722 16083
28726 16085
28730 16088
28734 16090
28738 16092
28742 16095
28746 16097
28750 16099
28754 16101
28758 16103
28762 16106
28766 16108
28770 16110
28774 16113
28778 16115
28782 16117
28786 16119
28790 16121
28794 16124
28798 16126
28802 16128
28806 16130
28810 16133
28814 16135
28818 16137
28822 16139
28826 16142
28830 16144
28834 16146
28838 16148
28842 16151
28846 16153
28850 16155
28854 16157
28858 16160
28862 16162
28866 16164
28870 16167
28874 16169
28878 16171
28882 16173
28886 16176
28890 16178
28894 16180
28898 16183
28902 16185
28906 16187
28910 16189
28914 16191
28918 16194
28922 16196
28926 16198
28930 16201
28934 16203
28938 16205
28942 16207
28946 16210
28950 16212
28954 16214
28958 16217
28962 16219
28966 16221
28970 16223
28974 16226
28978 16228
28982 16230
28986 16233
28990 16235
28994 16237
28998 16239
29002 16242
29006 16244
29010 16246
29014 16248
29018 16251
29022 16253
29026 16255
29030 16257
29034 16260
29038 16262
29042 16264
29046 16267
29050 16269
29054 16271
29058 16273
29062 16275
29066 16278
29070 16280
29074 16282
29078 16285
29082 16287
29086 16289
29090 16291
29094 16294
29098 16296
29102 16298
29106 16300
29110 16303
29114 16305
29118 16307
29122 16309
29126 16311
29130 16314
29134 16316
29138 16318
29142 16321
29146 16323
29150 16325
29154 16327
29158 16329
29162 16332
29166 16334
29170 16336
29174 16338
29178 16341
29182 16343
29186 16345
29190 16347
29194 16349
29198 16352
29202 16354
29206 16356
29210 16358
29214 16361
29218 16363
29222 16365
29226 16367
29230 16369
29234 16371
29238 16374
29242 16376
29246 16378
29250 16380
29254 16383
29258 16385
29262 16387
29266 16389
29270 16391
29274 16394
29278 16396
29282 16398
29286 16401
29290 16403
29294 16405
29298 16407
29302 16409
29306 16412
29310 16414
29314 16416
29318 16418
29322 16421
29326 16423
29330 16425
29334 16427
29338 16430
29342 16432
29346 16434
29350 16436
29354 16439
29358 16441
29362 16443
29366 16445
29370 16447
29374 16450
29378 16452
29382 16454
29386 16457
29390 16459
29394 16461
29398 16463
29402 16465
29406 16468
29410 16470
29414 16472
29418 16475
29422 16477
29426 16479
29430 16481
29434 16483
29438 16486
29442 16488
29446 16490
29450 16493
29454 16495
29458 16497
29462 16499
29466 16502
29470 16504
29474 16506
29478 16508
29482 16511
29486 16513
29490 16515
29494 16517
29498 16520
29502 16522
29506 16524
29510 16527
29514 16529
29518 16531
29522 16533
29526 16535
29530 16538
29534 16540
29538 16543
29542 16545
29546 16547
29550 16549
29554 16551
29558 16554
29562 16556
29566 16558
29570 16561
29574 16563
29578 16565
29582 16567
29586 16570
29590 16572
29594 16574
29598 16576
29602 16579
29606 16581
29610 16583
29614 16586
29618 16588
29622 16590
29626 16592
29630 16595
29634 16597
29638 16599
29642 16601
29646 16604
29650 16606
29654 16608
29658 16611
29662 16613
29666 16615
29670 16617
29674 16620
29678 16622
29682 16624
29686 16626
29690 16629
29694 16631
29698 16633
29702 16635
29706 16638
29710 16640
29714 16642
29718 16644
29722 16647
29726 16649
29730 16651
29734 16653
29738 16656
29742 16658
29746 16660
29750 16663
29754 16665
29758 16667
29762 16669
29766 16671
29770 16674
29774 16676
29778 16678
29782 16680
29786 16683
29790 16685
29794 16687
29798 16689
29802 16691
29806 16694
29810 16696
29814 16698
29818 16700
29822 16703
29826 16705
29830 16707
29834 16709
29838 16711
29842 16714
29846 16716
29850 16718
29854 16720
29858 16723
29862 16725
29866 16727
29870 16729
29874 16731
29878 16734
29882 16736
29886 16738
29890 16740
29894 16743
29898 16745
29902 16747
29906 16749
29910 16751
29914 16753
29918 16756
29922 16758
29926 16760
29930 16762
29934 16765
29938 16767
29942 16769
29946 16771
29950 16773
29954 16776
29958 16778
29962 16780
29966 16783
29970 16785
29974 16787
29978 16789
29982 16791
29986 16794
29990 16796
29994 16798
29998 16800
