10 0
14 0
18 0
22 0
26 1
30 2
34 2
38 3
42 4
46 5
50 6
54 8
58 9
62 11
66 12
70 14
74 16
78 18
82 19
86 21
90 23
94 26
98 28
102 30
106 32
110 34
114 37
118 39
122 42
126 44
130 46
134 49
138 52
142 54
146 57
150 59
154 62
158 65
162 67
166 70
170 73
174 76
178 78
182 81
186 84
190 87
194 90
198 92
202 95
206 98
210 101
214 104
218 107
222 110
226 112
230 115
234 118
238 121
242 124
246 127
250 130
254 133
258 136
262 139
266 142
270 145
274 148
278 151
282 154
286 157
290 160
294 163
298 166
302 169
306 172
310 175
314 178
318 181
322 184
326 187
330 190
334 193
338 196
342 199
346 202
350 205
354 208
358 211
362 214
366 217
370 220
374 223
378 226
382 229
386 232
390 235
394 238
398 241
402 244
406 247
410 250
414 253
418 256
422 259
426 262
430 265
434 268
438 271
442 274
446 277
450 280
454 283
458 286
462 289
466 292
470 295
474 298
478 301
482 304
486 307
490 310
494 313
498 316
502 319
506 322
510 325
514 328
518 331
522 334
526 337
530 340
534 343
538 346
542 349
546 352
550 355
554 358
558 362
562 364
566 368
570 371
574 374
578 377
582 380
586 383
590 386
594 389
598 392
602 395
606 398
610 401
614 404
618 407
622 410
626 413
630 416
634 419
638 422
642 425
646 428
650 431
654 434
658 438
662 441
666 444
670 447
674 450
678 453
682 456
686 459
690 462
694 465
698 468
702 471
706 474
710 477
714 480
718 483
722 486
726 490
730 493
734 496
738 499
742 502
746 505
750 508
754 511
758 514
762 517
766 520
770 523
774 526
778 529
782 532
786 535
790 538
794 542
798 544
802 548
806 550
810 554
814 557
818 560
822 563
826 566
830 569
834 572
838 575
842 578
846 581
850 584
854 587
858 590
862 593
866 596
870 599
874 602
878 605
882 608
886 611
890 614
894 617
898 620
902 623
906 626
910 630
914 633
918 636
922 639
926 642
930 645
934 648
938 651
942 654
946 657
950 660
954 663
958 666
962 669
966 672
970 675
974 678
978 681
982 684
986 687
990 690
994 693
998 696
1002 700
1006 702
1010 706
1014 709
1018 712
1022 715
1026 718
1030 721
1034 724
1038 727
1042 730
1046 733
1050 736
1054 739
1058 742
1062 745
1066 748
1070 751
1074 754
1078 758
1082 760
1086 764
1090 766
1094 770
1098 773
1102 776
1106 779
1110 782
1114 785
1118 788
1122 791
1126 794
1130 797
1134 800
1138 803
1142 806
1146 809
1150 812
1154 815
1158 818
1162 822
1166 825
1170 828
1174 831
1178 834
1182 837
1186 840
1190 843
1194 846
1198 849
1202 852
1206 855
1210 858
1214 861
1218 864
1222 867
1226 870
1230 874
1234 876
1238 880
1242 883
1246 886
1250 889
1254 892
1258 895
1262 898
1266 901
1270 904
1274 907
1278 910
1282 913
1286 916
1290 919
1294 922
1298 925
1302 928
1306 931
1310 934
1314 937
1318 940
1322 943
1326 946
1330 949
1334 952
1338 955
1342 958
1346 961
1350 964
1354 968
1358 970
1362 974
1366 977
1370 980
1374 983
1378 986
1382 989
1386 992
1390 995
1394 998
1398 1001
1402 1004
1406 1007
1410 1010
1414 1013
1418 1016
1422 1019
1426 1022
1430 1025
1434 1028
1438 1031
1442 1034
1446 1037
1450 1040
1454 1043
1458 1046
1462 1050
1466 1052
1470 1056
1474 1059
1478 1062
1482 1065
1486 1068
1490 1071
1494 1074
1498 1077
1502 1080
1506 1083
1510 1086
1514 1089
1518 1092
1522 1095
1526 1098
1530 1101
1534 1104
1538 1108
1542 1110
1546 1114
1550 1117
1554 1120
1558 1123
1562 1126
1566 1129
1570 1132
1574 1135
1578 1138
1582 1141
1586 1144
1590 1147
1594 1150
1598 1153
1602 1157
1606 1160
1610 1163
1614 1166
1618 1169
1622 1172
1626 1175
1630 1178
1634 1181
1638 1184
1642 1187
1646 1190
1650 1193
1654 1196
1658 1200
1662 1203
1666 1206
1670 1209
1674 1212
1678 1215
1682 1218
1686 1221
1690 1224
1694 1227
1698 1230
1702 1233
1706 1236
1710 1239
1714 1242
1718 1245
1722 1248
1726 1251
1730 1254
1734 1258
1738 1261
1742 1264
1746 1267
1750 1270
1754 1273
1758 1276
1762 1279
1766 1282
1770 1285
1774 1288
1778 1291
1782 1294
1786 1297
1790 1300
1794 1303
1798 1306
1802 1309
1806 1312
1810 1315
1814 1318
1818 1321
1822 1324
1826 1327
1830 1330
1834 1333
1838 1336
1842 1339
1846 1342
1850 1345
1854 1348
1858 1352
1862 1354
1866 1358
1870 1360
1874 1364
1878 1366
1882 1370
1886 1373
1890 1376
1894 1379
1898 1382
1902 1385
1906 1388
1910 1391
1914 1394
1918 1397
1922 1400
1926 1403
1930 1406
1934 1409
1938 1412
1942 1415
1946 1418
1950 1421
1954 1424
1958 1427
1962 1430
1966 1433
1970 1436
1974 1439
1978 1442
1982 1445
1986 1448
1990 1452
1994 1455
1998 1458
2002 1461
2006 1464
2010 1467
2014 1470
2018 1473
2022 1476
2026 1479
2030 1482
2034 1485
2038 1488
2042 1491
2046 1494
2050 1497
2054 1500
2058 1504
2062 1507
2066 1510
2070 1513
2074 1516
2078 1519
2082 1522
2086 1525
2090 1528
2094 1531
2098 1534
2102 1537
2106 1540
2110 1544
2114 1547
2118 1550
2122 1553
2126 1556
2130 1559
2134 1562
2138 1565
2142 1568
2146 1571
2150 1574
2154 1577
2158 1580
2162 1583
2166 1586
2170 1590
2174 1593
2178 1596
2182 1599
2186 1602
2190 1605
2194 1608
2198 1611
2202 1614
2206 1617
2210 1620
2214 1623
2218 1626
2222 1629
2226 1632
2230 1635
2234 1638
2238 1642
2242 1645
2246 1648
2250 1651
2254 1654
2258 1657
2262 1660
2266 1663
2270 1666
2274 1669
2278 1672
2282 1675
2286 1678
2290 1681
2294 1684
2298 1687
2302 1690
2306 1693
2310 1696
2314 1699
2318 1702
2322 1705
2326 1708
2330 1711
2334 1714
2338 1717
2342 1720
2346 1723
2350 1726
2354 1729
2358 1732
2362 1736
2366 1738
2370 1742
2374 1745
2378 1748
2382 1751
2386 1754
2390 1757
2394 1760
2398 1763
2402 1766
2406 1769
2410 1772
2414 1775
2418 1778
2422 1781
2426 1784
2430 1787
2434 1790
2438 1793
2442 1796
2446 1799
2450 1802
2454 1805
2458 1808
2462 1811
2466 1814
2470 1818
2474 1820
2478 1824
2482 1827
2486 1830
2490 1833
2494 1836
2498 1839
2502 1842
2506 1845
2510 1848
2514 1851
2518 1854
2522 1857
2526 1860
2530 1863
2534 1866
2538 1869
2542 1872
2546 1876
2550 1879
2554 1882
2558 1885
2562 1888
2566 1891
2570 1894
2574 1897
2578 1900
2582 1903
2586 1906
2590 1909
2594 1912
2598 1915
2602 1918
2606 1921
2610 1924
2614 1928
2618 1931
2622 1934
2626 1937
2630 1940
2634 1943
2638 1946
2642 1949
2646 1952
2650 1955
2654 1958
2658 1961
2662 1964
2666 1967
2670 1970
2674 1974
2678 1976
2682 1980
2686 1983
2690 1986
2694 1989
2698 1992
2702 1995
2706 1998
2710 2001
2714 2004
2718 2007
2722 2010
2726 2013
2730 2016
2734 2019
2738 2022
2742 2025
2746 2028
2750 2031
2754 2034
2758 2037
2762 2040
2766 2043
2770 2046
2774 2050
2778 2052
2782 2056
2786 2058
2790 2062
2794 2065
2798 2068
2802 2071
2806 2074
2810 2077
2814 2080
2818 2083
2822 2086
2826 2089
2830 2092
2834 2095
2838 2098
2842 2101
2846 2104
2850 2107
2854 2110
2858 2113
2862 2116
2866 2119
2870 2122
2874 2126
2878 2128
2882 2132
2886 2134
2890 2138
2894 2141
2898 2144
2902 2147
2906 2150
2910 2153
2914 2156
2918 2159
2922 2162
2926 2165
2930 2168
2934 2171
2938 2174
2942 2177
2946 2180
2950 2184
2954 2186
2958 2190
2962 2193
2966 2196
2970 2199
2974 2202
2978 2205
2982 2208
2986 2211
2990 2214
2994 2217
2998 2220
3002 2223
3006 2226
3010 2229
3014 2232
3018 2235
3022 2238
3026 2242
3030 2245
3034 2248
3038 2251
3042 2254
3046 2257
3050 2260
3054 2263
3058 2266
3062 2269
3066 2272
3070 2275
3074 2278
3078 2281
3082 2284
3086 2287
3090 2290
3094 2294
3098 2297
3102 2300
3106 2303
3110 2306
3114 2309
3118 2312
3122 2315
3126 2318
3130 2321
3134 2324
3138 2327
3142 2330
3146 2333
3150 2336
3154 2339
3158 2342
3162 2345
3166 2348
3170 2351
3174 2354
3178 2358
3182 2360
3186 2364
3190 2367
3194 2370
3198 2373
3202 2376
3206 2379
3210 2382
3214 2385
3218 2388
3222 2391
3226 2394
3230 2397
3234 2400
3238 2403
3242 2406
3246 2409
3250 2412
3254 2415
3258 2418
3262 2421
3266 2424
3270 2427
3274 2430
3278 2433
3282 2436
3286 2439
3290 2442
3294 2445
3298 2448
3302 2451
3306 2454
3310 2457
3314 2460
3318 2463
3322 2466
3326 2469
3330 2472
3334 2475
3338 2478
3342 2482
3346 2485
3350 2488
3354 2491
3358 2494
3362 2497
3366 2500
3370 2503
3374 2506
3378 2509
3382 2512
3386 2515
3390 2518
3394 2521
3398 2524
3402 2527
3406 2530
3410 2533
3414 2536
3418 2539
3422 2542
3426 2546
3430 2549
3434 2552
3438 2555
3442 2558
3446 2561
3450 2564
3454 2567
3458 2570
3462 2573
3466 2576
3470 2579
3474 2582
3478 2586
3482 2588
3486 2592
3490 2595
3494 2598
3498 2601
3502 2604
3506 2607
3510 2610
3514 2613
3518 2616
3522 2619
3526 2622
3530 2626
3534 2629
3538 2632
3542 2635
3546 2638
3550 2641
3554 2644
3558 2647
3562 2650
3566 2653
3570 2656
3574 2659
3578 2662
3582 2665
3586 2668
3590 2672
3594 2675
3598 2678
3602 2681
3606 2684
3610 2687
3614 2690
3618 2693
3622 2696
3626 2699
3630 2702
3634 2705
3638 2708
3642 2711
3646 2714
3650 2717
3654 2720
3658 2723
3662 2726
3666 2730
3670 2732
3674 2736
3678 2738
3682 2742
3686 2745
3690 2748
3694 2751
3698 2754
3702 2757
3706 2760
3710 2763
3714 2766
3718 2769
3722 2772
3726 2775
3730 2778
3734 2781
3738 2784
3742 2787
3746 2790
3750 2793
3754 2796
3758 2799
3762 2802
3766 2805
3770 2808
3774 2811
3778 2814
3782 2817
3786 2820
3790 2823
3794 2826
3798 2829
3802 2832
3806 2835
3810 2838
3814 2842
3818 2845
3822 2848
3826 2850
3830 2854
3834 2857
3838 2860
3842 2863
3846 2866
3850 2869
3854 2872
3858 2875
3862 2878
3866 2881
3870 2884
3874 2887
3878 2890
3882 2893
3886 2896
3890 2899
3894 2902
3898 2905
3902 2908
3906 2912
3910 2914
3914 2918
3918 2921
3922 2924
3926 2927
3930 2930
3934 2933
3938 2936
3942 2939
3946 2942
3950 2945
3954 2948
3958 2951
3962 2954
3966 2957
3970 2960
3974 2964
3978 2967
3982 2970
3986 2973
3990 2976
3994 2979
3998 2982
4002 2985
4006 2988
4010 2991
4014 2994
4018 2997
4022 3000
4026 3004
4030 3006
4034 3010
4038 3013
4042 3016
4046 3019
4050 3022
4054 3025
4058 3028
4062 3031
4066 3034
4070 3037
4074 3040
4078 3043
4082 3046
4086 3050
4090 3053
4094 3056
4098 3059
4102 3062
4106 3065
4110 3068
4114 3071
4118 3074
4122 3077
4126 3080
4130 3083
4134 3086
4138 3089
4142 3092
4146 3095
4150 3098
4154 3101
4158 3104
4162 3108
4166 3110
4170 3114
4174 3117
4178 3120
4182 3123
4186 3126
4190 3129
4194 3132
4198 3135
4202 3138
4206 3141
4210 3144
4214 3147
4218 3150
4222 3153
4226 3156
4230 3159
4234 3162
4238 3165
4242 3168
4246 3171
4250 3174
4254 3177
4258 3180
4262 3183
4266 3186
4270 3189
4274 3192
4278 3196
4282 3199
4286 3202
4290 3205
4294 3208
4298 3211
4302 3214
4306 3217
4310 3220
4314 3223
4318 3226
4322 3229
4326 3232
4330 3235
4334 3238
4338 3241
4342 3244
4346 3247
4350 3250
4354 3253
4358 3256
4362 3259
4366 3262
4370 3266
4374 3268
4378 3272
4382 3275
4386 3278
4390 3281
4394 3284
4398 3287
4402 3290
4406 3293
4410 3296
4414 3299
4418 3302
4422 3305
4426 3308
4430 3311
4434 3314
4438 3317
4442 3320
4446 3324
4450 3327
4454 3330
4458 3333
4462 3336
4466 3339
4470 3342
4474 3345
4478 3348
4482 3351
4486 3354
4490 3357
4494 3360
4498 3363
4502 3366
4506 3370
4510 3372
4514 3376
4518 3378
4522 3382
4526 3385
4530 3388
4534 3391
4538 3394
4542 3397
4546 3400
4550 3403
4554 3406
4558 3409
4562 3412
4566 3415
4570 3418
4574 3421
4578 3424
4582 3427
4586 3430
4590 3433
4594 3437
4598 3440
4602 3443
4606 3446
4610 3449
4614 3452
4618 3455
4622 3458
4626 3461
4630 3464
4634 3467
4638 3470
4642 3473
4646 3476
4650 3479
4654 3482
4658 3485
4662 3488
4666 3491
4670 3494
4674 3497
4678 3500
4682 3503
4686 3506
4690 3510
4694 3512
4698 3516
4702 3519
4706 3522
4710 3525
4714 3528
4718 3531
4722 3534
4726 3537
4730 3540
4734 3543
4738 3546
4742 3549
4746 3552
4750 3555
4754 3558
4758 3561
4762 3564
4766 3567
4770 3570
4774 3574
4778 3576
4782 3580
4786 3583
4790 3586
4794 3589
4798 3592
4802 3595
4806 3598
4810 3601
4814 3604
4818 3607
4822 3610
4826 3613
4830 3616
4834 3619
4838 3622
4842 3626
4846 3628
4850 3632
4854 3635
4858 3638
4862 3641
4866 3644
4870 3647
4874 3650
4878 3653
4882 3656
4886 3659
4890 3662
4894 3665
4898 3668
4902 3671
4906 3674
4910 3678
4914 3681
4918 3684
4922 3687
4926 3690
4930 3693
4934 3696
4938 3699
4942 3702
4946 3705
4950 3708
4954 3711
4958 3714
4962 3717
4966 3720
4970 3724
4974 3727
4978 3730
4982 3733
4986 3736
4990 3739
4994 3742
4998 3745
5002 3748
5006 3751
5010 3754
5014 3757
5018 3760
5022 3763
5026 3766
5030 3769
5034 3772
5038 3776
5042 3778
5046 3782
5050 3785
5054 3788
5058 3791
5062 3794
5066 3797
5070 3800
5074 3803
5078 3806
5082 3809
5086 3812
5090 3815
5094 3818
5098 3821
5102 3824
5106 3827
5110 3830
5114 3833
5118 3836
5122 3839
5126 3842
5130 3845
5134 3848
5138 3851
5142 3854
5146 3857
5150 3860
5154 3863
5158 3866
5162 3869
5166 3872
5170 3876
5174 3879
5178 3882
5182 3885
5186 3888
5190 3891
5194 3894
5198 3897
5202 3900
5206 3903
5210 3906
5214 3909
5218 3912
5222 3915
5226 3918
5230 3921
5234 3924
5238 3927
5242 3930
5246 3933
5250 3936
5254 3939
5258 3942
5262 3946
5266 3949
5270 3952
5274 3955
5278 3958
5282 3961
5286 3964
5290 3967
5294 3970
5298 3973
5302 3976
5306 3979
5310 3982
5314 3985
5318 3988
5322 3991
5326 3994
5330 3998
5334 4001
5338 4004
5342 4007
5346 4010
5350 4013
5354 4016
5358 4019
5362 4022
5366 4025
5370 4028
5374 4031
5378 4034
5382 4038
5386 4040
5390 4044
5394 4047
5398 4050
5402 4053
5406 4056
5410 4059
5414 4062
5418 4065
5422 4068
5426 4071
5430 4074
5434 4077
5438 4080
5442 4084
5446 4087
5450 4090
5454 4093
5458 4096
5462 4099
5466 4102
5470 4105
5474 4108
5478 4111
5482 4114
5486 4117
5490 4120
5494 4123
5498 4126
5502 4130
5506 4133
5510 4136
5514 4139
5518 4142
5522 4145
5526 4148
5530 4151
5534 4154
5538 4157
5542 4160
5546 4163
5550 4166
5554 4169
5558 4172
5562 4175
5566 4178
5570 4181
5574 4184
5578 4187
5582 4190
5586 4193
5590 4196
5594 4199
5598 4202
5602 4205
5606 4208
5610 4211
5614 4214
5618 4217
5622 4220
5626 4223
5630 4226
5634 4230
5638 4233
5642 4236
5646 4239
5650 4242
5654 4245
5658 4248
5662 4251
5666 4254
5670 4257
5674 4260
5678 4263
5682 4266
5686 4269
5690 4272
5694 4275
5698 4278
5702 4281
5706 4284
5710 4287
5714 4290
5718 4293
5722 4296
5726 4299
5730 4302
5734 4305
5738 4308
5742 4311
5746 4314
5750 4317
5754 4320
5758 4323
5762 4326
5766 4330
5770 4332
5774 4336
5778 4339
5782 4342
5786 4345
5790 4348
5794 4351
5798 4354
5802 4357
5806 4360
5810 4363
5814 4366
5818 4369
5822 4372
5826 4375
5830 4378
5834 4381
5838 4384
5842 4388
5846 4390
5850 4394
5854 4397
5858 4400
5862 4403
5866 4406
5870 4409
5874 4412
5878 4415
5882 4418
5886 4421
5890 4424
5894 4428
5898 4430
5902 4434
5906 4436
5910 4440
5914 4443
5918 4446
5922 4449
5926 4452
5930 4455
5934 4458
5938 4461
5942 4464
5946 4467
5950 4470
5954 4473
5958 4476
5962 4480
5966 4482
5970 4486
5974 4489
5978 4492
5982 4495
5986 4498
5990 4501
5994 4504
5998 4507
6002 4510
6006 4513
6010 4516
6014 4519
6018 4522
6022 4525
6026 4528
6030 4532
6034 4534
6038 4538
6042 4541
6046 4544
6050 4547
6054 4550
6058 4553
6062 4556
6066 4559
6070 4562
6074 4565
6078 4568
6082 4571
6086 4574
6090 4577
6094 4580
6098 4583
6102 4586
6106 4589
6110 4592
6114 4595
6118 4598
6122 4601
6126 4604
6130 4608
6134 4610
6138 4614
6142 4617
6146 4620
6150 4623
6154 4626
6158 4629
6162 4632
6166 4635
6170 4638
6174 4641
6178 4644
6182 4647
6186 4650
6190 4653
6194 4656
6198 4659
6202 4662
6206 4665
6210 4668
6214 4671
6218 4674
6222 4677
6226 4680
6230 4683
6234 4686
6238 4690
6242 4692
6246 4696
6250 4699
6254 4702
6258 4705
6262 4708
6266 4711
6270 4714
6274 4717
6278 4720
6282 4723
6286 4726
6290 4729
6294 4732
6298 4735
6302 4738
6306 4741
6310 4744
6314 4748
6318 4750
6322 4754
6326 4757
6330 4760
6334 4763
6338 4766
6342 4769
6346 4772
6350 4775
6354 4778
6358 4781
6362 4784
6366 4787
6370 4790
6374 4793
6378 4796
6382 4799
6386 4802
6390 4806
6394 4809
6398 4812
6402 4815
6406 4818
6410 4821
6414 4824
6418 4827
6422 4830
6426 4833
6430 4836
6434 4839
6438 4842
6442 4845
6446 4848
6450 4851
6454 4854
6458 4858
6462 4861
6466 4864
6470 4867
6474 4870
6478 4873
6482 4876
6486 4879
6490 4882
6494 4885
6498 4888
6502 4891
6506 4894
6510 4897
6514 4900
6518 4903
6522 4906
6526 4909
6530 4912
6534 4915
6538 4918
6542 4921
6546 4924
6550 4927
6554 4930
6558 4934
6562 4936
6566 4940
6570 4942
6574 4946
6578 4948
6582 4952
6586 4955
6590 4958
6594 4961
6598 4964
6602 4967
6606 4970
6610 4973
6614 4976
6618 4979
6622 4982
6626 4985
6630 4988
6634 4991
6638 4994
6642 4997
6646 5000
6650 5003
6654 5006
6658 5010
6662 5012
6666 5016
6670 5018
6674 5022
6678 5025
6682 5028
6686 5031
6690 5034
6694 5037
6698 5040
6702 5043
6706 5046
6710 5049
6714 5052
6718 5055
6722 5058
6726 5061
6730 5064
6734 5067
6738 5070
6742 5074
6746 5077
6750 5080
6754 5083
6758 5086
6762 5089
6766 5092
6770 5095
6774 5098
6778 5101
6782 5104
6786 5107
6790 5110
6794 5113
6798 5116
6802 5120
6806 5123
6810 5126
6814 5129
6818 5132
6822 5135
6826 5138
6830 5141
6834 5144
6838 5147
6842 5150
6846 5153
6850 5156
6854 5159
6858 5162
6862 5166
6866 5169
6870 5172
6874 5175
6878 5178
6882 5181
6886 5184
6890 5187
6894 5190
6898 5193
6902 5196
6906 5199
6910 5202
6914 5205
6918 5208
6922 5211
6926 5214
6930 5218
6934 5220
6938 5224
6942 5226
6946 5230
6950 5233
6954 5236
6958 5239
6962 5242
6966 5245
6970 5248
6974 5251
6978 5254
6982 5257
6986 5260
6990 5263
6994 5266
6998 5269
7002 5272
7006 5275
7010 5278
7014 5281
7018 5284
7022 5287
7026 5290
7030 5293
7034 5296
7038 5299
7042 5302
7046 5305
7050 5308
7054 5311
7058 5314
7062 5318
7066 5320
7070 5324
7074 5326
7078 5330
7082 5332
7086 5336
7090 5339
7094 5342
7098 5345
7102 5348
7106 5351
7110 5354
7114 5357
7118 5360
7122 5363
7126 5366
7130 5369
7134 5372
7138 5375
7142 5378
7146 5381
7150 5384
7154 5387
7158 5390
7162 5393
7166 5396
7170 5399
7174 5402
7178 5406
7182 5409
7186 5412
7190 5415
7194 5418
7198 5421
7202 5424
7206 5427
7210 5430
7214 5433
7218 5436
7222 5439
7226 5442
7230 5445
7234 5448
7238 5451
7242 5454
7246 5458
7250 5461
7254 5464
7258 5467
7262 5470
7266 5473
7270 5476
7274 5479
7278 5482
7282 5485
7286 5488
7290 5491
7294 5494
7298 5498
7302 5501
7306 5504
7310 5507
7314 5510
7318 5513
7322 5516
7326 5519
7330 5522
7334 5525
7338 5528
7342 5531
7346 5534
7350 5538
7354 5540
7358 5544
7362 5547
7366 5550
7370 5553
7374 5556
7378 5559
7382 5562
7386 5565
7390 5568
7394 5571
7398 5574
7402 5578
7406 5580
7410 5584
7414 5586
7418 5590
7422 5592
7426 5596
7430 5599
7434 5602
7438 5605
7442 5608
7446 5611
7450 5614
7454 5617
7458 5620
7462 5623
7466 5626
7470 5629
7474 5632
7478 5635
7482 5638
7486 5641
7490 5644
7494 5647
7498 5650
7502 5653
7506 5656
7510 5659
7514 5662
7518 5665
7522 5668
7526 5671
7530 5674
7534 5677
7538 5680
7542 5683
7546 5686
7550 5690
7554 5692
7558 5696
7562 5699
7566 5702
7570 5705
7574 5708
7578 5711
7582 5714
7586 5717
7590 5720
7594 5723
7598 5726
7602 5729
7606 5732
7610 5735
7614 5738
7618 5741
7622 5744
7626 5747
7630 5750
7634 5753
7638 5756
7642 5759
7646 5762
7650 5765
7654 5768
7658 5771
7662 5774
7666 5777
7670 5780
7674 5784
7678 5786
7682 5790
7686 5793
7690 5796
7694 5799
7698 5802
7702 5805
7706 5808
7710 5811
7714 5814
7718 5817
7722 5820
7726 5823
7730 5826
7734 5829
7738 5832
7742 5835
7746 5838
7750 5842
7754 5845
7758 5848
7762 5851
7766 5854
7770 5857
7774 5860
7778 5863
7782 5866
7786 5869
7790 5872
7794 5875
7798 5878
7802 5882
7806 5884
7810 5888
7814 5891
7818 5894
7822 5897
7826 5900
7830 5903
7834 5906
7838 5909
7842 5912
7846 5915
7850 5918
7854 5921
7858 5924
7862 5928
7866 5930
7870 5934
7874 5937
7878 5940
7882 5943
7886 5946
7890 5949
7894 5952
7898 5955
7902 5958
7906 5961
7910 5964
7914 5967
7918 5970
7922 5973
7926 5976
7930 5979
7934 5982
7938 5986
7942 5988
7946 5992
7950 5995
7954 5998
7958 6001
7962 6004
7966 6007
7970 6010
7974 6013
7978 6016
7982 6019
7986 6022
7990 6025
7994 6028
7998 6031
8002 6034
8006 6037
8010 6040
8014 6043
8018 6046
8022 6049
8026 6052
8030 6056
8034 6058
8038 6062
8042 6064
8046 6068
8050 6071
8054 6074
8058 6077
8062 6080
8066 6083
8070 6086
8074 6089
8078 6092
8082 6095
8086 6098
8090 6101
8094 6104
8098 6107
8102 6110
8106 6113
8110 6116
8114 6119
8118 6122
8122 6125
8126 6128
8130 6131
8134 6134
8138 6138
8142 6140
8146 6144
8150 6147
8154 6150
8158 6153
8162 6156
8166 6159
8170 6162
8174 6165
8178 6168
8182 6171
8186 6174
8190 6177
8194 6180
8198 6183
8202 6186
8206 6189
8210 6192
8214 6196
8218 6199
8222 6202
8226 6205
8230 6208
8234 6211
8238 6214
8242 6217
8246 6220
8250 6223
8254 6226
8258 6229
8262 6232
8266 6235
8270 6238
8274 6241
8278 6244
8282 6248
8286 6251
8290 6254
8294 6257
8298 6260
8302 6263
8306 6266
8310 6269
8314 6272
8318 6275
8322 6278
8326 6281
8330 6284
8334 6287
8338 6290
8342 6293
8346 6296
8350 6299
8354 6302
8358 6305
8362 6308
8366 6312
8370 6314
8374 6318
8378 6321
8382 6324
8386 6327
8390 6330
8394 6333
8398 6336
8402 6339
8406 6342
8410 6345
8414 6348
8418 6351
8422 6354
8426 6357
8430 6360
8434 6363
8438 6366
8442 6369
8446 6372
8450 6375
8454 6378
8458 6381
8462 6384
8466 6387
8470 6390
8474 6394
8478 6396
8482 6400
8486 6403
8490 6406
8494 6409
8498 6412
8502 6415
8506 6418
8510 6421
8514 6424
8518 6427
8522 6430
8526 6433
8530 6436
8534 6439
8538 6442
8542 6445
8546 6448
8550 6451
8554 6454
8558 6457
8562 6460
8566 6464
8570 6467
8574 6470
8578 6473
8582 6476
8586 6479
8590 6482
8594 6485
8598 6488
8602 6491
8606 6494
8610 6497
8614 6500
8618 6503
8622 6506
8626 6509
8630 6512
8634 6516
8638 6519
8642 6522
8646 6525
8650 6528
8654 6531
8658 6534
8662 6537
8666 6540
8670 6543
8674 6546
8678 6549
8682 6552
8686 6555
8690 6558
8694 6562
8698 6565
8702 6568
8706 6571
8710 6574
8714 6577
8718 6580
8722 6583
8726 6586
8730 6589
8734 6592
8738 6595
8742 6598
8746 6601
8750 6604
8754 6608
8758 6610
8762 6614
8766 6617
8770 6620
8774 6623
8778 6626
8782 6629
8786 6632
8790 6635
8794 6638
8798 6641
8802 6644
8806 6647
8810 6650
8814 6653
8818 6656
8822 6659
8826 6662
8830 6666
8834 6668
8838 6672
8842 6674
8846 6678
8850 6681
8854 6684
8858 6687
8862 6690
8866 6693
8870 6696
8874 6699
8878 6702
8882 6705
8886 6708
8890 6711
8894 6714
8898 6717
8902 6720
8906 6723
8910 6726
8914 6729
8918 6732
8922 6735
8926 6738
8930 6741
8934 6744
8938 6747
8942 6750
8946 6753
8950 6756
8954 6759
8958 6762
8962 6765
8966 6768
8970 6771
8974 6774
8978 6777
8982 6780
8986 6784
8990 6786
8994 6790
8998 6792
9002 6796
9006 6799
9010 6802
9014 6805
9018 6808
9022 6811
9026 6814
9030 6817
9034 6820
9038 6823
9042 6826
9046 6829
9050 6832
9054 6835
9058 6838
9062 6841
9066 6844
9070 6847
9074 6850
9078 6853
9082 6856
9086 6859
9090 6862
9094 6866
9098 6869
9102 6872
9106 6875
9110 6878
9114 6881
9118 6884
9122 6887
9126 6890
9130 6893
9134 6896
9138 6899
9142 6902
9146 6906
9150 6908
9154 6912
9158 6915
9162 6918
9166 6921
9170 6924
9174 6927
9178 6930
9182 6933
9186 6936
9190 6939
9194 6942
9198 6946
9202 6948
9206 6952
9210 6955
9214 6958
9218 6961
9222 6964
9226 6967
9230 6970
9234 6973
9238 6976
9242 6979
9246 6982
9250 6985
9254 6988
9258 6992
9262 6995
9266 6998
9270 7001
9274 7004
9278 7007
9282 7010
9286 7013
9290 7016
9294 7019
9298 7022
9302 7025
9306 7028
9310 7031
9314 7034
9318 7038
9322 7040
9326 7044
9330 7047
9334 7050
9338 7053
9342 7056
9346 7059
9350 7062
9354 7065
9358 7068
9362 7071
9366 7074
9370 7077
9374 7080
9378 7083
9382 7086
9386 7089
9390 7092
9394 7095
9398 7098
9402 7101
9406 7104
9410 7107
9414 7110
9418 7113
9422 7116
9426 7119
9430 7122
9434 7125
9438 7128
9442 7131
9446 7134
9450 7137
9454 7140
9458 7144
9462 7146
9466 7150
9470 7152
9474 7156
9478 7159
9482 7162
9486 7165
9490 7168
9494 7171
9498 7174
9502 7177
9506 7180
9510 7183
9514 7186
9518 7189
9522 7192
9526 7195
9530 7198
9534 7201
9538 7204
9542 7207
9546 7210
9550 7213
9554 7216
9558 7219
9562 7222
9566 7226
9570 7228
9574 7232
9578 7235
9582 7238
9586 7241
9590 7244
9594 7247
9598 7250
9602 7253
9606 7256
9610 7259
9614 7262
9618 7265
9622 7268
9626 7271
9630 7274
9634 7277
9638 7280
9642 7284
9646 7287
9650 7290
9654 7293
9658 7296
9662 7299
9666 7302
9670 7305
9674 7308
9678 7311
9682 7314
9686 7317
9690 7320
9694 7323
9698 7326
9702 7330
9706 7332
9710 7336
9714 7339
9718 7342
9722 7345
9726 7348
9730 7351
9734 7354
9738 7357
9742 7360
9746 7363
9750 7366
9754 7369
9758 7372
9762 7376
9766 7378
9770 7382
9774 7385
9778 7388
9782 7391
9786 7394
9790 7397
9794 7400
9798 7403
9802 7406
9806 7409
9810 7412
9814 7415
9818 7418
9822 7421
9826 7424
9830 7427
9834 7430
9838 7433
9842 7436
9846 7439
9850 7442
9854 7445
9858 7448
9862 7452
9866 7454
9870 7458
9874 7460
9878 7464
9882 7467
9886 7470
9890 7473
9894 7476
9898 7479
9902 7482
9906 7485
9910 7488
9914 7491
9918 7494
9922 7497
9926 7500
9930 7503
9934 7506
9938 7509
9942 7512
9946 7515
9950 7518
9954 7522
9958 7524
9962 7528
9966 7531
9970 7534
9974 7537
9978 7540
9982 7543
9986 7546
9990 7549
9994 7552
9998 7555
10002 7558
10006 7561
10010 7564
10014 7567
10018 7570
10022 7573
10026 7576
10030 7579
10034 7582
10038 7585
10042 7588
10046 7592
10050 7594
10054 7598
10058 7601
10062 7604
10066 7607
10070 7610
10074 7613
10078 7616
10082 7619
10086 7622
10090 7625
10094 7628
10098 7631
10102 7634
10106 7637
10110 7640
10114 7644
10118 7646
10122 7650
10126 7653
10130 7656
10134 7659
10138 7662
10142 7665
10146 7668
10150 7671
10154 7674
10158 7677
10162 7680
10166 7683
10170 7686
10174 7689
10178 7692
10182 7696
10186 7699
10190 7702
10194 7705
10198 7708
10202 7711
10206 7714
10210 7717
10214 7720
10218 7723
10222 7726
10226 7729
10230 7732
10234 7735
10238 7738
10242 7741
10246 7744
10250 7747
10254 7750
10258 7753
10262 7756
10266 7760
10270 7762
10274 7766
10278 7768
10282 7772
10286 7774
10290 7778
10294 7781
10298 7784
10302 7787
10306 7790
10310 7793
10314 7796
10318 7799
10322 7802
10326 7805
10330 7808
10334 7811
10338 7814
10342 7817
10346 7820
10350 7823
10354 7826
10358 7829
10362 7832
10366 7835
10370 7838
10374 7841
10378 7844
10382 7848
10386 7850
10390 7854
10394 7857
10398 7860
10402 7863
10406 7866
10410 7869
10414 7872
10418 7875
10422 7878
10426 7881
10430 7884
10434 7887
10438 7890
10442 7893
10446 7896
10450 7899
10454 7902
10458 7905
10462 7908
10466 7912
10470 7915
10474 7918
10478 7921
10482 7924
10486 7927
10490 7930
10494 7933
10498 7936
10502 7939
10506 7942
10510 7945
10514 7948
10518 7951
10522 7954
10526 7958
10530 7960
10534 7964
10538 7966
10542 7970
10546 7973
10550 7976
10554 7979
10558 7982
10562 7985
10566 7988
10570 7991
10574 7994
10578 7997
10582 8000
10586 8004
10590 8007
10594 8010
10598 8013
10602 8016
10606 8019
10610 8022
10614 8025
10618 8028
10622 8031
10626 8034
10630 8037
10634 8040
10638 8043
10642 8046
10646 8050
10650 8053
10654 8056
10658 8059
10662 8062
10666 8065
10670 8068
10674 8071
10678 8074
10682 8077
10686 8080
10690 8083
10694 8086
10698 8089
10702 8092
10706 8096
10710 8098
10714 8102
10718 8105
10722 8108
10726 8111
10730 8114
10734 8117
10738 8120
10742 8123
10746 8126
10750 8129
10754 8132
10758 8135
10762 8138
10766 8141
10770 8144
10774 8147
10778 8150
10782 8153
10786 8156
10790 8159
10794 8162
10798 8165
10802 8168
10806 8171
10810 8174
10814 8177
10818 8180
10822 8183
10826 8186
10830 8189
10834 8192
10838 8195
10842 8198
10846 8201
10850 8204
10854 8207
10858 8210
10862 8213
10866 8216
10870 8220
10874 8223
10878 8226
10882 8229
10886 8232
10890 8235
10894 8238
10898 8241
10902 8244
10906 8247
10910 8250
10914 8253
10918 8256
10922 8259
10926 8262
10930 8265
10934 8268
10938 8271
10942 8274
10946 8277
10950 8280
10954 8283
10958 8286
10962 8289
10966 8292
10970 8295
10974 8298
10978 8302
10982 8305
10986 8308
10990 8311
10994 8314
10998 8317
11002 8320
11006 8323
11010 8326
11014 8329
11018 8332
11022 8335
11026 8338
11030 8341
11034 8344
11038 8348
11042 8350
11046 8354
11050 8357
11054 8360
11058 8363
11062 8366
11066 8369
11070 8372
11074 8375
11078 8378
11082 8381
11086 8384
11090 8388
11094 8390
11098 8394
11102 8397
11106 8400
11110 8403
11114 8406
11118 8409
11122 8412
11126 8415
11130 8418
11134 8421
11138 8424
11142 8427
11146 8430
11150 8434
11154 8437
11158 8440
11162 8443
11166 8446
11170 8449
11174 8452
11178 8455
11182 8458
11186 8461
11190 8464
11194 8467
11198 8470
11202 8473
11206 8476
11210 8480
11214 8483
11218 8486
11222 8489
11226 8492
11230 8495
11234 8498
11238 8501
11242 8504
11246 8507
11250 8510
11254 8513
11258 8516
11262 8519
11266 8522
11270 8525
11274 8528
11278 8531
11282 8534
11286 8537
11290 8540
11294 8543
11298 8546
11302 8549
11306 8552
11310 8556
11314 8558
11318 8562
11322 8564
11326 8568
11330 8571
11334 8574
11338 8577
11342 8580
11346 8583
11350 8586
11354 8589
11358 8592
11362 8595
11366 8598
11370 8601
11374 8604
11378 8607
11382 8610
11386 8613
11390 8616
11394 8619
11398 8622
11402 8625
11406 8628
11410 8632
11414 8634
11418 8637
11422 8640
11426 8644
11430 8647
11434 8650
11438 8653
11442 8656
11446 8659
11450 8662
11454 8665
11458 8668
11462 8671
11466 8674
11470 8677
11474 8680
11478 8683
11482 8686
11486 8689
11490 8692
11494 8696
11498 8698
11502 8702
11506 8704
11510 8708
11514 8711
11518 8714
11522 8717
11526 8720
11530 8723
11534 8726
11538 8729
11542 8732
11546 8735
11550 8738
11554 8741
11558 8744
11562 8747
11566 8750
11570 8754
11574 8756
11578 8760
11582 8763
11586 8766
11590 8769
11594 8772
11598 8775
11602 8778
11606 8781
11610 8784
11614 8787
11618 8790
11622 8793
11626 8796
11630 8800
11634 8802
11638 8806
11642 8809
11646 8812
11650 8815
11654 8818
11658 8821
11662 8824
11666 8827
11670 8830
11674 8833
11678 8836
11682 8839
11686 8842
11690 8845
11694 8848
11698 8851
11702 8854
11706 8857
11710 8860
11714 8863
11718 8866
11722 8870
11726 8872
11730 8876
11734 8878
11738 8882
11742 8885
11746 8888
11750 8891
11754 8894
11758 8897
11762 8900
11766 8903
11770 8906
11774 8909
11778 8912
11782 8915
11786 8918
11790 8921
11794 8924
11798 8927
11802 8930
11806 8933
11810 8936
11814 8939
11818 8942
11822 8946
11826 8948
11830 8952
11834 8954
11838 8958
11842 8961
11846 8964
11850 8967
11854 8970
11858 8973
11862 8976
11866 8979
11870 8982
11874 8985
11878 8988
11882 8991
11886 8994
11890 8997
11894 9000
11898 9003
11902 9006
11906 9010
11910 9012
11914 9016
11918 9019
11922 9022
11926 9025
11930 9028
11934 9031
11938 9034
11942 9037
11946 9040
11950 9043
11954 9046
11958 9049
11962 9052
11966 9055
11970 9058
11974 9061
11978 9064
11982 9067
11986 9070
11990 9074
11994 9077
11998 9080
12002 9083
12006 9086
12010 9089
12014 9092
12018 9095
12022 9098
12026 9101
12030 9104
12034 9107
12038 9110
12042 9113
12046 9116
12050 9120
12054 9123
12058 9126
12062 9129
12066 9132
12070 9135
12074 9138
12078 9141
12082 9144
12086 9147
12090 9150
12094 9153
12098 9156
12102 9159
12106 9162
12110 9165
12114 9168
12118 9171
12122 9174
12126 9178
12130 9181
12134 9184
12138 9187
12142 9190
12146 9193
12150 9196
12154 9199
12158 9202
12162 9205
12166 9208
12170 9211
12174 9214
12178 9217
12182 9220
12186 9223
12190 9226
12194 9229
12198 9232
12202 9235
12206 9238
12210 9241
12214 9244
12218 9247
12222 9250
12226 9253
12230 9256
12234 9259
12238 9262
12242 9265
12246 9268
12250 9272
12254 9274
12258 9278
12262 9280
12266 9284
12270 9286
12274 9290
12278 9293
12282 9296
12286 9299
12290 9302
12294 9305
12298 9308
12302 9311
12306 9314
12310 9317
12314 9320
12318 9323
12322 9326
12326 9329
12330 9332
12334 9335
12338 9338
12342 9341
12346 9344
12350 9348
12354 9350
12358 9354
12362 9357
12366 9360
12370 9363
12374 9366
12378 9369
12382 9372
12386 9375
12390 9378
12394 9381
12398 9384
12402 9387
12406 9390
12410 9393
12414 9396
12418 9400
12422 9402
12426 9406
12430 9409
12434 9412
12438 9415
12442 9418
12446 9421
12450 9424
12454 9427
12458 9430
12462 9433
12466 9436
12470 9440
12474 9442
12478 9446
12482 9449
12486 9452
12490 9455
12494 9458
12498 9461
12502 9464
12506 9467
12510 9470
12514 9473
12518 9476
12522 9479
12526 9483
12530 9486
12534 9489
12538 9492
12542 9495
12546 9498
12550 9501
12554 9504
12558 9507
12562 9510
12566 9513
12570 9516
12574 9519
12578 9522
12582 9525
12586 9528
12590 9531
12594 9535
12598 9538
12602 9541
12606 9544
12610 9547
12614 9550
12618 9553
12622 9556
12626 9559
12630 9562
12634 9565
12638 9568
12642 9571
12646 9574
12650 9577
12654 9580
12658 9583
12662 9586
12666 9589
12670 9592
12674 9595
12678 9598
12682 9601
12686 9604
12690 9607
12694 9610
12698 9613
12702 9616
12706 9619
12710 9622
12714 9625
12718 9628
12722 9631
12726 9634
12730 9637
12734 9640
12738 9643
12742 9646
12746 9650
12750 9652
12754 9656
12758 9659
12762 9662
12766 9665
12770 9668
12774 9671
12778 9674
12782 9677
12786 9680
12790 9683
12794 9686
12798 9689
12802 9692
12806 9695
12810 9698
12814 9701
12818 9704
12822 9707
12826 9710
12830 9713
12834 9716
12838 9719
12842 9722
12846 9725
12850 9728
12854 9732
12858 9734
12862 9738
12866 9741
12870 9744
12874 9747
12878 9750
12882 9753
12886 9756
12890 9759
12894 9762
12898 9765
12902 9768
12906 9771
12910 9774
12914 9777
12918 9780
12922 9784
12926 9786
12930 9790
12934 9793
12938 9796
12942 9799
12946 9802
12950 9805
12954 9808
12958 9811
12962 9814
12966 9817
12970 9820
12974 9823
12978 9826
12982 9830
12986 9833
12990 9836
12994 9839
12998 9842
13002 9845
13006 9848
13010 9851
13014 9854
13018 9857
13022 9860
13026 9863
13030 9866
13034 9870
13038 9873
13042 9876
13046 9879
13050 9882
13054 9885
13058 9888
13062 9891
13066 9894
13070 9897
13074 9900
13078 9903
13082 9906
13086 9909
13090 9912
13094 9915
13098 9918
13102 9922
13106 9924
13110 9928
13114 9930
13118 9934
13122 9937
13126 9940
13130 9943
13134 9946
13138 9949
13142 9952
13146 9955
13150 9958
13154 9961
13158 9964
13162 9967
13166 9970
13170 9973
13174 9976
13178 9979
13182 9982
13186 9985
13190 9988
13194 9991
13198 9994
13202 9998
13206 10000
13210 10004
13214 10006
13218 10010
13222 10013
13226 10016
13230 10019
13234 10022
13238 10025
13242 10028
13246 10031
13250 10034
13254 10037
13258 10040
13262 10043
13266 10046
13270 10049
13274 10052
13278 10055
13282 10058
13286 10061
13290 10064
13294 10067
13298 10070
13302 10074
13306 10076
13310 10080
13314 10083
13318 10086
13322 10089
13326 10092
13330 10095
13334 10098
13338 10101
13342 10104
13346 10107
13350 10110
13354 10113
13358 10116
13362 10119
13366 10122
13370 10125
13374 10128
13378 10131
13382 10134
13386 10137
13390 10140
13394 10144
13398 10147
13402 10150
13406 10153
13410 10156
13414 10159
13418 10162
13422 10165
13426 10168
13430 10171
13434 10174
13438 10177
13442 10180
13446 10183
13450 10186
13454 10190
13458 10193
13462 10196
13466 10199
13470 10202
13474 10205
13478 10208
13482 10211
13486 10214
13490 10217
13494 10220
13498 10223
13502 10226
13506 10229
13510 10232
13514 10236
13518 10238
13522 10242
13526 10245
13530 10248
13534 10251
13538 10254
13542 10257
13546 10260
13550 10263
13554 10266
13558 10269
13562 10272
13566 10275
13570 10278
13574 10281
13578 10284
13582 10287
13586 10290
13590 10293
13594 10296
13598 10300
13602 10302
13606 10306
13610 10308
13614 10312
13618 10315
13622 10318
13626 10321
13630 10324
13634 10327
13638 10330
13642 10333
13646 10336
13650 10339
13654 10342
13658 10345
13662 10348
13666 10351
13670 10354
13674 10357
13678 10360
13682 10363
13686 10366
13690 10369
13694 10372
13698 10375
13702 10378
13706 10381
13710 10384
13714 10388
13718 10390
13722 10394
13726 10397
13730 10400
13734 10403
13738 10406
13742 10409
13746 10412
13750 10415
13754 10418
13758 10421
13762 10424
13766 10427
13770 10430
13774 10433
13778 10436
13782 10439
13786 10442
13790 10445
13794 10448
13798 10452
13802 10455
13806 10458
13810 10461
13814 10464
13818 10467
13822 10470
13826 10473
13830 10476
13834 10479
13838 10482
13842 10485
13846 10488
13850 10491
13854 10494
13858 10497
13862 10500
13866 10504
13870 10506
13874 10510
13878 10513
13882 10516
13886 10519
13890 10522
13894 10525
13898 10528
13902 10531
13906 10534
13910 10537
13914 10540
13918 10543
13922 10546
13926 10549
13930 10552
13934 10556
13938 10558
13942 10562
13946 10565
13950 10568
13954 10571
13958 10574
13962 10577
13966 10580
13970 10583
13974 10586
13978 10589
13982 10592
13986 10595
13990 10598
13994 10601
13998 10604
14002 10608
14006 10610
14010 10614
14014 10617
14018 10620
14022 10623
14026 10626
14030 10629
14034 10632
14038 10635
14042 10638
14046 10641
14050 10644
14054 10647
14058 10650
14062 10653
14066 10656
14070 10659
14074 10662
14078 10665
14082 10668
14086 10671
14090 10674
14094 10677
14098 10680
14102 10683
14106 10686
14110 10689
14114 10692
14118 10695
14122 10698
14126 10701
14130 10704
14134 10707
14138 10710
14142 10714
14146 10716
14150 10720
14154 10723
14158 10726
14162 10729
14166 10732
14170 10735
14174 10738
14178 10741
14182 10744
14186 10747
14190 10750
14194 10753
14198 10756
14202 10759
14206 10762
14210 10765
14214 10768
14218 10771
14222 10774
14226 10777
14230 10780
14234 10784
14238 10787
14242 10790
14246 10793
14250 10796
14254 10799
14258 10802
14262 10805
14266 10808
14270 10811
14274 10814
14278 10817
14282 10820
14286 10823
14290 10826
14294 10829
14298 10833
14302 10836
14306 10839
14310 10842
14314 10845
14318 10848
14322 10851
14326 10854
14330 10857
14334 10860
14338 10863
14342 10866
14346 10869
14350 10872
14354 10876
14358 10879
14362 10882
14366 10885
14370 10888
14374 10891
14378 10894
14382 10897
14386 10900
14390 10903
14394 10906
14398 10909
14402 10912
14406 10916
14410 10918
14414 10922
14418 10925
14422 10928
14426 10931
14430 10934
14434 10937
14438 10940
14442 10943
14446 10946
14450 10949
14454 10952
14458 10955
14462 10958
14466 10962
14470 10964
14474 10968
14478 10971
14482 10974
14486 10977
14490 10980
14494 10983
14498 10986
14502 10989
14506 10992
14510 10995
14514 10998
14518 11001
14522 11004
14526 11007
14530 11010
14534 11013
14538 11016
14542 11019
14546 11022
14550 11025
14554 11028
14558 11031
14562 11034
14566 11037
14570 11040
14574 11044
14578 11046
14582 11050
14586 11052
14590 11056
14594 11059
14598 11062
14602 11064
14606 11068
14610 11071
14614 11074
14618 11077
14622 11080
14626 11083
14630 11086
14634 11089
14638 11092
14642 11095
14646 11098
14650 11101
14654 11104
14658 11107
14662 11110
14666 11113
14670 11116
14674 11119
14678 11122
14682 11125
14686 11128
14690 11131
14694 11134
14698 11137
14702 11140
14706 11143
14710 11146
14714 11149
14718 11152
14722 11156
14726 11158
14730 11162
14734 11164
14738 11168
14742 11171
14746 11174
14750 11177
14754 11180
14758 11183
14762 11186
14766 11189
14770 11192
14774 11195
14778 11198
14782 11201
14786 11204
14790 11207
14794 11210
14798 11213
14802 11216
14806 11220
14810 11223
14814 11226
14818 11229
14822 11232
14826 11235
14830 11238
14834 11241
14838 11244
14842 11247
14846 11250
14850 11253
14854 11256
14858 11260
14862 11262
14866 11266
14870 11269
14874 11272
14878 11275
14882 11278
14886 11281
14890 11284
14894 11287
14898 11290
14902 11293
14906 11296
14910 11299
14914 11302
14918 11306
14922 11308
14926 11312
14930 11315
14934 11318
14938 11321
14942 11324
14946 11327
14950 11330
14954 11333
14958 11336
14962 11339
14966 11342
14970 11345
14974 11348
14978 11351
14982 11354
14986 11358
14990 11361
14994 11364
14998 11367
15002 11370
15006 11373
15010 11376
15014 11379
15018 11382
15022 11385
15026 11388
15030 11391
15034 11394
15038 11397
15042 11400
15046 11403
15050 11406
15054 11409
15058 11412
15062 11415
15066 11418
15070 11421
15074 11424
15078 11428
15082 11430
15086 11434
15090 11437
15094 11440
15098 11442
15102 11446
15106 11449
15110 11452
15114 11455
15118 11458
15122 11461
15126 11464
15130 11467
15134 11470
15138 11473
15142 11476
15146 11479
15150 11482
15154 11485
15158 11488
15162 11491
15166 11494
15170 11497
15174 11500
15178 11503
15182 11506
15186 11509
15190 11512
15194 11516
15198 11518
15202 11522
15206 11524
15210 11528
15214 11531
15218 11534
15222 11537
15226 11540
15230 11543
15234 11546
15238 11549
15242 11552
15246 11555
15250 11558
15254 11561
15258 11564
15262 11567
15266 11570
15270 11573
15274 11576
15278 11580
15282 11582
15286 11586
15290 11589
15294 11592
15298 11595
15302 11598
15306 11601
15310 11604
15314 11607
15318 11610
15322 11613
15326 11616
15330 11619
15334 11622
15338 11625
15342 11628
15346 11631
15350 11634
15354 11638
15358 11641
15362 11644
15366 11647
15370 11650
15374 11653
15378 11656
15382 11659
15386 11662
15390 11665
15394 11668
15398 11671
15402 11674
15406 11677
15410 11680
15414 11683
15418 11686
15422 11689
15426 11692
15430 11696
15434 11699
15438 11702
15442 11705
15446 11708
15450 11711
15454 11714
15458 11717
15462 11720
15466 11723
15470 11726
15474 11729
15478 11732
15482 11735
15486 11738
15490 11741
15494 11744
15498 11747
15502 11750
15506 11753
15510 11756
15514 11759
15518 11762
15522 11765
15526 11768
15530 11772
15534 11774
15538 11778
15542 11781
15546 11784
15550 11787
15554 11790
15558 11793
15562 11796
15566 11799
15570 11802
15574 11805
15578 11808
15582 11811
15586 11814
15590 11817
15594 11820
15598 11823
15602 11826
15606 11829
15610 11832
15614 11835
15618 11838
15622 11842
15626 11844
15630 11848
15634 11851
15638 11854
15642 11857
15646 11860
15650 11863
15654 11866
15658 11869
15662 11872
15666 11875
15670 11878
15674 11881
15678 11884
15682 11887
15686 11890
15690 11893
15694 11896
15698 11900
15702 11902
15706 11906
15710 11908
15714 11912
15718 11915
15722 11918
15726 11921
15730 11924
15734 11927
15738 11930
15742 11933
15746 11936
15750 11939
15754 11942
15758 11945
15762 11948
15766 11951
15770 11954
15774 11958
15778 11961
15782 11964
15786 11967
15790 11970
15794 11973
15798 11976
15802 11979
15806 11982
15810 11985
15814 11988
15818 11991
15822 11994
15826 11997
15830 12000
15834 12004
15838 12007
15842 12010
15846 12013
15850 12016
15854 12019
15858 12022
15862 12025
15866 12028
15870 12031
15874 12034
15878 12037
15882 12040
15886 12043
15890 12046
15894 12049
15898 12052
15902 12056
15906 12058
15910 12062
15914 12065
15918 12068
15922 12071
15926 12074
15930 12077
15934 12080
15938 12083
15942 12086
15946 12089
15950 12092
15954 12095
15958 12098
15962 12101
15966 12104
15970 12107
15974 12110
15978 12113
15982 12116
15986 12119
15990 12122
15994 12125
15998 12128
16002 12131
16006 12134
16010 12137
16014 12140
16018 12143
16022 12146
16026 12149
16030 12152
16034 12155
16038 12158
16042 12162
16046 12164
16050 12168
16054 12170
16058 12174
16062 12177
16066 12180
16070 12183
16074 12186
16078 12189
16082 12192
16086 12195
16090 12198
16094 12201
16098 12204
16102 12207
16106 12210
16110 12213
16114 12216
16118 12219
16122 12222
16126 12225
16130 12228
16134 12231
16138 12234
16142 12238
16146 12240
16150 12244
16154 12247
16158 12250
16162 12253
16166 12256
16170 12259
16174 12262
16178 12265
16182 12268
16186 12271
16190 12274
16194 12277
16198 12280
16202 12283
16206 12286
16210 12290
16214 12293
16218 12296
16222 12299
16226 12302
16230 12305
16234 12308
16238 12311
16242 12314
16246 12317
16250 12320
16254 12324
16258 12326
16262 12330
16266 12333
16270 12336
16274 12339
16278 12342
16282 12345
16286 12348
16290 12351
16294 12354
16298 12357
16302 12360
16306 12363
16310 12366
16314 12370
16318 12373
16322 12376
16326 12379
16330 12382
16334 12385
16338 12388
16342 12391
16346 12394
16350 12397
16354 12400
16358 12403
16362 12406
16366 12409
16370 12412
16374 12416
16378 12418
16382 12422
16386 12425
16390 12428
16394 12431
16398 12434
16402 12437
16406 12440
16410 12443
16414 12446
16418 12449
16422 12452
16426 12455
16430 12458
16434 12461
16438 12464
16442 12467
16446 12470
16450 12473
16454 12476
16458 12479
16462 12482
16466 12485
16470 12488
16474 12492
16478 12494
16482 12498
16486 12500
16490 12504
16494 12506
16498 12510
16502 12513
16506 12516
16510 12519
16514 12522
16518 12525
16522 12528
16526 12531
16530 12534
16534 12537
16538 12540
16542 12543
16546 12546
16550 12549
16554 12552
16558 12555
16562 12558
16566 12561
16570 12564
16574 12567
16578 12570
16582 12573
16586 12576
16590 12579
16594 12582
16598 12585
16602 12588
16606 12592
16610 12594
16614 12598
16618 12600
16622 12604
16626 12607
16630 12610
16634 12613
16638 12616
16642 12619
16646 12622
16650 12625
16654 12628
16658 12631
16662 12634
16666 12637
16670 12640
16674 12643
16678 12646
16682 12649
16686 12652
16690 12656
16694 12658
16698 12662
16702 12665
16706 12668
16710 12671
16714 12674
16718 12677
16722 12680
16726 12683
16730 12686
16734 12689
16738 12692
16742 12695
16746 12698
16750 12702
16754 12704
16758 12708
16762 12711
16766 12714
16770 12717
16774 12720
16778 12723
16782 12726
16786 12729
16790 12732
16794 12735
16798 12738
16802 12741
16806 12744
16810 12747
16814 12750
16818 12754
16822 12757
16826 12760
16830 12763
16834 12766
16838 12769
16842 12772
16846 12775
16850 12778
16854 12781
16858 12784
16862 12787
16866 12790
16870 12793
16874 12796
16878 12800
16882 12803
16886 12806
16890 12809
16894 12812
16898 12815
16902 12818
16906 12821
16910 12824
16914 12827
16918 12830
16922 12833
16926 12836
16930 12839
16934 12842
16938 12845
16942 12848
16946 12851
16950 12854
16954 12857
16958 12860
16962 12863
16966 12866
16970 12869
16974 12872
16978 12876
16982 12878
16986 12882
16990 12884
16994 12888
16998 12890
17002 12894
17006 12897
17010 12900
17014 12903
17018 12906
17022 12909
17026 12912
17030 12915
17034 12918
17038 12921
17042 12924
17046 12927
17050 12930
17054 12933
17058 12936
17062 12939
17066 12942
17070 12946
17074 12948
17078 12952
17082 12955
17086 12958
17090 12961
17094 12964
17098 12967
17102 12970
17106 12973
17110 12976
17114 12979
17118 12982
17122 12985
17126 12988
17130 12991
17134 12994
17138 12997
17142 13000
17146 13003
17150 13006
17154 13010
17158 13013
17162 13016
17166 13019
17170 13022
17174 13025
17178 13028
17182 13031
17186 13034
17190 13037
17194 13040
17198 13043
17202 13046
17206 13049
17210 13052
17214 13055
17218 13058
17222 13062
17226 13065
17230 13068
17234 13071
17238 13074
17242 13077
17246 13080
17250 13083
17254 13086
17258 13089
17262 13092
17266 13095
17270 13098
17274 13101
17278 13104
17282 13107
17286 13110
17290 13114
17294 13117
17298 13120
17302 13123
17306 13126
17310 13129
17314 13132
17318 13135
17322 13138
17326 13141
17330 13144
17334 13147
17338 13150
17342 13153
17346 13156
17350 13159
17354 13162
17358 13165
17362 13168
17366 13171
17370 13174
17374 13178
17378 13181
17382 13184
17386 13187
17390 13190
17394 13193
17398 13196
17402 13199
17406 13202
17410 13205
17414 13208
17418 13211
17422 13214
17426 13217
17430 13220
17434 13223
17438 13226
17442 13229
17446 13232
17450 13235
17454 13238
17458 13241
17462 13244
17466 13247
17470 13250
17474 13254
17478 13256
17482 13260
17486 13263
17490 13266
17494 13269
17498 13272
17502 13275
17506 13278
17510 13281
17514 13284
17518 13287
17522 13290
17526 13293
17530 13296
17534 13299
17538 13302
17542 13305
17546 13308
17550 13312
17554 13314
17558 13318
17562 13321
17566 13324
17570 13327
17574 13330
17578 13333
17582 13336
17586 13339
17590 13342
17594 13345
17598 13348
17602 13351
17606 13354
17610 13357
17614 13360
17618 13364
17622 13367
17626 13370
17630 13373
17634 13376
17638 13379
17642 13382
17646 13385
17650 13388
17654 13391
17658 13394
17662 13397
17666 13400
17670 13404
17674 13406
17678 13410
17682 13413
17686 13416
17690 13419
17694 13422
17698 13425
17702 13428
17706 13431
17710 13434
17714 13437
17718 13440
17722 13443
17726 13446
17730 13450
17734 13452
17738 13456
17742 13459
17746 13462
17750 13465
17754 13468
17758 13471
17762 13474
17766 13477
17770 13480
17774 13483
17778 13486
17782 13489
17786 13492
17790 13495
17794 13498
17798 13501
17802 13504
17806 13507
17810 13510
17814 13513
17818 13516
17822 13520
17826 13522
17830 13526
17834 13528
17838 13532
17842 13535
17846 13538
17850 13541
17854 13544
17858 13547
17862 13550
17866 13553
17870 13556
17874 13559
17878 13562
17882 13565
17886 13568
17890 13571
17894 13574
17898 13577
17902 13580
17906 13583
17910 13586
17914 13589
17918 13592
17922 13595
17926 13598
17930 13601
17934 13604
17938 13607
17942 13610
17946 13613
17950 13616
17954 13619
17958 13622
17962 13625
17966 13628
17970 13631
17974 13634
17978 13638
17982 13640
17986 13644
17990 13647
17994 13650
17998 13653
18002 13656
18006 13659
18010 13662
18014 13665
18018 13668
18022 13671
18026 13674
18030 13677
18034 13680
18038 13683
18042 13686
18046 13689
18050 13692
18054 13695
18058 13698
18062 13701
18066 13704
18070 13708
18074 13711
18078 13714
18082 13717
18086 13720
18090 13723
18094 13726
18098 13729
18102 13732
18106 13735
18110 13738
18114 13741
18118 13744
18122 13748
18126 13750
18130 13754
18134 13757
18138 13760
18142 13763
18146 13766
18150 13769
18154 13772
18158 13775
18162 13778
18166 13781
18170 13784
18174 13788
18178 13791
18182 13794
18186 13797
18190 13800
18194 13803
18198 13806
18202 13809
18206 13812
18210 13815
18214 13818
18218 13821
18222 13824
18226 13828
18230 13831
18234 13834
18238 13837
18242 13840
18246 13843
18250 13846
18254 13849
18258 13852
18262 13855
18266 13858
18270 13861
18274 13864
18278 13867
18282 13870
18286 13873
18290 13876
18294 13880
18298 13882
18302 13886
18306 13889
18310 13892
18314 13895
18318 13898
18322 13901
18326 13904
18330 13907
18334 13910
18338 13913
18342 13916
18346 13919
18350 13922
18354 13925
18358 13928
18362 13931
18366 13934
18370 13937
18374 13940
18378 13943
18382 13946
18386 13949
18390 13952
18394 13955
18398 13958
18402 13961
18406 13964
18410 13967
18414 13970
18418 13974
18422 13976
18426 13980
18430 13983
18434 13986
18438 13989
18442 13992
18446 13995
18450 13998
18454 14001
18458 14004
18462 14007
18466 14010
18470 14013
18474 14016
18478 14019
18482 14022
18486 14025
18490 14028
18494 14031
18498 14034
18502 14037
18506 14040
18510 14043
18514 14046
18518 14050
18522 14053
18526 14056
18530 14059
18534 14062
18538 14065
18542 14068
18546 14071
18550 14074
18554 14077
18558 14080
18562 14083
18566 14086
18570 14089
18574 14092
18578 14095
18582 14098
18586 14102
18590 14105
18594 14108
18598 14111
18602 14114
18606 14117
18610 14120
18614 14123
18618 14126
18622 14129
18626 14132
18630 14135
18634 14138
18638 14141
18642 14144
18646 14148
18650 14150
18654 14154
18658 14157
18662 14160
18666 14163
18670 14166
18674 14169
18678 14172
18682 14175
18686 14178
18690 14181
18694 14184
18698 14187
18702 14190
18706 14194
18710 14196
18714 14200
18718 14203
18722 14206
18726 14209
18730 14212
18734 14215
18738 14218
18742 14221
18746 14224
18750 14227
18754 14230
18758 14233
18762 14236
18766 14239
18770 14242
18774 14246
18778 14248
18782 14252
18786 14255
18790 14258
18794 14261
18798 14264
18802 14267
18806 14270
18810 14273
18814 14276
18818 14279
18822 14282
18826 14285
18830 14288
18834 14291
18838 14294
18842 14297
18846 14300
18850 14303
18854 14306
18858 14309
18862 14312
18866 14316
18870 14318
18874 14322
18878 14324
18882 14328
18886 14330
18890 14334
18894 14337
18898 14340
18902 14343
18906 14346
18910 14349
18914 14352
18918 14355
18922 14358
18926 14361
18930 14364
18934 14367
18938 14370
18942 14373
18946 14376
18950 14379
18954 14382
18958 14386
18962 14388
18966 14392
18970 14395
18974 14398
18978 14401
18982 14404
18986 14407
18990 14410
18994 14413
18998 14416
19002 14419
19006 14422
19010 14425
19014 14428
19018 14431
19022 14434
19026 14437
19030 14440
19034 14443
19038 14446
19042 14450
19046 14453
19050 14456
19054 14459
19058 14462
19062 14465
19066 14468
19070 14471
19074 14474
19078 14477
19082 14480
19086 14483
19090 14486
19094 14489
19098 14492
19102 14495
19106 14498
19110 14502
19114 14504
19118 14508
19122 14511
19126 14514
19130 14517
19134 14520
19138 14523
19142 14526
19146 14529
19150 14532
19154 14535
19158 14538
19162 14541
19166 14544
19170 14547
19174 14550
19178 14554
19182 14556
19186 14560
19190 14563
19194 14566
19198 14569
19202 14572
19206 14575
19210 14578
19214 14581
19218 14584
19222 14587
19226 14590
19230 14593
19234 14596
19238 14599
19242 14602
19246 14605
19250 14608
19254 14611
19258 14614
19262 14617
19266 14620
19270 14624
19274 14627
19278 14630
19282 14633
19286 14636
19290 14639
19294 14642
19298 14645
19302 14648
19306 14651
19310 14654
19314 14657
19318 14660
19322 14663
19326 14666
19330 14669
19334 14672
19338 14675
19342 14678
19346 14681
19350 14684
19354 14687
19358 14690
19362 14694
19366 14696
19370 14700
19374 14703
19378 14706
19382 14709
19386 14712
19390 14715
19394 14718
19398 14721
19402 14724
19406 14727
19410 14730
19414 14733
19418 14736
19422 14739
19426 14742
19430 14745
19434 14748
19438 14751
19442 14754
19446 14757
19450 14760
19454 14764
19458 14767
19462 14770
19466 14773
19470 14776
19474 14779
19478 14782
19482 14785
19486 14788
19490 14791
19494 14794
19498 14797
19502 14800
19506 14803
19510 14806
19514 14810
19518 14813
19522 14816
19526 14819
19530 14822
19534 14825
19538 14828
19542 14831
19546 14834
19550 14837
19554 14840
19558 14843
19562 14846
19566 14850
19570 14852
19574 14856
19578 14859
19582 14862
19586 14865
19590 14868
19594 14871
19598 14874
19602 14877
19606 14880
19610 14883
19614 14886
19618 14890
19622 14892
19626 14896
19630 14899
19634 14902
19638 14905
19642 14908
19646 14911
19650 14914
19654 14917
19658 14920
19662 14923
19666 14926
19670 14929
19674 14932
19678 14935
19682 14938
19686 14941
19690 14944
19694 14947
19698 14950
19702 14953
19706 14956
19710 14960
19714 14963
19718 14966
19722 14969
19726 14972
19730 14975
19734 14978
19738 14981
19742 14984
19746 14987
19750 14990
19754 14993
19758 14996
19762 14999
19766 15002
19770 15005
19774 15008
19778 15011
19782 15014
19786 15017
19790 15020
19794 15023
19798 15026
19802 15029
19806 15032
19810 15035
19814 15038
19818 15041
19822 15044
19826 15047
19830 15050
19834 15053
19838 15056
19842 15059
19846 15062
19850 15065
19854 15068
19858 15071
19862 15074
19866 15078
19870 15080
19874 15084
19878 15086
19882 15090
19886 15092
19890 15096
19894 15099
19898 15102
19902 15105
19906 15108
19910 15111
19914 15114
19918 15117
19922 15120
19926 15123
19930 15126
19934 15129
19938 15132
19942 15135
19946 15138
19950 15141
19954 15144
19958 15147
19962 15150
19966 15153
19970 15156
19974 15160
19978 15162
19982 15166
19986 15169
19990 15172
19994 15175
19998 15178
20002 15181
20006 15184
20010 15187
20014 15190
20018 15193
20022 15196
20026 15199
20030 15202
20034 15206
20038 15209
20042 15212
20046 15215
20050 15218
20054 15221
20058 15224
20062 15227
20066 15230
20070 15233
20074 15236
20078 15239
20082 15242
20086 15246
20090 15249
20094 15252
20098 15255
20102 15258
20106 15261
20110 15264
20114 15267
20118 15270
20122 15273
20126 15276
20130 15279
20134 15282
20138 15286
20142 15288
20146 15292
20150 15295
20154 15298
20158 15301
20162 15304
20166 15307
20170 15310
20174 15313
20178 15316
20182 15319
20186 15322
20190 15325
20194 15328
20198 15331
20202 15334
20206 15337
20210 15340
20214 15343
20218 15346
20222 15350
20226 15352
20230 15356
20234 15358
20238 15362
20242 15364
20246 15368
20250 15371
20254 15374
20258 15377
20262 15380
20266 15383
20270 15386
20274 15389
20278 15392
20282 15395
20286 15398
20290 15401
20294 15404
20298 15407
20302 15410
20306 15413
20310 15416
20314 15419
20318 15422
20322 15425
20326 15428
20330 15431
20334 15434
20338 15437
20342 15440
20346 15443
20350 15446
20354 15450
20358 15452
20362 15456
20366 15458
20370 15462
20374 15465
20378 15468
20382 15471
20386 15474
20390 15477
20394 15480
20398 15483
20402 15486
20406 15489
20410 15492
20414 15495
20418 15498
20422 15501
20426 15504
20430 15507
20434 15510
20438 15513
20442 15516
20446 15519
20450 15522
20454 15526
20458 15528
20462 15532
20466 15535
20470 15538
20474 15541
20478 15544
20482 15547
20486 15550
20490 15553
20494 15556
20498 15559
20502 15562
20506 15565
20510 15568
20514 15571
20518 15574
20522 15577
20526 15580
20530 15584
20534 15587
20538 15590
20542 15593
20546 15596
20550 15599
20554 15602
20558 15605
20562 15608
20566 15611
20570 15614
20574 15617
20578 15620
20582 15624
20586 15626
20590 15630
20594 15633
20598 15636
20602 15639
20606 15642
20610 15645
20614 15648
20618 15651
20622 15654
20626 15657
20630 15660
20634 15663
20638 15666
20642 15669
20646 15672
20650 15675
20654 15678
20658 15682
20662 15685
20666 15688
20670 15691
20674 15694
20678 15697
20682 15700
20686 15703
20690 15706
20694 15709
20698 15712
20702 15715
20706 15718
20710 15721
20714 15724
20718 15727
20722 15730
20726 15733
20730 15736
20734 15739
20738 15742
20742 15745
20746 15748
20750 15751
20754 15754
20758 15757
20762 15760
20766 15763
20770 15766
20774 15770
20778 15772
20782 15776
20786 15779
20790 15782
20794 15785
20798 15788
20802 15791
20806 15794
20810 15797
20814 15800
20818 15803
20822 15806
20826 15809
20830 15812
20834 15815
20838 15818
20842 15821
20846 15824
20850 15827
20854 15830
20858 15834
20862 15836
20866 15839
20870 15842
20874 15846
20878 15849
20882 15852
20886 15855
20890 15858
20894 15861
20898 15864
20902 15867
20906 15870
20910 15873
20914 15876
20918 15879
20922 15882
20926 15885
20930 15888
20934 15891
20938 15894
20942 15898
20946 15900
20950 15904
20954 15907
20958 15910
20962 15913
20966 15916
20970 15919
20974 15922
20978 15925
20982 15928
20986 15931
20990 15934
20994 15937
20998 15940
21002 15943
21006 15946
21010 15950
21014 15952
21018 15956
21022 15959
21026 15962
21030 15965
21034 15968
21038 15971
21042 15974
21046 15977
21050 15980
21054 15983
21058 15986
21062 15989
21066 15992
21070 15995
21074 15998
21078 16001
21082 16004
21086 16008
21090 16010
21094 16014
21098 16017
21102 16020
21106 16023
21110 16026
21114 16029
21118 16032
21122 16035
21126 16038
21130 16041
21134 16044
21138 16047
21142 16050
21146 16053
21150 16056
21154 16059
21158 16062
21162 16065
21166 16068
21170 16071
21174 16074
21178 16077
21182 16080
21186 16083
21190 16086
21194 16089
21198 16092
21202 16095
21206 16098
21210 16101
21214 16104
21218 16108
21222 16111
21226 16114
21230 16117
21234 16120
21238 16123
21242 16126
21246 16129
21250 16132
21254 16135
21258 16138
21262 16141
21266 16144
21270 16147
21274 16150
21278 16153
21282 16156
21286 16159
21290 16162
21294 16165
21298 16168
21302 16171
21306 16174
21310 16178
21314 16181
21318 16184
21322 16187
21326 16190
21330 16193
21334 16196
21338 16199
21342 16202
21346 16205
21350 16208
21354 16211
21358 16214
21362 16217
21366 16220
21370 16223
21374 16226
21378 16230
21382 16233
21386 16236
21390 16239
21394 16242
21398 16245
21402 16248
21406 16251
21410 16254
21414 16257
21418 16260
21422 16263
21426 16266
21430 16269
21434 16272
21438 16276
21442 16279
21446 16282
21450 16285
21454 16288
21458 16291
21462 16294
21466 16297
21470 16300
21474 16303
21478 16306
21482 16309
21486 16312
21490 16316
21494 16318
21498 16322
21502 16325
21506 16328
21510 16331
21514 16334
21518 16337
21522 16340
21526 16343
21530 16346
21534 16349
21538 16352
21542 16355
21546 16358
21550 16361
21554 16364
21558 16368
21562 16370
21566 16374
21570 16377
21574 16380
21578 16383
21582 16386
21586 16389
21590 16392
21594 16395
21598 16398
21602 16401
21606 16404
21610 16407
21614 16410
21618 16413
21622 16416
21626 16419
21630 16422
21634 16425
21638 16428
21642 16431
21646 16434
21650 16437
21654 16440
21658 16443
21662 16446
21666 16449
21670 16452
21674 16455
21678 16458
21682 16461
21686 16464
21690 16467
21694 16470
21698 16474
21702 16477
21706 16480
21710 16483
21714 16486
21718 16489
21722 16492
21726 16495
21730 16498
21734 16501
21738 16504
21742 16507
21746 16510
21750 16513
21754 16516
21758 16519
21762 16522
21766 16525
21770 16528
21774 16531
21778 16534
21782 16537
21786 16540
21790 16543
21794 16546
21798 16549
21802 16552
21806 16556
21810 16558
21814 16562
21818 16564
21822 16568
21826 16571
21830 16574
21834 16577
21838 16580
21842 16583
21846 16586
21850 16589
21854 16592
21858 16595
21862 16598
21866 16601
21870 16604
21874 16607
21878 16610
21882 16614
21886 16617
21890 16620
21894 16623
21898 16626
21902 16629
21906 16632
21910 16635
21914 16638
21918 16641
21922 16644
21926 16647
21930 16650
21934 16653
21938 16656
21942 16660
21946 16663
21950 16666
21954 16669
21958 16672
21962 16675
21966 16678
21970 16681
21974 16684
21978 16687
21982 16690
21986 16693
21990 16696
21994 16700
21998 16703
22002 16706
22006 16709
22010 16712
22014 16715
22018 16718
22022 16721
22026 16724
22030 16727
22034 16730
22038 16733
22042 16736
22046 16740
22050 16742
22054 16746
22058 16749
22062 16752
22066 16755
22070 16758
22074 16761
22078 16764
22082 16767
22086 16770
22090 16773
22094 16776
22098 16779
22102 16782
22106 16785
22110 16788
22114 16791
22118 16794
22122 16797
22126 16800
22130 16803
22134 16806
22138 16810
22142 16812
22146 16816
22150 16818
22154 16821
22158 16824
22162 16828
22166 16831
22170 16834
22174 16837
22178 16840
22182 16843
22186 16846
22190 16849
22194 16852
22198 16855
22202 16858
22206 16861
22210 16864
22214 16867
22218 16870
22222 16873
22226 16876
22230 16879
22234 16882
22238 16885
22242 16888
22246 16891
22250 16894
22254 16897
22258 16900
22262 16904
22266 16907
22270 16910
22274 16913
22278 16916
22282 16919
22286 16922
22290 16925
22294 16928
22298 16931
22302 16934
22306 16937
22310 16940
22314 16943
22318 16946
22322 16949
22326 16952
22330 16955
22334 16958
22338 16961
22342 16964
22346 16968
22350 16970
22354 16974
22358 16977
22362 16980
22366 16983
22370 16986
22374 16989
22378 16992
22382 16995
22386 16998
22390 17001
22394 17004
22398 17007
22402 17010
22406 17013
22410 17016
22414 17020
22418 17022
22422 17026
22426 17029
22430 17032
22434 17035
22438 17038
22442 17041
22446 17044
22450 17047
22454 17050
22458 17053
22462 17056
22466 17059
22470 17062
22474 17065
22478 17068
22482 17072
22486 17075
22490 17078
22494 17081
22498 17084
22502 17087
22506 17090
22510 17093
22514 17096
22518 17099
22522 17102
22526 17105
22530 17108
22534 17111
22538 17114
22542 17117
22546 17120
22550 17124
22554 17126
22558 17130
22562 17132
22566 17136
22570 17139
22574 17142
22578 17145
22582 17148
22586 17151
22590 17154
22594 17157
22598 17160
22602 17163
22606 17166
22610 17169
22614 17172
22618 17175
22622 17178
22626 17181
22630 17184
22634 17187
22638 17190
22642 17193
22646 17196
22650 17199
22654 17202
22658 17205
22662 17208
22666 17212
22670 17215
22674 17218
22678 17221
22682 17224
22686 17227
22690 17230
22694 17233
22698 17236
22702 17239
22706 17242
22710 17245
22714 17248
22718 17251
22722 17254
22726 17257
22730 17260
22734 17263
22738 17266
22742 17270
22746 17273
22750 17276
22754 17279
22758 17282
22762 17285
22766 17288
22770 17291
22774 17294
22778 17297
22782 17300
22786 17303
22790 17306
22794 17309
22798 17312
22802 17315
22806 17318
22810 17322
22814 17324
22818 17328
22822 17331
22826 17334
22830 17337
22834 17340
22838 17343
22842 17346
22846 17349
22850 17352
22854 17355
22858 17358
22862 17361
22866 17364
22870 17368
22874 17371
22878 17374
22882 17377
22886 17380
22890 17383
22894 17386
22898 17389
22902 17392
22906 17395
22910 17398
22914 17401
22918 17404
22922 17408
22926 17411
22930 17414
22934 17417
22938 17420
22942 17423
22946 17426
22950 17429
22954 17432
22958 17435
22962 17438
22966 17441
22970 17444
22974 17447
22978 17450
22982 17453
22986 17456
22990 17460
22994 17462
22998 17466
23002 17468
23006 17472
23010 17475
23014 17478
23018 17481
23022 17484
23026 17487
23030 17490
23034 17493
23038 17496
23042 17499
23046 17502
23050 17505
23054 17508
23058 17511
23062 17514
23066 17517
23070 17520
23074 17523
23078 17526
23082 17529
23086 17532
23090 17535
23094 17538
23098 17541
23102 17544
23106 17547
23110 17550
23114 17553
23118 17556
23122 17559
23126 17562
23130 17565
23134 17568
23138 17572
23142 17575
23146 17578
23150 17581
23154 17584
23158 17587
23162 17590
23166 17593
23170 17596
23174 17599
23178 17602
23182 17605
23186 17608
23190 17611
23194 17614
23198 17617
23202 17620
23206 17623
23210 17626
23214 17630
23218 17632
23222 17636
23226 17638
23230 17642
23234 17645
23238 17648
23242 17651
23246 17654
23250 17657
23254 17660
23258 17663
23262 17666
23266 17669
23270 17672
23274 17675
23278 17678
23282 17681
23286 17684
23290 17688
23294 17691
23298 17694
23302 17697
23306 17700
23310 17703
23314 17706
23318 17709
23322 17712
23326 17715
23330 17718
23334 17721
23338 17724
23342 17728
23346 17731
23350 17734
23354 17737
23358 17740
23362 17743
23366 17746
23370 17749
23374 17752
23378 17755
23382 17758
23386 17761
23390 17764
23394 17768
23398 17771
23402 17774
23406 17777
23410 17780
23414 17783
23418 17786
23422 17789
23426 17792
23430 17795
23434 17798
23438 17801
23442 17804
23446 17807
23450 17810
23454 17814
23458 17817
23462 17820
23466 17823
23470 17826
23474 17829
23478 17832
23482 17835
23486 17838
23490 17841
23494 17844
23498 17847
23502 17850
23506 17853
23510 17856
23514 17859
23518 17862
23522 17865
23526 17868
23530 17871
23534 17874
23538 17877
23542 17880
23546 17884
23550 17886
23554 17890
23558 17893
23562 17896
23566 17899
23570 17902
23574 17905
23578 17908
23582 17911
23586 17914
23590 17917
23594 17920
23598 17923
23602 17926
23606 17929
23610 17932
23614 17935
23618 17938
23622 17941
23626 17944
23630 17947
23634 17950
23638 17953
23642 17956
23646 17959
23650 17962
23654 17966
23658 17968
23662 17972
23666 17974
23670 17978
23674 17980
23678 17984
23682 17987
23686 17990
23690 17993
23694 17996
23698 17999
23702 18002
23706 18005
23710 18008
23714 18011
23718 18014
23722 18017
23726 18020
23730 18023
23734 18026
23738 18029
23742 18032
23746 18035
23750 18038
23754 18042
23758 18044
23762 18048
23766 18050
23770 18054
23774 18057
23778 18060
23782 18063
23786 18066
23790 18069
23794 18072
23798 18075
23802 18078
23806 18081
23810 18084
23814 18087
23818 18090
23822 18094
23826 18097
23830 18100
23834 18103
23838 18106
23842 18109
23846 18112
23850 18115
23854 18118
23858 18121
23862 18124
23866 18127
23870 18130
23874 18134
23878 18137
23882 18140
23886 18143
23890 18146
23894 18149
23898 18152
23902 18155
23906 18158
23910 18161
23914 18164
23918 18167
23922 18170
23926 18173
23930 18176
23934 18180
23938 18183
23942 18186
23946 18189
23950 18192
23954 18195
23958 18198
23962 18201
23966 18204
23970 18207
23974 18210
23978 18213
23982 18216
23986 18219
23990 18222
23994 18225
23998 18228
24002 18231
24006 18234
24010 18237
24014 18240
24018 18243
24022 18246
24026 18250
24030 18252
24034 18256
24038 18259
24042 18262
24046 18265
24050 18268
24054 18271
24058 18274
24062 18277
24066 18280
24070 18283
24074 18286
24078 18289
24082 18292
24086 18295
24090 18298
24094 18301
24098 18304
24102 18307
24106 18310
24110 18313
24114 18316
24118 18319
24122 18322
24126 18326
24130 18328
24134 18332
24138 18334
24142 18338
24146 18341
24150 18344
24154 18347
24158 18350
24162 18353
24166 18356
24170 18359
24174 18362
24178 18365
24182 18368
24186 18371
24190 18374
24194 18377
24198 18380
24202 18383
24206 18386
24210 18389
24214 18392
24218 18396
24222 18399
24226 18402
24230 18405
24234 18408
24238 18411
24242 18414
24246 18417
24250 18420
24254 18423
24258 18426
24262 18429
24266 18432
24270 18435
24274 18438
24278 18441
24282 18444
24286 18448
24290 18450
24294 18454
24298 18457
24302 18460
24306 18463
24310 18466
24314 18469
24318 18472
24322 18475
24326 18478
24330 18481
24334 18484
24338 18487
24342 18490
24346 18493
24350 18496
24354 18499
24358 18502
24362 18506
24366 18509
24370 18512
24374 18515
24378 18518
24382 18521
24386 18524
24390 18527
24394 18530
24398 18533
24402 18536
24406 18539
24410 18542
24414 18545
24418 18548
24422 18551
24426 18554
24430 18558
24434 18560
24438 18564
24442 18567
24446 18570
24450 18573
24454 18576
24458 18579
24462 18582
24466 18585
24470 18588
24474 18591
24478 18594
24482 18597
24486 18600
24490 18603
24494 18606
24498 18609
24502 18612
24506 18615
24510 18618
24514 18621
24518 18624
24522 18627
24526 18631
24530 18634
24534 18637
24538 18640
24542 18643
24546 18646
24550 18649
24554 18652
24558 18655
24562 18658
24566 18661
24570 18664
24574 18667
24578 18670
24582 18673
24586 18676
24590 18679
24594 18682
24598 18686
24602 18688
24606 18692
24610 18694
24614 18698
24618 18701
24622 18704
24626 18707
24630 18710
24634 18713
24638 18716
24642 18719
24646 18722
24650 18725
24654 18728
24658 18731
24662 18734
24666 18737
24670 18740
24674 18744
24678 18746
24682 18750
24686 18753
24690 18756
24694 18759
24698 18762
24702 18765
24706 18768
24710 18771
24714 18774
24718 18777
24722 18780
24726 18783
24730 18786
24734 18789
24738 18792
24742 18796
24746 18799
24750 18802
24754 18805
24758 18808
24762 18811
24766 18814
24770 18817
24774 18820
24778 18823
24782 18826
24786 18829
24790 18832
24794 18835
24798 18838
24802 18842
24806 18844
24810 18848
24814 18851
24818 18854
24822 18857
24826 18860
24830 18863
24834 18866
24838 18869
24842 18872
24846 18875
24850 18878
24854 18881
24858 18884
24862 18887
24866 18890
24870 18893
24874 18896
24878 18900
24882 18902
24886 18906
24890 18908
24894 18912
24898 18915
24902 18918
24906 18921
24910 18924
24914 18927
24918 18930
24922 18933
24926 18936
24930 18939
24934 18942
24938 18945
24942 18948
24946 18951
24950 18954
24954 18957
24958 18960
24962 18963
24966 18966
24970 18969
24974 18972
24978 18975
24982 18978
24986 18981
24990 18984
24994 18987
24998 18990
25002 18993
25006 18996
25010 18999
25014 19002
25018 19005
25022 19008
25026 19011
25030 19014
25034 19017
25038 19020
25042 19024
25046 19026
25050 19030
25054 19032
25058 19036
25062 19039
25066 19042
25070 19045
25074 19048
25078 19051
25082 19054
25086 19057
25090 19060
25094 19063
25098 19066
25102 19069
25106 19072
25110 19075
25114 19078
25118 19081
25122 19084
25126 19088
25130 19090
25134 19094
25138 19097
25142 19100
25146 19103
25150 19106
25154 19109
25158 19112
25162 19115
25166 19118
25170 19121
25174 19124
25178 19127
25182 19130
25186 19133
25190 19136
25194 19140
25198 19143
25202 19146
25206 19149
25210 19152
25214 19155
25218 19158
25222 19161
25226 19164
25230 19167
25234 19170
25238 19173
25242 19176
25246 19180
25250 19182
25254 19186
25258 19189
25262 19192
25266 19195
25270 19198
25274 19201
25278 19204
25282 19207
25286 19210
25290 19213
25294 19216
25298 19219
25302 19222
25306 19226
25310 19229
25314 19232
25318 19235
25322 19238
25326 19241
25330 19244
25334 19247
25338 19250
25342 19253
25346 19256
25350 19259
25354 19262
25358 19265
25362 19268
25366 19271
25370 19274
25374 19278
25378 19280
25382 19284
25386 19287
25390 19290
25394 19293
25398 19296
25402 19299
25406 19302
25410 19305
25414 19308
25418 19311
25422 19314
25426 19317
25430 19320
25434 19323
25438 19326
25442 19329
25446 19332
25450 19335
25454 19338
25458 19341
25462 19344
25466 19347
25470 19350
25474 19353
25478 19356
25482 19359
25486 19362
25490 19365
25494 19368
25498 19371
25502 19374
25506 19377
25510 19380
25514 19383
25518 19386
25522 19390
25526 19392
25530 19396
25534 19399
25538 19402
25542 19405
25546 19408
25550 19411
25554 19414
25558 19417
25562 19420
25566 19423
25570 19426
25574 19429
25578 19432
25582 19435
25586 19438
25590 19441
25594 19444
25598 19447
25602 19450
25606 19453
25610 19456
25614 19459
25618 19462
25622 19466
25626 19468
25630 19472
25634 19475
25638 19478
25642 19481
25646 19484
25650 19487
25654 19490
25658 19493
25662 19496
25666 19499
25670 19502
25674 19505
25678 19508
25682 19511
25686 19514
25690 19518
25694 19521
25698 19524
25702 19527
25706 19530
25710 19533
25714 19536
25718 19539
25722 19542
25726 19545
25730 19548
25734 19551
25738 19554
25742 19557
25746 19560
25750 19564
25754 19567
25758 19570
25762 19573
25766 19576
25770 19579
25774 19582
25778 19585
25782 19588
25786 19591
25790 19594
25794 19597
25798 19600
25802 19604
25806 19606
25810 19610
25814 19613
25818 19616
25822 19619
25826 19622
25830 19625
25834 19628
25838 19631
25842 19634
25846 19637
25850 19640
25854 19643
25858 19646
25862 19649
25866 19652
25870 19655
25874 19658
25878 19661
25882 19664
25886 19668
25890 19670
25894 19674
25898 19676
25902 19680
25906 19683
25910 19686
25914 19689
25918 19692
25922 19695
25926 19698
25930 19701
25934 19704
25938 19707
25942 19710
25946 19713
25950 19716
25954 19719
25958 19722
25962 19725
25966 19728
25970 19731
25974 19734
25978 19737
25982 19740
25986 19743
25990 19746
25994 19749
25998 19752
26002 19755
26006 19758
26010 19762
26014 19765
26018 19768
26022 19771
26026 19774
26030 19777
26034 19780
26038 19783
26042 19786
26046 19789
26050 19792
26054 19795
26058 19798
26062 19801
26066 19804
26070 19807
26074 19810
26078 19813
26082 19816
26086 19819
26090 19822
26094 19825
26098 19828
26102 19832
26106 19834
26110 19838
26114 19841
26118 19844
26122 19847
26126 19850
26130 19853
26134 19856
26138 19859
26142 19862
26146 19865
26150 19868
26154 19871
26158 19874
26162 19877
26166 19880
26170 19883
26174 19886
26178 19889
26182 19892
26186 19896
26190 19899
26194 19902
26198 19905
26202 19908
26206 19911
26210 19914
26214 19917
26218 19920
26222 19923
26226 19926
26230 19929
26234 19932
26238 19935
26242 19938
26246 19941
26250 19944
26254 19948
26258 19951
26262 19954
26266 19957
26270 19960
26274 19963
26278 19966
26282 19969
26286 19972
26290 19975
26294 19978
26298 19981
26302 19984
26306 19987
26310 19990
26314 19993
26318 19996
26322 19999
26326 20002
26330 20006
26334 20008
26338 20011
26342 20014
26346 20018
26350 20020
26354 20024
26358 20027
26362 20030
26366 20033
26370 20036
26374 20039
26378 20042
26382 20045
26386 20048
26390 20051
26394 20054
26398 20057
26402 20060
26406 20063
26410 20066
26414 20069
26418 20072
26422 20075
26426 20078
26430 20081
26434 20084
26438 20087
26442 20090
26446 20094
26450 20096
26454 20100
26458 20103
26462 20106
26466 20109
26470 20112
26474 20115
26478 20118
26482 20121
26486 20124
26490 20127
26494 20130
26498 20133
26502 20136
26506 20139
26510 20142
26514 20145
26518 20148
26522 20152
26526 20154
26530 20158
26534 20160
26538 20164
26542 20167
26546 20170
26550 20173
26554 20176
26558 20179
26562 20182
26566 20185
26570 20188
26574 20191
26578 20194
26582 20197
26586 20200
26590 20203
26594 20207
26598 20210
26602 20213
26606 20216
26610 20219
26614 20222
26618 20225
26622 20228
26626 20231
26630 20234
26634 20237
26638 20240
26642 20244
26646 20246
26650 20250
26654 20253
26658 20256
26662 20259
26666 20262
26670 20265
26674 20268
26678 20271
26682 20274
26686 20277
26690 20280
26694 20283
26698 20286
26702 20289
26706 20292
26710 20296
26714 20299
26718 20302
26722 20305
26726 20308
26730 20311
26734 20314
26738 20317
26742 20320
26746 20323
26750 20326
26754 20329
26758 20332
26762 20335
26766 20338
26770 20341
26774 20344
26778 20347
26782 20350
26786 20353
26790 20356
26794 20360
26798 20362
26802 20366
26806 20368
26810 20372
26814 20375
26818 20378
26822 20381
26826 20384
26830 20387
26834 20390
26838 20393
26842 20396
26846 20399
26850 20402
26854 20405
26858 20408
26862 20411
26866 20414
26870 20417
26874 20420
26878 20423
26882 20426
26886 20429
26890 20432
26894 20435
26898 20438
26902 20441
26906 20444
26910 20447
26914 20450
26918 20453
26922 20456
26926 20459
26930 20462
26934 20465
26938 20468
26942 20471
26946 20474
26950 20478
26954 20480
26958 20484
26962 20487
26966 20490
26970 20493
26974 20496
26978 20499
26982 20502
26986 20505
26990 20508
26994 20511
26998 20514
27002 20517
27006 20520
27010 20523
27014 20526
27018 20529
27022 20532
27026 20535
27030 20538
27034 20541
27038 20545
27042 20548
27046 20551
27050 20554
27054 20557
27058 20560
27062 20563
27066 20566
27070 20569
27074 20572
27078 20575
27082 20578
27086 20582
27090 20584
27094 20588
27098 20591
27102 20594
27106 20597
27110 20600
27114 20603
27118 20606
27122 20609
27126 20612
27130 20615
27134 20618
27138 20621
27142 20624
27146 20628
27150 20631
27154 20634
27158 20637
27162 20640
27166 20643
27170 20646
27174 20649
27178 20652
27182 20655
27186 20658
27190 20661
27194 20664
27198 20667
27202 20670
27206 20674
27210 20677
27214 20680
27218 20683
27222 20686
27226 20689
27230 20692
27234 20695
27238 20698
27242 20701
27246 20704
27250 20707
27254 20710
27258 20713
27262 20716
27266 20719
27270 20722
27274 20726
27278 20728
27282 20732
27286 20734
27290 20738
27294 20741
27298 20744
27302 20747
27306 20750
27310 20753
27314 20756
27318 20759
27322 20762
27326 20765
27330 20768
27334 20771
27338 20774
27342 20777
27346 20780
27350 20783
27354 20786
27358 20789
27362 20792
27366 20795
27370 20798
27374 20801
27378 20804
27382 20807
27386 20810
27390 20813
27394 20816
27398 20819
27402 20822
27406 20825
27410 20828
27414 20831
27418 20834
27422 20837
27426 20840
27430 20844
27434 20846
27438 20850
27442 20852
27446 20856
27450 20859
27454 20862
27458 20865
27462 20868
27466 20871
27470 20874
27474 20877
27478 20880
27482 20883
27486 20886
27490 20889
27494 20892
27498 20895
27502 20898
27506 20901
27510 20904
27514 20907
27518 20910
27522 20914
27526 20916
27530 20920
27534 20922
27538 20926
27542 20929
27546 20932
27550 20935
27554 20938
27558 20941
27562 20944
27566 20947
27570 20950
27574 20953
27578 20956
27582 20959
27586 20962
27590 20965
27594 20968
27598 20972
27602 20974
27606 20978
27610 20981
27614 20984
27618 20987
27622 20990
27626 20993
27630 20996
27634 20999
27638 21002
27642 21005
27646 21008
27650 21012
27654 21014
27658 21018
27662 21020
27666 21024
27670 21027
27674 21030
27678 21033
27682 21036
27686 21039
27690 21042
27694 21045
27698 21048
27702 21051
27706 21054
27710 21057
27714 21060
27718 21064
27722 21066
27726 21070
27730 21073
27734 21076
27738 21079
27742 21082
27746 21085
27750 21088
27754 21091
27758 21094
27762 21097
27766 21100
27770 21103
27774 21106
27778 21109
27782 21112
27786 21115
27790 21118
27794 21121
27798 21124
27802 21127
27806 21130
27810 21133
27814 21136
27818 21140
27822 21142
27826 21146
27830 21149
27834 21152
27838 21155
27842 21158
27846 21161
27850 21164
27854 21167
27858 21170
27862 21173
27866 21176
27870 21179
27874 21182
27878 21185
27882 21188
27886 21191
27890 21194
27894 21197
27898 21200
27902 21204
27906 21206
27910 21210
27914 21213
27918 21216
27922 21219
27926 21222
27930 21225
27934 21228
27938 21231
27942 21234
27946 21237
27950 21240
27954 21243
27958 21246
27962 21249
27966 21252
27970 21255
27974 21258
27978 21261
27982 21264
27986 21267
27990 21270
27994 21274
27998 21277
28002 21280
28006 21283
28010 21286
28014 21289
28018 21292
28022 21295
28026 21298
28030 21301
28034 21304
28038 21307
28042 21310
28046 21313
28050 21316
28054 21319
28058 21322
28062 21326
28066 21328
28070 21332
28074 21335
28078 21338
28082 21341
28086 21344
28090 21347
28094 21350
28098 21353
28102 21356
28106 21359
28110 21362
28114 21365
28118 21368
28122 21371
28126 21374
28130 21378
28134 21380
28138 21384
28142 21387
28146 21390
28150 21393
28154 21396
28158 21399
28162 21402
28166 21405
28170 21408
28174 21411
28178 21414
28182 21417
28186 21420
28190 21423
28194 21426
28198 21429
28202 21432
28206 21435
28210 21438
28214 21442
28218 21444
28222 21448
28226 21451
28230 21454
28234 21457
28238 21460
28242 21463
28246 21466
28250 21469
28254 21472
28258 21475
28262 21478
28266 21481
28270 21484
28274 21487
28278 21490
28282 21493
28286 21496
28290 21499
28294 21502
28298 21505
28302 21508
28306 21511
28310 21514
28314 21517
28318 21520
28322 21523
28326 21526
28330 21529
28334 21532
28338 21536
28342 21539
28346 21542
28350 21545
28354 21548
28358 21551
28362 21554
28366 21557
28370 21560
28374 21563
28378 21566
28382 21569
28386 21572
28390 21575
28394 21578
28398 21581
28402 21584
28406 21588
28410 21590
28414 21594
28418 21596
28422 21600
28426 21603
28430 21606
28434 21609
28438 21612
28442 21615
28446 21618
28450 21621
28454 21624
28458 21627
28462 21630
28466 21633
28470 21636
28474 21640
28478 21642
28482 21646
28486 21649
28490 21652
28494 21655
28498 21658
28502 21661
28506 21664
28510 21667
28514 21670
28518 21673
28522 21676
28526 21679
28530 21682
28534 21686
28538 21688
28542 21692
28546 21695
28550 21698
28554 21701
28558 21704
28562 21707
28566 21710
28570 21713
28574 21716
28578 21719
28582 21722
28586 21725
28590 21728
28594 21732
28598 21734
28602 21738
28606 21741
28610 21744
28614 21747
28618 21750
28622 21753
28626 21756
28630 21759
28634 21762
28638 21765
28642 21768
28646 21771
28650 21774
28654 21777
28658 21780
28662 21783
28666 21786
28670 21789
28674 21792
28678 21796
28682 21798
28686 21802
28690 21804
28694 21808
28698 21811
28702 21814
28706 21817
28710 21820
28714 21823
28718 21826
28722 21829
28726 21832
28730 21835
28734 21838
28738 21841
28742 21844
28746 21847
28750 21850
28754 21853
28758 21856
28762 21859
28766 21862
28770 21865
28774 21868
28778 21871
28782 21874
28786 21877
28790 21880
28794 21883
28798 21886
28802 21889
28806 21892
28810 21895
28814 21898
28818 21901
28822 21904
28826 21907
28830 21910
28834 21913
28838 21916
28842 21920
28846 21923
28850 21926
28854 21929
28858 21932
28862 21935
28866 21938
28870 21941
28874 21944
28878 21947
28882 21950
28886 21953
28890 21956
28894 21959
28898 21962
28902 21965
28906 21968
28910 21971
28914 21974
28918 21977
28922 21980
28926 21984
28930 21986
28934 21990
28938 21993
28942 21996
28946 21999
28950 22002
28954 22005
28958 22008
28962 22011
28966 22014
28970 22017
28974 22020
28978 22023
28982 22026
28986 22029
28990 22032
28994 22036
28998 22039
29002 22042
29006 22045
29010 22048
29014 22051
29018 22054
29022 22057
29026 22060
29030 22063
29034 22066
29038 22069
29042 22072
29046 22076
29050 22078
29054 22082
29058 22085
29062 22088
29066 22091
29070 22094
29074 22097
29078 22100
29082 22103
29086 22106
29090 22109
29094 22112
29098 22116
29102 22119
29106 22122
29110 22125
29114 22128
29118 22131
29122 22134
29126 22137
29130 22140
29134 22143
29138 22146
29142 22149
29146 22152
29150 22155
29154 22158
29158 22161
29162 22164
29166 22167
29170 22170
29174 22174
29178 22176
29182 22180
29186 22183
29190 22186
29194 22189
29198 22192
29202 22195
29206 22198
29210 22201
29214 22204
29218 22207
29222 22210
29226 22213
29230 22216
29234 22219
29238 22222
29242 22225
29246 22228
29250 22231
29254 22234
29258 22237
29262 22240
29266 22243
29270 22246
29274 22249
29278 22252
29282 22255
29286 22258
29290 22261
29294 22264
29298 22267
29302 22270
29306 22274
29310 22276
29314 22280
29318 22283
29322 22286
29326 22289
29330 22292
29334 22295
29338 22298
29342 22301
29346 22304
29350 22307
29354 22310
29358 22313
29362 22316
29366 22319
29370 22322
29374 22325
29378 22328
29382 22331
29386 22334
29390 22337
29394 22340
29398 22343
29402 22346
29406 22350
29410 22352
29414 22356
29418 22359
29422 22362
29426 22365
29430 22368
29434 22371
29438 22374
29442 22377
29446 22380
29450 22383
29454 22386
29458 22389
29462 22392
29466 22395
29470 22398
29474 22402
29478 22404
29482 22408
29486 22410
29490 22414
29494 22417
29498 22420
29502 22423
29506 22426
29510 22429
29514 22432
29518 22435
29522 22438
29526 22441
29530 22444
29534 22447
29538 22450
29542 22454
29546 22457
29550 22460
29554 22463
29558 22466
29562 22469
29566 22472
29570 22475
29574 22478
29578 22481
29582 22484
29586 22487
29590 22490
29594 22494
29598 22496
29602 22500
29606 22503
29610 22506
29614 22509
29618 22512
29622 22515
29626 22518
29630 22521
29634 22524
29638 22527
29642 22530
29646 22533
29650 22536
29654 22539
29658 22542
29662 22545
29666 22548
29670 22551
29674 22554
29678 22557
29682 22560
29686 22564
29690 22566
29694 22570
29698 22572
29702 22576
29706 22579
29710 22582
29714 22585
29718 22588
29722 22591
29726 22594
29730 22597
29734 22600
29738 22603
29742 22606
29746 22609
29750 22612
29754 22615
29758 22618
29762 22621
29766 22624
29770 22627
29774 22630
29778 22633
29782 22636
29786 22640
29790 22643
29794 22646
29798 22649
29802 22652
29806 22655
29810 22658
29814 22661
29818 22664
29822 22667
29826 22670
29830 22673
29834 22676
29838 22679
29842 22682
29846 22685
29850 22688
29854 22691
29858 22694
29862 22698
29866 22700
29870 22704
29874 22707
29878 22710
29882 22713
29886 22716
29890 22719
29894 22722
29898 22725
29902 22728
29906 22731
29910 22734
29914 22737
29918 22740
29922 22743
29926 22746
29930 22749
29934 22752
29938 22756
29942 22759
29946 22762
29950 22765
29954 22768
29958 22771
29962 22774
29966 22777
29970 22780
29974 22783
29978 22786
29982 22789
29986 22792
29990 22795
29994 22798
29998 22802
