10 0
14 0
18 0
22 1
26 1
30 2
34 2
38 3
42 4
46 5
50 6
54 7
58 8
62 10
66 11
70 12
74 14
78 16
82 17
86 19
90 21
94 23
98 24
102 26
106 28
110 30
114 32
118 34
122 36
126 38
130 41
134 43
138 45
142 47
146 49
150 52
154 54
158 56
162 58
166 61
170 63
174 65
178 68
182 70
186 72
190 75
194 77
198 80
202 82
206 85
210 87
214 90
218 92
222 94
226 97
230 100
234 102
238 104
242 107
246 109
250 112
254 114
258 117
262 119
266 122
270 124
274 127
278 130
282 132
286 135
290 137
294 140
298 142
302 145
306 147
310 150
314 152
318 155
322 158
326 160
330 163
334 165
338 168
342 170
346 173
350 176
354 178
358 181
362 183
366 186
370 188
374 191
378 193
382 196
386 198
390 201
394 204
398 206
402 209
406 211
410 214
414 216
418 219
422 222
426 224
430 227
434 229
438 232
442 234
446 237
450 239
454 242
458 244
462 247
466 250
470 252
474 254
478 257
482 260
486 262
490 265
494 267
498 270
502 272
506 275
510 277
514 280
518 282
522 285
526 287
530 290
534 292
538 295
542 298
546 300
550 302
554 305
558 308
562 310
566 313
570 315
574 318
578 320
582 323
586 325
590 328
594 330
598 333
602 335
606 338
610 340
614 343
618 346
622 348
626 351
630 353
634 356
638 358
642 361
646 363
650 366
654 369
658 371
662 374
666 376
670 379
674 381
678 384
682 386
686 389
690 392
694 394
698 397
702 399
706 402
710 404
714 407
718 409
722 412
726 414
730 417
734 420
738 422
742 425
746 427
750 430
754 432
758 435
762 438
766 440
770 443
774 445
778 448
782 450
786 453
790 456
794 458
798 461
802 463
806 466
810 468
814 471
818 474
822 476
826 479
830 482
834 484
838 487
842 489
846 492
850 494
854 497
858 500
862 502
866 505
870 507
874 510
878 513
882 515
886 518
890 520
894 523
898 526
902 528
906 531
910 533
914 536
918 538
922 541
926 544
930 546
934 549
938 551
942 554
946 557
950 559
954 562
958 564
962 567
966 569
970 572
974 574
978 577
982 580
986 582
990 585
994 587
998 590
1002 592
1006 595
1010 598
1014 600
1018 603
1022 605
1026 608
1030 610
1034 613
1038 615
1042 618
1046 620
1050 623
1054 626
1058 628
1062 631
1066 633
1070 636
1074 638
1078 641
1082 643
1086 646
1090 648
1094 651
1098 654
1102 656
1106 658
1110 661
1114 664
1118 666
1122 669
1126 671
1130 674
1134 676
1138 679
1142 681
1146 684
1150 686
1154 689
1158 692
1162 694
1166 696
1170 699
1174 702
1178 704
1182 707
1186 709
1190 712
1194 714
1198 717
1202 719
1206 722
1210 724
1214 727
1218 730
1222 732
1226 735
1230 737
1234 740
1238 742
1242 745
1246 748
1250 750
1254 753
1258 755
1262 758
1266 760
1270 763
1274 765
1278 768
1282 770
1286 773
1290 776
1294 778
1298 781
1302 783
1306 786
1310 788
1314 791
1318 794
1322 796
1326 799
1330 801
1334 804
1338 806
1342 809
1346 812
1350 814
1354 817
1358 819
1362 822
1366 824
1370 827
1374 830
1378 832
1382 835
1386 837
1390 840
1394 842
1398 845
1402 848
1406 850
1410 853
1414 856
1418 858
1422 861
1426 863
1430 866
1434 868
1438 871
1442 874
1446 876
1450 879
1454 881
1458 884
1462 886
1466 889
1470 892
1474 894
1478 897
1482 900
1486 902
1490 905
1494 907
1498 910
1502 912
1506 915
1510 918
1514 920
1518 923
1522 925
1526 928
1530 930
1534 933
1538 936
1542 938
1546 941
1550 943
1554 946
1558 948
1562 951
1566 954
1570 956
1574 959
1578 961
1582 964
1586 966
1590 969
1594 971
1598 974
1602 976
1606 979
1610 982
1614 984
1618 987
1622 989
1626 992
1630 994
1634 997
1638 999
1642 1002
1646 1004
1650 1007
1654 1009
1658 1012
1662 1014
1666 1017
1670 1020
1674 1022
1678 1025
1682 1027
1686 1030
1690 1032
1694 1035
1698 1037
1702 1040
1706 1042
1710 1045
1714 1048
1718 1050
1722 1053
1726 1055
1730 1058
1734 1060
1738 1063
1742 1066
1746 1068
1750 1070
1754 1073
1758 1076
1762 1078
1766 1081
1770 1083
1774 1086
1778 1088
1782 1091
1786 1094
1790 1096
1794 1099
1798 1101
1802 1104
1806 1106
1810 1109
1814 1111
1818 1114
1822 1116
1826 1119
1830 1122
1834 1124
1838 1127
1842 1129
1846 1132
1850 1134
1854 1137
1858 1140
1862 1142
1866 1144
1870 1147
1874 1150
1878 1152
1882 1155
1886 1157
1890 1160
1894 1162
1898 1165
1902 1168
1906 1170
1910 1173
1914 1175
1918 1178
1922 1180
1926 1183
1930 1186
1934 1188
1938 1191
1942 1193
1946 1196
1950 1198
1954 1201
1958 1204
1962 1206
1966 1209
1970 1211
1974 1214
1978 1216
1982 1219
1986 1222
1990 1224
1994 1227
1998 1229
2002 1232
2006 1234
2010 1237
2014 1240
2018 1242
2022 1245
2026 1247
2030 1250
2034 1253
2038 1255
2042 1258
2046 1260
2050 1263
2054 1265
2058 1268
2062 1271
2066 1273
2070 1276
2074 1278
2078 1281
2082 1284
2086 1286
2090 1289
2094 1291
2098 1294
2102 1296
2106 1299
2110 1302
2114 1304
2118 1307
2122 1309
2126 1312
2130 1314
2134 1317
2138 1320
2142 1322
2146 1325
2150 1327
2154 1330
2158 1332
2162 1335
2166 1337
2170 1340
2174 1342
2178 1345
2182 1348
2186 1350
2190 1353
2194 1355
2198 1358
2202 1360
2206 1363
2210 1365
2214 1368
2218 1370
2222 1373
2226 1376
2230 1378
2234 1381
2238 1383
2242 1386
2246 1388
2250 1391
2254 1394
2258 1396
2262 1398
2266 1401
2270 1404
2274 1406
2278 1409
2282 1411
2286 1414
2290 1416
2294 1419
2298 1422
2302 1424
2306 1427
2310 1429
2314 1432
2318 1434
2322 1437
2326 1439
2330 1442
2334 1444
2338 1447
2342 1450
2346 1452
2350 1455
2354 1457
2358 1460
2362 1462
2366 1465
2370 1468
2374 1470
2378 1473
2382 1475
2386 1478
2390 1480
2394 1483
2398 1485
2402 1488
2406 1490
2410 1493
2414 1496
2418 1498
2422 1501
2426 1503
2430 1506
2434 1508
2438 1511
2442 1514
2446 1516
2450 1519
2454 1521
2458 1524
2462 1526
2466 1529
2470 1531
2474 1534
2478 1536
2482 1539
2486 1542
2490 1544
2494 1547
2498 1549
2502 1552
2506 1554
2510 1557
2514 1560
2518 1562
2522 1565
2526 1567
2530 1570
2534 1572
2538 1575
2542 1578
2546 1580
2550 1583
2554 1586
2558 1588
2562 1591
2566 1593
2570 1596
2574 1598
2578 1601
2582 1604
2586 1606
2590 1609
2594 1611
2598 1614
2602 1616
2606 1619
2610 1622
2614 1624
2618 1627
2622 1629
2626 1632
2630 1634
2634 1637
2638 1640
2642 1642
2646 1645
2650 1647
2654 1650
2658 1652
2662 1655
2666 1658
2670 1660
2674 1663
2678 1665
2682 1668
2686 1670
2690 1673
2694 1676
2698 1678
2702 1681
2706 1683
2710 1686
2714 1688
2718 1691
2722 1693
2726 1696
2730 1698
2734 1701
2738 1704
2742 1706
2746 1709
2750 1711
2754 1714
2758 1716
2762 1719
2766 1721
2770 1724
2774 1726
2778 1729
2782 1732
2786 1734
2790 1737
2794 1739
2798 1742
2802 1744
2806 1747
2810 1749
2814 1752
2818 1754
2822 1757
2826 1760
2830 1762
2834 1765
2838 1767
2842 1770
2846 1772
2850 1775
2854 1778
2858 1780
2862 1783
2866 1785
2870 1788
2874 1790
2878 1793
2882 1795
2886 1798
2890 1800
2894 1803
2898 1806
2902 1808
2906 1811
2910 1813
2914 1816
2918 1818
2922 1821
2926 1824
2930 1826
2934 1829
2938 1831
2942 1834
2946 1836
2950 1839
2954 1841
2958 1844
2962 1846
2966 1849
2970 1852
2974 1854
2978 1857
2982 1859
2986 1862
2990 1864
2994 1867
2998 1870
3002 1872
3006 1875
3010 1877
3014 1880
3018 1882
3022 1885
3026 1888
3030 1890
3034 1893
3038 1895
3042 1898
3046 1900
3050 1903
3054 1906
3058 1908
3062 1911
3066 1913
3070 1916
3074 1918
3078 1921
3082 1924
3086 1926
3090 1929
3094 1931
3098 1934
3102 1936
3106 1939
3110 1942
3114 1944
3118 1947
3122 1949
3126 1952
3130 1954
3134 1957
3138 1960
3142 1962
3146 1965
3150 1967
3154 1970
3158 1972
3162 1975
3166 1978
3170 1980
3174 1983
3178 1985
3182 1988
3186 1990
3190 1993
3194 1996
3198 1998
3202 2000
3206 2003
3210 2006
3214 2008
3218 2011
3222 2013
3226 2016
3230 2018
3234 2021
3238 2024
3242 2026
3246 2029
3250 2031
3254 2034
3258 2036
3262 2039
3266 2042
3270 2044
3274 2047
3278 2049
3282 2052
3286 2054
3290 2057
3294 2059
3298 2062
3302 2064
3306 2067
3310 2070
3314 2072
3318 2075
3322 2077
3326 2080
3330 2082
3334 2085
3338 2087
3342 2090
3346 2092
3350 2095
3354 2098
3358 2100
3362 2102
3366 2105
3370 2108
3374 2110
3378 2113
3382 2115
3386 2118
3390 2120
3394 2123
3398 2125
3402 2128
3406 2130
3410 2133
3414 2136
3418 2138
3422 2141
3426 2143
3430 2146
3434 2148
3438 2151
3442 2154
3446 2156
3450 2159
3454 2161
3458 2164
3462 2166
3466 2169
3470 2172
3474 2174
3478 2177
3482 2179
3486 2182
3490 2184
3494 2187
3498 2190
3502 2192
3506 2194
3510 2197
3514 2200
3518 2202
3522 2205
3526 2207
3530 2210
3534 2213
3538 2215
3542 2218
3546 2220
3550 2223
3554 2225
3558 2228
3562 2230
3566 2233
3570 2236
3574 2238
3578 2241
3582 2243
3586 2246
3590 2248
3594 2251
3598 2254
3602 2256
3606 2259
3610 2261
3614 2264
3618 2266
3622 2269
3626 2272
3630 2274
3634 2277
3638 2279
3642 2282
3646 2284
3650 2287
3654 2290
3658 2292
3662 2295
3666 2297
3670 2300
3674 2302
3678 2305
3682 2308
3686 2310
3690 2313
3694 2315
3698 2318
3702 2320
3706 2323
3710 2326
3714 2328
3718 2331
3722 2334
3726 2336
3730 2339
3734 2341
3738 2344
3742 2346
3746 2349
3750 2351
3754 2354
3758 2357
3762 2359
3766 2362
3770 2364
3774 2367
3778 2369
3782 2372
3786 2374
3790 2377
3794 2380
3798 2382
3802 2385
3806 2387
3810 2390
3814 2392
3818 2395
3822 2397
3826 2400
3830 2403
3834 2405
3838 2408
3842 2410
3846 2413
3850 2415
3854 2418
3858 2420
3862 2423
3866 2425
3870 2428
3874 2430
3878 2433
3882 2436
3886 2438
3890 2440
3894 2443
3898 2446
3902 2448
3906 2451
3910 2453
3914 2456
3918 2458
3922 2461
3926 2463
3930 2466
3934 2469
3938 2471
3942 2474
3946 2476
3950 2479
3954 2481
3958 2484
3962 2486
3966 2489
3970 2492
3974 2494
3978 2496
3982 2499
3986 2502
3990 2504
3994 2507
3998 2509
4002 2512
4006 2514
4010 2517
4014 2520
4018 2522
4022 2525
4026 2527
4030 2530
4034 2532
4038 2535
4042 2538
4046 2540
4050 2543
4054 2545
4058 2548
4062 2550
4066 2553
4070 2556
4074 2558
4078 2561
4082 2563
4086 2566
4090 2568
4094 2571
4098 2574
4102 2576
4106 2579
4110 2581
4114 2584
4118 2586
4122 2589
4126 2592
4130 2594
4134 2597
4138 2599
4142 2602
4146 2604
4150 2607
4154 2610
4158 2612
4162 2615
4166 2617
4170 2620
4174 2622
4178 2625
4182 2628
4186 2630
4190 2633
4194 2635
4198 2638
4202 2640
4206 2643
4210 2646
4214 2648
4218 2651
4222 2654
4226 2656
4230 2658
4234 2661
4238 2664
4242 2666
4246 2669
4250 2672
4254 2674
4258 2677
4262 2679
4266 2682
4270 2684
4274 2687
4278 2690
4282 2692
4286 2695
4290 2697
4294 2700
4298 2702
4302 2705
4306 2708
4310 2710
4314 2713
4318 2715
4322 2718
4326 2720
4330 2723
4334 2726
4338 2728
4342 2731
4346 2733
4350 2736
4354 2738
4358 2741
4362 2744
4366 2746
4370 2749
4374 2751
4378 2754
4382 2756
4386 2759
4390 2761
4394 2764
4398 2766
4402 2769
4406 2772
4410 2774
4414 2776
4418 2779
4422 2782
4426 2784
4430 2787
4434 2789
4438 2792
4442 2794
4446 2797
4450 2799
4454 2802
4458 2804
4462 2807
4466 2810
4470 2812
4474 2814
4478 2817
4482 2820
4486 2822
4490 2825
4494 2827
4498 2830
4502 2832
4506 2835
4510 2837
4514 2840
4518 2842
4522 2845
4526 2848
4530 2850
4534 2853
4538 2855
4542 2858
4546 2860
4550 2863
4554 2865
4558 2868
4562 2870
4566 2873
4570 2876
4574 2878
4578 2881
4582 2883
4586 2886
4590 2888
4594 2891
4598 2893
4602 2896
4606 2898
4610 2901
4614 2904
4618 2906
4622 2909
4626 2911
4630 2914
4634 2916
4638 2919
4642 2922
4646 2924
4650 2927
4654 2929
4658 2932
4662 2934
4666 2937
4670 2940
4674 2942
4678 2945
4682 2947
4686 2950
4690 2952
4694 2955
4698 2958
4702 2960
4706 2963
4710 2965
4714 2968
4718 2970
4722 2973
4726 2976
4730 2978
4734 2981
4738 2983
4742 2986
4746 2988
4750 2991
4754 2994
4758 2996
4762 2999
4766 3002
4770 3004
4774 3007
4778 3009
4782 3012
4786 3014
4790 3017
4794 3020
4798 3022
4802 3025
4806 3027
4810 3030
4814 3033
4818 3035
4822 3038
4826 3040
4830 3043
4834 3046
4838 3048
4842 3051
4846 3053
4850 3056
4854 3058
4858 3061
4862 3064
4866 3066
4870 3069
4874 3071
4878 3074
4882 3076
4886 3079
4890 3082
4894 3084
4898 3087
4902 3089
4906 3092
4910 3094
4914 3097
4918 3100
4922 3102
4926 3105
4930 3107
4934 3110
4938 3112
4942 3115
4946 3117
4950 3120
4954 3123
4958 3125
4962 3128
4966 3130
4970 3133
4974 3135
4978 3138
4982 3140
4986 3143
4990 3145
4994 3148
4998 3150
5002 3153
5006 3155
5010 3158
5014 3161
5018 3163
5022 3166
5026 3168
5030 3171
5034 3173
5038 3176
5042 3178
5046 3181
5050 3183
5054 3186
5058 3188
5062 3191
5066 3194
5070 3196
5074 3199
5078 3201
5082 3204
5086 3206
5090 3209
5094 3211
5098 3214
5102 3216
5106 3219
5110 3221
5114 3224
5118 3226
5122 3229
5126 3232
5130 3234
5134 3237
5138 3239
5142 3242
5146 3244
5150 3247
5154 3250
5158 3252
5162 3254
5166 3257
5170 3260
5174 3262
5178 3265
5182 3267
5186 3270
5190 3272
5194 3275
5198 3278
5202 3280
5206 3283
5210 3285
5214 3288
5218 3290
5222 3293
5226 3296
5230 3298
5234 3301
5238 3303
5242 3306
5246 3308
5250 3311
5254 3314
5258 3316
5262 3319
5266 3321
5270 3324
5274 3326
5278 3329
5282 3332
5286 3334
5290 3337
5294 3339
5298 3342
5302 3344
5306 3347
5310 3350
5314 3352
5318 3355
5322 3357
5326 3360
5330 3363
5334 3365
5338 3368
5342 3370
5346 3373
5350 3376
5354 3378
5358 3381
5362 3383
5366 3386
5370 3388
5374 3391
5378 3394
5382 3396
5386 3399
5390 3401
5394 3404
5398 3407
5402 3409
5406 3412
5410 3414
5414 3417
5418 3420
5422 3422
5426 3425
5430 3427
5434 3430
5438 3432
5442 3435
5446 3438
5450 3440
5454 3443
5458 3445
5462 3448
5466 3450
5470 3453
5474 3456
5478 3458
5482 3461
5486 3463
5490 3466
5494 3468
5498 3471
5502 3473
5506 3476
5510 3478
5514 3481
5518 3484
5522 3486
5526 3489
5530 3491
5534 3494
5538 3496
5542 3499
5546 3501
5550 3504
5554 3506
5558 3509
5562 3512
5566 3514
5570 3517
5574 3519
5578 3522
5582 3524
5586 3527
5590 3529
5594 3532
5598 3534
5602 3537
5606 3539
5610 3542
5614 3544
5618 3547
5622 3550
5626 3552
5630 3555
5634 3557
5638 3560
5642 3562
5646 3565
5650 3567
5654 3570
5658 3572
5662 3575
5666 3578
5670 3580
5674 3582
5678 3585
5682 3588
5686 3590
5690 3593
5694 3595
5698 3598
5702 3600
5706 3603
5710 3605
5714 3608
5718 3611
5722 3613
5726 3616
5730 3618
5734 3621
5738 3623
5742 3626
5746 3628
5750 3631
5754 3634
5758 3636
5762 3638
5766 3641
5770 3644
5774 3646
5778 3649
5782 3651
5786 3654
5790 3656
5794 3659
5798 3662
5802 3664
5806 3667
5810 3669
5814 3672
5818 3674
5822 3677
5826 3680
5830 3682
5834 3685
5838 3687
5842 3690
5846 3692
5850 3695
5854 3698
5858 3700
5862 3703
5866 3705
5870 3708
5874 3710
5878 3713
5882 3716
5886 3718
5890 3721
5894 3723
5898 3726
5902 3728
5906 3731
5910 3734
5914 3736
5918 3739
5922 3741
5926 3744
5930 3747
5934 3749
5938 3752
5942 3754
5946 3757
5950 3760
5954 3762
5958 3765
5962 3767
5966 3770
5970 3772
5974 3775
5978 3778
5982 3780
5986 3783
5990 3785
5994 3788
5998 3790
6002 3793
6006 3796
6010 3798
6014 3801
6018 3804
6022 3806
6026 3809
6030 3811
6034 3814
6038 3816
6042 3819
6046 3822
6050 3824
6054 3827
6058 3829
6062 3832
6066 3834
6070 3837
6074 3839
6078 3842
6082 3844
6086 3847
6090 3850
6094 3852
6098 3855
6102 3857
6106 3860
6110 3862
6114 3865
6118 3867
6122 3870
6126 3872
6130 3875
6134 3878
6138 3880
6142 3883
6146 3885
6150 3888
6154 3890
6158 3893
6162 3895
6166 3898
6170 3900
6174 3903
6178 3905
6182 3908
6186 3910
6190 3913
6194 3916
6198 3918
6202 3921
6206 3923
6210 3926
6214 3928
6218 3931
6222 3933
6226 3936
6230 3938
6234 3941
6238 3944
6242 3946
6246 3949
6250 3951
6254 3954
6258 3956
6262 3959
6266 3961
6270 3964
6274 3966
6278 3969
6282 3972
6286 3974
6290 3977
6294 3979
6298 3982
6302 3984
6306 3987
6310 3989
6314 3992
6318 3994
6322 3997
6326 4000
6330 4002
6334 4005
6338 4007
6342 4010
6346 4012
6350 4015
6354 4017
6358 4020
6362 4022
6366 4025
6370 4028
6374 4030
6378 4033
6382 4035
6386 4038
6390 4040
6394 4043
6398 4046
6402 4048
6406 4051
6410 4053
6414 4056
6418 4058
6422 4061
6426 4064
6430 4066
6434 4069
6438 4071
6442 4074
6446 4076
6450 4079
6454 4082
6458 4084
6462 4087
6466 4089
6470 4092
6474 4094
6478 4097
6482 4100
6486 4102
6490 4105
6494 4107
6498 4110
6502 4113
6506 4115
6510 4118
6514 4120
6518 4123
6522 4126
6526 4128
6530 4131
6534 4133
6538 4136
6542 4138
6546 4141
6550 4144
6554 4146
6558 4149
6562 4151
6566 4154
6570 4156
6574 4159
6578 4162
6582 4164
6586 4167
6590 4169
6594 4172
6598 4174
6602 4177
6606 4180
6610 4182
6614 4185
6618 4187
6622 4190
6626 4192
6630 4195
6634 4198
6638 4200
6642 4203
6646 4205
6650 4208
6654 4210
6658 4213
6662 4216
6666 4218
6670 4221
6674 4223
6678 4226
6682 4228
6686 4231
6690 4234
6694 4236
6698 4238
6702 4241
6706 4244
6710 4246
6714 4249
6718 4251
6722 4254
6726 4256
6730 4259
6734 4262
6738 4264
6742 4266
6746 4269
6750 4272
6754 4274
6758 4277
6762 4279
6766 4282
6770 4284
6774 4287
6778 4290
6782 4292
6786 4294
6790 4297
6794 4300
6798 4302
6802 4305
6806 4307
6810 4310
6814 4312
6818 4315
6822 4318
6826 4320
6830 4323
6834 4325
6838 4328
6842 4330
6846 4333
6850 4336
6854 4338
6858 4340
6862 4343
6866 4346
6870 4348
6874 4351
6878 4353
6882 4356
6886 4358
6890 4361
6894 4364
6898 4366
6902 4369
6906 4371
6910 4374
6914 4376
6918 4379
6922 4381
6926 4384
6930 4386
6934 4389
6938 4392
6942 4394
6946 4397
6950 4399
6954 4402
6958 4404
6962 4407
6966 4410
6970 4412
6974 4415
6978 4417
6982 4420
6986 4422
6990 4425
6994 4428
6998 4430
7002 4433
7006 4435
7010 4438
7014 4440
7018 4443
7022 4446
7026 4448
7030 4451
7034 4453
7038 4456
7042 4458
7046 4461
7050 4464
7054 4466
7058 4469
7062 4471
7066 4474
7070 4476
7074 4479
7078 4482
7082 4484
7086 4487
7090 4489
7094 4492
7098 4495
7102 4497
7106 4500
7110 4502
7114 4505
7118 4508
7122 4510
7126 4512
7130 4515
7134 4518
7138 4520
7142 4523
7146 4526
7150 4528
7154 4531
7158 4533
7162 4536
7166 4538
7170 4541
7174 4544
7178 4546
7182 4549
7186 4551
7190 4554
7194 4556
7198 4559
7202 4561
7206 4564
7210 4567
7214 4569
7218 4572
7222 4574
7226 4577
7230 4579
7234 4582
7238 4584
7242 4587
7246 4590
7250 4592
7254 4594
7258 4597
7262 4600
7266 4602
7270 4605
7274 4607
7278 4610
7282 4612
7286 4615
7290 4618
7294 4620
7298 4622
7302 4625
7306 4628
7310 4630
7314 4633
7318 4635
7322 4638
7326 4640
7330 4643
7334 4646
7338 4648
7342 4650
7346 4653
7350 4656
7354 4658
7358 4661
7362 4663
7366 4666
7370 4668
7374 4671
7378 4674
7382 4676
7386 4679
7390 4681
7394 4684
7398 4686
7402 4689
7406 4692
7410 4694
7414 4697
7418 4699
7422 4702
7426 4704
7430 4707
7434 4709
7438 4712
7442 4714
7446 4717
7450 4720
7454 4722
7458 4725
7462 4727
7466 4730
7470 4732
7474 4735
7478 4738
7482 4740
7486 4743
7490 4745
7494 4748
7498 4750
7502 4753
7506 4756
7510 4758
7514 4761
7518 4763
7522 4766
7526 4768
7530 4771
7534 4773
7538 4776
7542 4779
7546 4781
7550 4784
7554 4786
7558 4789
7562 4791
7566 4794
7570 4796
7574 4799
7578 4802
7582 4804
7586 4807
7590 4810
7594 4812
7598 4814
7602 4817
7606 4820
7610 4822
7614 4825
7618 4827
7622 4830
7626 4833
7630 4835
7634 4838
7638 4840
7642 4843
7646 4846
7650 4848
7654 4851
7658 4853
7662 4856
7666 4858
7670 4861
7674 4863
7678 4866
7682 4869
7686 4871
7690 4874
7694 4876
7698 4879
7702 4882
7706 4884
7710 4886
7714 4889
7718 4892
7722 4894
7726 4897
7730 4899
7734 4902
7738 4905
7742 4907
7746 4910
7750 4912
7754 4915
7758 4917
7762 4920
7766 4922
7770 4925
7774 4928
7778 4930
7782 4933
7786 4935
7790 4938
7794 4940
7798 4943
7802 4945
7806 4948
7810 4950
7814 4953
7818 4956
7822 4958
7826 4961
7830 4963
7834 4966
7838 4968
7842 4971
7846 4973
7850 4976
7854 4978
7858 4981
7862 4984
7866 4986
7870 4989
7874 4991
7878 4994
7882 4996
7886 4999
7890 5001
7894 5004
7898 5006
7902 5009
7906 5012
7910 5014
7914 5017
7918 5019
7922 5022
7926 5024
7930 5027
7934 5030
7938 5032
7942 5035
7946 5037
7950 5040
7954 5042
7958 5045
7962 5048
7966 5050
7970 5053
7974 5055
7978 5058
7982 5060
7986 5063
7990 5065
7994 5068
7998 5071
8002 5073
8006 5076
8010 5078
8014 5081
8018 5083
8022 5086
8026 5088
8030 5091
8034 5094
8038 5096
8042 5099
8046 5101
8050 5104
8054 5106
8058 5109
8062 5112
8066 5114
8070 5117
8074 5119
8078 5122
8082 5124
8086 5127
8090 5130
8094 5132
8098 5135
8102 5137
8106 5140
8110 5142
8114 5145
8118 5148
8122 5150
8126 5153
8130 5155
8134 5158
8138 5161
8142 5163
8146 5166
8150 5168
8154 5171
8158 5173
8162 5176
8166 5178
8170 5181
8174 5184
8178 5186
8182 5189
8186 5192
8190 5194
8194 5197
8198 5199
8202 5202
8206 5204
8210 5207
8214 5210
8218 5212
8222 5215
8226 5217
8230 5220
8234 5222
8238 5225
8242 5227
8246 5230
8250 5232
8254 5235
8258 5238
8262 5240
8266 5243
8270 5246
8274 5248
8278 5250
8282 5253
8286 5256
8290 5258
8294 5261
8298 5263
8302 5266
8306 5268
8310 5271
8314 5274
8318 5276
8322 5279
8326 5281
8330 5284
8334 5286
8338 5289
8342 5291
8346 5294
8350 5296
8354 5299
8358 5302
8362 5304
8366 5306
8370 5309
8374 5312
8378 5314
8382 5317
8386 5319
8390 5322
8394 5324
8398 5327
8402 5329
8406 5332
8410 5334
8414 5337
8418 5340
8422 5342
8426 5345
8430 5347
8434 5350
8438 5352
8442 5355
8446 5358
8450 5360
8454 5362
8458 5365
8462 5368
8466 5370
8470 5373
8474 5375
8478 5378
8482 5380
8486 5383
8490 5386
8494 5388
8498 5390
8502 5393
8506 5396
8510 5398
8514 5401
8518 5404
8522 5406
8526 5409
8530 5411
8534 5414
8538 5416
8542 5419
8546 5421
8550 5424
8554 5426
8558 5429
8562 5432
8566 5434
8570 5437
8574 5439
8578 5442
8582 5444
8586 5447
8590 5450
8594 5452
8598 5455
8602 5457
8606 5460
8610 5462
8614 5465
8618 5468
8622 5470
8626 5473
8630 5475
8634 5478
8638 5480
8642 5483
8646 5486
8650 5488
8654 5491
8658 5493
8662 5496
8666 5498
8670 5501
8674 5504
8678 5506
8682 5509
8686 5511
8690 5514
8694 5516
8698 5519
8702 5522
8706 5524
8710 5527
8714 5530
8718 5532
8722 5534
8726 5537
8730 5540
8734 5542
8738 5545
8742 5547
8746 5550
8750 5553
8754 5555
8758 5558
8762 5560
8766 5563
8770 5566
8774 5568
8778 5571
8782 5573
8786 5576
8790 5578
8794 5581
8798 5584
8802 5586
8806 5589
8810 5591
8814 5594
8818 5596
8822 5599
8826 5602
8830 5604
8834 5607
8838 5609
8842 5612
8846 5614
8850 5617
8854 5619
8858 5622
8862 5624
8866 5627
8870 5630
8874 5632
8878 5635
8882 5637
8886 5640
8890 5642
8894 5645
8898 5648
8902 5650
8906 5652
8910 5655
8914 5658
8918 5660
8922 5663
8926 5665
8930 5668
8934 5670
8938 5673
8942 5675
8946 5678
8950 5680
8954 5683
8958 5685
8962 5688
8966 5690
8970 5693
8974 5696
8978 5698
8982 5700
8986 5703
8990 5706
8994 5708
8998 5711
9002 5713
9006 5716
9010 5718
9014 5721
9018 5724
9022 5726
9026 5728
9030 5731
9034 5734
9038 5736
9042 5739
9046 5741
9050 5744
9054 5746
9058 5749
9062 5752
9066 5754
9070 5756
9074 5759
9078 5762
9082 5764
9086 5767
9090 5769
9094 5772
9098 5774
9102 5777
9106 5780
9110 5782
9114 5785
9118 5787
9122 5790
9126 5792
9130 5795
9134 5798
9138 5800
9142 5803
9146 5805
9150 5808
9154 5810
9158 5813
9162 5816
9166 5818
9170 5821
9174 5823
9178 5826
9182 5828
9186 5831
9190 5834
9194 5836
9198 5839
9202 5841
9206 5844
9210 5846
9214 5849
9218 5852
9222 5854
9226 5857
9230 5860
9234 5862
9238 5865
9242 5867
9246 5870
9250 5872
9254 5875
9258 5878
9262 5880
9266 5883
9270 5885
9274 5888
9278 5890
9282 5893
9286 5896
9290 5898
9294 5901
9298 5903
9302 5906
9306 5909
9310 5911
9314 5914
9318 5916
9322 5919
9326 5921
9330 5924
9334 5927
9338 5929
9342 5932
9346 5934
9350 5937
9354 5940
9358 5942
9362 5945
9366 5947
9370 5950
9374 5952
9378 5955
9382 5958
9386 5960
9390 5963
9394 5965
9398 5968
9402 5970
9406 5973
9410 5976
9414 5978
9418 5981
9422 5983
9426 5986
9430 5988
9434 5991
9438 5994
9442 5996
9446 5998
9450 6001
9454 6004
9458 6006
9462 6009
9466 6011
9470 6014
9474 6016
9478 6019
9482 6021
9486 6024
9490 6026
9494 6029
9498 6032
9502 6034
9506 6037
9510 6039
9514 6042
9518 6044
9522 6047
9526 6049
9530 6052
9534 6054
9538 6057
9542 6059
9546 6062
9550 6064
9554 6067
9558 6070
9562 6072
9566 6075
9570 6077
9574 6080
9578 6082
9582 6085
9586 6087
9590 6090
9594 6092
9598 6095
9602 6098
9606 6100
9610 6102
9614 6105
9618 6108
9622 6110
9626 6113
9630 6115
9634 6118
9638 6120
9642 6123
9646 6126
9650 6128
9654 6131
9658 6133
9662 6136
9666 6138
9670 6141
9674 6144
9678 6146
9682 6148
9686 6151
9690 6154
9694 6156
9698 6159
9702 6161
9706 6164
9710 6166
9714 6169
9718 6172
9722 6174
9726 6177
9730 6179
9734 6182
9738 6184
9742 6187
9746 6190
9750 6192
9754 6195
9758 6197
9762 6200
9766 6202
9770 6205
9774 6208
9778 6210
9782 6213
9786 6215
9790 6218
9794 6220
9798 6223
9802 6226
9806 6228
9810 6231
9814 6234
9818 6236
9822 6239
9826 6241
9830 6244
9834 6246
9838 6249
9842 6252
9846 6254
9850 6257
9854 6259
9858 6262
9862 6264
9866 6267
9870 6270
9874 6272
9878 6275
9882 6278
9886 6280
9890 6283
9894 6285
9898 6288
9902 6290
9906 6293
9910 6296
9914 6298
9918 6301
9922 6303
9926 6306
9930 6308
9934 6311
9938 6314
9942 6316
9946 6319
9950 6321
9954 6324
9958 6326
9962 6329
9966 6332
9970 6334
9974 6337
9978 6339
9982 6342
9986 6344
9990 6347
9994 6350
9998 6352
10002 6355
10006 6357
10010 6360
10014 6362
10018 6365
10022 6368
10026 6370
10030 6372
10034 6375
10038 6378
10042 6380
10046 6383
10050 6385
10054 6388
10058 6390
10062 6393
10066 6395
10070 6398
10074 6400
10078 6403
10082 6406
10086 6408
10090 6410
10094 6413
10098 6416
10102 6418
10106 6421
10110 6423
10114 6426
10118 6428
10122 6431
10126 6433
10130 6436
10134 6438
10138 6441
10142 6444
10146 6446
10150 6448
10154 6451
10158 6454
10162 6456
10166 6459
10170 6461
10174 6464
10178 6466
10182 6469
10186 6472
10190 6474
10194 6477
10198 6479
10202 6482
10206 6484
10210 6487
10214 6489
10218 6492
10222 6494
10226 6497
10230 6499
10234 6502
10238 6505
10242 6507
10246 6510
10250 6512
10254 6515
10258 6517
10262 6520
10266 6522
10270 6525
10274 6528
10278 6530
10282 6533
10286 6535
10290 6538
10294 6540
10298 6543
10302 6546
10306 6548
10310 6551
10314 6553
10318 6556
10322 6558
10326 6561
10330 6564
10334 6566
10338 6569
10342 6571
10346 6574
10350 6576
10354 6579
10358 6582
10362 6584
10366 6587
10370 6590
10374 6592
10378 6595
10382 6597
10386 6600
10390 6602
10394 6605
10398 6608
10402 6610
10406 6613
10410 6615
10414 6618
10418 6620
10422 6623
10426 6626
10430 6628
10434 6631
10438 6634
10442 6636
10446 6639
10450 6641
10454 6644
10458 6646
10462 6649
10466 6652
10470 6654
10474 6657
10478 6659
10482 6662
10486 6664
10490 6667
10494 6670
10498 6672
10502 6675
10506 6677
10510 6680
10514 6682
10518 6685
10522 6688
10526 6690
10530 6693
10534 6695
10538 6698
10542 6700
10546 6703
10550 6706
10554 6708
10558 6711
10562 6713
10566 6716
10570 6718
10574 6721
10578 6724
10582 6726
10586 6729
10590 6731
10594 6734
10598 6736
10602 6739
10606 6741
10610 6744
10614 6746
10618 6749
10622 6752
10626 6754
10630 6757
10634 6759
10638 6762
10642 6764
10646 6767
10650 6769
10654 6772
10658 6774
10662 6777
10666 6780
10670 6782
10674 6784
10678 6787
10682 6790
10686 6792
10690 6795
10694 6797
10698 6800
10702 6802
10706 6805
10710 6807
10714 6810
10718 6812
10722 6815
10726 6818
10730 6820
10734 6823
10738 6825
10742 6828
10746 6830
10750 6833
10754 6835
10758 6838
10762 6840
10766 6843
10770 6846
10774 6848
10778 6851
10782 6853
10786 6856
10790 6858
10794 6861
10798 6863
10802 6866
10806 6868
10810 6871
10814 6874
10818 6876
10822 6879
10826 6881
10830 6884
10834 6886
10838 6889
10842 6892
10846 6894
10850 6897
10854 6899
10858 6902
10862 6904
10866 6907
10870 6909
10874 6912
10878 6914
10882 6917
10886 6920
10890 6922
10894 6925
10898 6927
10902 6930
10906 6932
10910 6935
10914 6938
10918 6940
10922 6943
10926 6945
10930 6948
10934 6950
10938 6953
10942 6956
10946 6958
10950 6961
10954 6963
10958 6966
10962 6969
10966 6971
10970 6974
10974 6976
10978 6979
10982 6982
10986 6984
10990 6987
10994 6989
10998 6992
11002 6994
11006 6997
11010 7000
11014 7002
11018 7005
11022 7007
11026 7010
11030 7012
11034 7015
11038 7018
11042 7020
11046 7023
11050 7025
11054 7028
11058 7030
11062 7033
11066 7036
11070 7038
11074 7041
11078 7044
11082 7046
11086 7049
11090 7051
11094 7054
11098 7056
11102 7059
11106 7062
11110 7064
11114 7067
11118 7069
11122 7072
11126 7074
11130 7077
11134 7080
11138 7082
11142 7084
11146 7087
11150 7090
11154 7092
11158 7095
11162 7097
11166 7100
11170 7102
11174 7105
11178 7108
11182 7110
11186 7113
11190 7115
11194 7118
11198 7120
11202 7123
11206 7125
11210 7128
11214 7130
11218 7133
11222 7136
11226 7138
11230 7141
11234 7143
11238 7146
11242 7148
11246 7151
11250 7153
11254 7156
11258 7158
11262 7161
11266 7164
11270 7166
11274 7169
11278 7171
11282 7174
11286 7176
11290 7179
11294 7181
11298 7184
11302 7186
11306 7189
11310 7192
11314 7194
11318 7197
11322 7199
11326 7202
11330 7204
11334 7207
11338 7210
11342 7212
11346 7214
11350 7217
11354 7220
11358 7222
11362 7225
11366 7227
11370 7230
11374 7232
11378 7235
11382 7238
11386 7240
11390 7242
11394 7245
11398 7248
11402 7250
11406 7253
11410 7256
11414 7258
11418 7260
11422 7263
11426 7266
11430 7268
11434 7271
11438 7273
11442 7276
11446 7278
11450 7281
11454 7284
11458 7286
11462 7289
11466 7291
11470 7294
11474 7296
11478 7299
11482 7302
11486 7304
11490 7307
11494 7309
11498 7312
11502 7314
11506 7317
11510 7320
11514 7322
11518 7325
11522 7327
11526 7330
11530 7332
11534 7335
11538 7338
11542 7340
11546 7343
11550 7345
11554 7348
11558 7350
11562 7353
11566 7356
11570 7358
11574 7361
11578 7363
11582 7366
11586 7369
11590 7371
11594 7374
11598 7376
11602 7379
11606 7382
11610 7384
11614 7387
11618 7389
11622 7392
11626 7394
11630 7397
11634 7400
11638 7402
11642 7405
11646 7407
11650 7410
11654 7412
11658 7415
11662 7418
11666 7420
11670 7423
11674 7425
11678 7428
11682 7430
11686 7433
11690 7436
11694 7438
11698 7441
11702 7443
11706 7446
11710 7448
11714 7451
11718 7454
11722 7456
11726 7458
11730 7461
11734 7464
11738 7466
11742 7469
11746 7471
11750 7474
11754 7476
11758 7479
11762 7481
11766 7484
11770 7486
11774 7489
11778 7492
11782 7494
11786 7497
11790 7499
11794 7502
11798 7504
11802 7507
11806 7510
11810 7512
11814 7515
11818 7517
11822 7520
11826 7522
11830 7525
11834 7527
11838 7530
11842 7532
11846 7535
11850 7538
11854 7540
11858 7543
11862 7545
11866 7548
11870 7550
11874 7553
11878 7555
11882 7558
11886 7561
11890 7563
11894 7566
11898 7568
11902 7571
11906 7573
11910 7576
11914 7578
11918 7581
11922 7584
11926 7586
11930 7589
11934 7591
11938 7594
11942 7596
11946 7599
11950 7602
11954 7604
11958 7607
11962 7609
11966 7612
11970 7614
11974 7617
11978 7619
11982 7622
11986 7624
11990 7627
11994 7630
11998 7632
12002 7635
12006 7637
12010 7640
12014 7643
12018 7645
12022 7648
12026 7650
12030 7653
12034 7655
12038 7658
12042 7660
12046 7663
12050 7666
12054 7668
12058 7671
12062 7673
12066 7676
12070 7678
12074 7681
12078 7684
12082 7686
12086 7689
12090 7691
12094 7694
12098 7696
12102 7699
12106 7702
12110 7704
12114 7707
12118 7709
12122 7712
12126 7715
12130 7717
12134 7720
12138 7722
12142 7725
12146 7727
12150 7730
12154 7733
12158 7735
12162 7738
12166 7740
12170 7743
12174 7745
12178 7748
12182 7750
12186 7753
12190 7756
12194 7758
12198 7761
12202 7763
12206 7766
12210 7768
12214 7771
12218 7774
12222 7776
12226 7779
12230 7781
12234 7784
12238 7786
12242 7789
12246 7792
12250 7794
12254 7797
12258 7799
12262 7802
12266 7804
12270 7807
12274 7810
12278 7812
12282 7814
12286 7817
12290 7820
12294 7822
12298 7825
12302 7827
12306 7830
12310 7832
12314 7835
12318 7838
12322 7840
12326 7842
12330 7845
12334 7848
12338 7850
12342 7853
12346 7855
12350 7858
12354 7860
12358 7863
12362 7866
12366 7868
12370 7870
12374 7873
12378 7876
12382 7878
12386 7881
12390 7883
12394 7886
12398 7888
12402 7891
12406 7894
12410 7896
12414 7899
12418 7901
12422 7904
12426 7906
12430 7909
12434 7912
12438 7914
12442 7916
12446 7919
12450 7922
12454 7924
12458 7927
12462 7929
12466 7932
12470 7934
12474 7937
12478 7940
12482 7942
12486 7945
12490 7947
12494 7950
12498 7952
12502 7955
12506 7958
12510 7960
12514 7963
12518 7965
12522 7968
12526 7970
12530 7973
12534 7976
12538 7978
12542 7981
12546 7983
12550 7986
12554 7988
12558 7991
12562 7994
12566 7996
12570 7999
12574 8001
12578 8004
12582 8006
12586 8009
12590 8012
12594 8014
12598 8017
12602 8019
12606 8022
12610 8024
12614 8027
12618 8030
12622 8032
12626 8035
12630 8037
12634 8040
12638 8042
12642 8045
12646 8048
12650 8050
12654 8053
12658 8055
12662 8058
12666 8060
12670 8063
12674 8066
12678 8068
12682 8071
12686 8073
12690 8076
12694 8078
12698 8081
12702 8084
12706 8086
12710 8089
12714 8091
12718 8094
12722 8096
12726 8099
12730 8102
12734 8104
12738 8107
12742 8109
12746 8112
12750 8114
12754 8117
12758 8120
12762 8122
12766 8125
12770 8127
12774 8130
12778 8132
12782 8135
12786 8138
12790 8140
12794 8143
12798 8145
12802 8148
12806 8150
12810 8153
12814 8155
12818 8158
12822 8160
12826 8163
12830 8166
12834 8168
12838 8171
12842 8173
12846 8176
12850 8178
12854 8181
12858 8183
12862 8186
12866 8188
12870 8191
12874 8194
12878 8196
12882 8199
12886 8201
12890 8204
12894 8206
12898 8209
12902 8211
12906 8214
12910 8216
12914 8219
12918 8222
12922 8224
12926 8227
12930 8229
12934 8232
12938 8234
12942 8237
12946 8239
12950 8242
12954 8245
12958 8247
12962 8250
12966 8252
12970 8255
12974 8257
12978 8260
12982 8262
12986 8265
12990 8268
12994 8270
12998 8273
13002 8275
13006 8278
13010 8280
13014 8283
13018 8286
13022 8288
13026 8291
13030 8293
13034 8296
13038 8298
13042 8301
13046 8303
13050 8306
13054 8308
13058 8311
13062 8314
13066 8316
13070 8319
13074 8321
13078 8324
13082 8327
13086 8329
13090 8332
13094 8334
13098 8337
13102 8339
13106 8342
13110 8344
13114 8347
13118 8350
13122 8352
13126 8355
13130 8357
13134 8360
13138 8363
13142 8365
13146 8368
13150 8370
13154 8373
13158 8375
13162 8378
13166 8381
13170 8383
13174 8386
13178 8388
13182 8391
13186 8394
13190 8396
13194 8399
13198 8401
13202 8404
13206 8406
13210 8409
13214 8412
13218 8414
13222 8417
13226 8419
13230 8422
13234 8424
13238 8427
13242 8430
13246 8432
13250 8435
13254 8437
13258 8440
13262 8442
13266 8445
13270 8448
13274 8450
13278 8453
13282 8455
13286 8458
13290 8460
13294 8463
13298 8466
13302 8468
13306 8471
13310 8473
13314 8476
13318 8478
13322 8481
13326 8484
13330 8486
13334 8489
13338 8491
13342 8494
13346 8496
13350 8499
13354 8502
13358 8504
13362 8507
13366 8509
13370 8512
13374 8514
13378 8517
13382 8520
13386 8522
13390 8524
13394 8527
13398 8530
13402 8532
13406 8535
13410 8537
13414 8540
13418 8542
13422 8545
13426 8547
13430 8550
13434 8552
13438 8555
13442 8558
13446 8560
13450 8562
13454 8565
13458 8568
13462 8570
13466 8573
13470 8575
13474 8578
13478 8580
13482 8583
13486 8585
13490 8588
13494 8590
13498 8593
13502 8596
13506 8598
13510 8601
13514 8603
13518 8606
13522 8608
13526 8611
13530 8613
13534 8616
13538 8618
13542 8621
13546 8624
13550 8626
13554 8629
13558 8631
13562 8634
13566 8636
13570 8639
13574 8642
13578 8644
13582 8647
13586 8649
13590 8652
13594 8654
13598 8657
13602 8659
13606 8662
13610 8664
13614 8667
13618 8670
13622 8672
13626 8675
13630 8677
13634 8680
13638 8682
13642 8685
13646 8688
13650 8690
13654 8693
13658 8695
13662 8698
13666 8700
13670 8703
13674 8706
13678 8708
13682 8711
13686 8713
13690 8716
13694 8718
13698 8721
13702 8724
13706 8726
13710 8729
13714 8731
13718 8734
13722 8736
13726 8739
13730 8742
13734 8744
13738 8747
13742 8750
13746 8752
13750 8755
13754 8757
13758 8760
13762 8762
13766 8765
13770 8768
13774 8770
13778 8773
13782 8775
13786 8778
13790 8780
13794 8783
13798 8786
13802 8788
13806 8791
13810 8793
13814 8796
13818 8799
13822 8801
13826 8804
13830 8806
13834 8809
13838 8812
13842 8814
13846 8817
13850 8819
13854 8822
13858 8824
13862 8827
13866 8830
13870 8832
13874 8835
13878 8837
13882 8840
13886 8842
13890 8845
13894 8848
13898 8850
13902 8853
13906 8855
13910 8858
13914 8860
13918 8863
13922 8866
13926 8868
13930 8870
13934 8873
13938 8876
13942 8878
13946 8881
13950 8883
13954 8886
13958 8888
13962 8891
13966 8893
13970 8896
13974 8898
13978 8901
13982 8904
13986 8906
13990 8909
13994 8911
13998 8914
14002 8916
14006 8919
14010 8921
14014 8924
14018 8926
14022 8929
14026 8931
14030 8934
14034 8936
14038 8939
14042 8942
14046 8944
14050 8947
14054 8949
14058 8952
14062 8954
14066 8957
14070 8959
14074 8962
14078 8964
14082 8967
14086 8969
14090 8972
14094 8974
14098 8977
14102 8980
14106 8982
14110 8985
14114 8987
14118 8990
14122 8992
14126 8995
14130 8997
14134 9000
14138 9003
14142 9005
14146 9008
14150 9010
14154 9013
14158 9015
14162 9018
14166 9020
14170 9023
14174 9026
14178 9028
14182 9031
14186 9033
14190 9036
14194 9038
14198 9041
14202 9044
14206 9046
14210 9049
14214 9051
14218 9054
14222 9056
14226 9059
14230 9062
14234 9064
14238 9067
14242 9069
14246 9072
14250 9074
14254 9077
14258 9080
14262 9082
14266 9085
14270 9087
14274 9090
14278 9092
14282 9095
14286 9098
14290 9100
14294 9103
14298 9105
14302 9108
14306 9110
14310 9113
14314 9116
14318 9118
14322 9121
14326 9124
14330 9126
14334 9129
14338 9131
14342 9134
14346 9136
14350 9139
14354 9142
14358 9144
14362 9147
14366 9150
14370 9152
14374 9155
14378 9157
14382 9160
14386 9162
14390 9165
14394 9168
14398 9170
14402 9173
14406 9175
14410 9178
14414 9180
14418 9183
14422 9186
14426 9188
14430 9191
14434 9193
14438 9196
14442 9198
14446 9201
14450 9204
14454 9206
14458 9209
14462 9211
14466 9214
14470 9216
14474 9219
14478 9222
14482 9224
14486 9227
14490 9229
14494 9232
14498 9234
14502 9237
14506 9240
14510 9242
14514 9245
14518 9247
14522 9250
14526 9252
14530 9255
14534 9257
14538 9260
14542 9262
14546 9265
14550 9268
14554 9270
14558 9272
14562 9275
14566 9278
14570 9280
14574 9282
14578 9285
14582 9288
14586 9290
14590 9293
14594 9295
14598 9298
14602 9300
14606 9303
14610 9305
14614 9308
14618 9310
14622 9313
14626 9316
14630 9318
14634 9321
14638 9323
14642 9326
14646 9328
14650 9331
14654 9333
14658 9336
14662 9338
14666 9341
14670 9344
14674 9346
14678 9349
14682 9351
14686 9354
14690 9356
14694 9359
14698 9361
14702 9364
14706 9366
14710 9369
14714 9372
14718 9374
14722 9377
14726 9379
14730 9382
14734 9384
14738 9387
14742 9389
14746 9392
14750 9394
14754 9397
14758 9400
14762 9402
14766 9405
14770 9407
14774 9410
14778 9412
14782 9415
14786 9418
14790 9420
14794 9423
14798 9425
14802 9428
14806 9430
14810 9433
14814 9436
14818 9438
14822 9441
14826 9443
14830 9446
14834 9448
14838 9451
14842 9454
14846 9456
14850 9459
14854 9461
14858 9464
14862 9466
14866 9469
14870 9472
14874 9474
14878 9477
14882 9479
14886 9482
14890 9485
14894 9487
14898 9490
14902 9492
14906 9495
14910 9498
14914 9500
14918 9503
14922 9505
14926 9508
14930 9510
14934 9513
14938 9516
14942 9518
14946 9521
14950 9523
14954 9526
14958 9529
14962 9531
14966 9534
14970 9536
14974 9539
14978 9542
14982 9544
14986 9547
14990 9549
14994 9552
14998 9554
15002 9557
15006 9560
15010 9562
15014 9565
15018 9567
15022 9570
15026 9572
15030 9575
15034 9578
15038 9580
15042 9583
15046 9585
15050 9588
15054 9590
15058 9593
15062 9596
15066 9598
15070 9601
15074 9603
15078 9606
15082 9608
15086 9611
15090 9613
15094 9616
15098 9618
15102 9621
15106 9624
15110 9626
15114 9629
15118 9631
15122 9634
15126 9636
15130 9639
15134 9641
15138 9644
15142 9646
15146 9649
15150 9652
15154 9654
15158 9656
15162 9659
15166 9662
15170 9664
15174 9667
15178 9669
15182 9672
15186 9674
15190 9677
15194 9680
15198 9682
15202 9684
15206 9687
15210 9690
15214 9692
15218 9695
15222 9697
15226 9700
15230 9702
15234 9705
15238 9708
15242 9710
15246 9712
15250 9715
15254 9718
15258 9720
15262 9723
15266 9725
15270 9728
15274 9730
15278 9733
15282 9736
15286 9738
15290 9740
15294 9743
15298 9746
15302 9748
15306 9751
15310 9753
15314 9756
15318 9758
15322 9761
15326 9764
15330 9766
15334 9769
15338 9771
15342 9774
15346 9776
15350 9779
15354 9782
15358 9784
15362 9786
15366 9789
15370 9792
15374 9794
15378 9797
15382 9799
15386 9802
15390 9805
15394 9807
15398 9810
15402 9812
15406 9815
15410 9817
15414 9820
15418 9823
15422 9825
15426 9828
15430 9830
15434 9833
15438 9836
15442 9838
15446 9841
15450 9843
15454 9846
15458 9848
15462 9851
15466 9854
15470 9856
15474 9859
15478 9861
15482 9864
15486 9867
15490 9869
15494 9872
15498 9874
15502 9877
15506 9880
15510 9882
15514 9885
15518 9887
15522 9890
15526 9892
15530 9895
15534 9898
15538 9900
15542 9903
15546 9905
15550 9908
15554 9910
15558 9913
15562 9916
15566 9918
15570 9921
15574 9924
15578 9926
15582 9929
15586 9931
15590 9934
15594 9936
15598 9939
15602 9942
15606 9944
15610 9947
15614 9949
15618 9952
15622 9954
15626 9957
15630 9959
15634 9962
15638 9964
15642 9967
15646 9970
15650 9972
15654 9975
15658 9977
15662 9980
15666 9982
15670 9985
15674 9988
15678 9990
15682 9993
15686 9995
15690 9998
15694 10000
15698 10003
15702 10005
15706 10008
15710 10010
15714 10013
15718 10016
15722 10018
15726 10021
15730 10023
15734 10026
15738 10028
15742 10031
15746 10033
15750 10036
15754 10038
15758 10041
15762 10044
15766 10046
15770 10048
15774 10051
15778 10054
15782 10056
15786 10059
15790 10061
15794 10064
15798 10066
15802 10069
15806 10072
15810 10074
15814 10076
15818 10079
15822 10082
15826 10084
15830 10087
15834 10089
15838 10092
15842 10094
15846 10097
15850 10100
15854 10102
15858 10105
15862 10107
15866 10110
15870 10112
15874 10115
15878 10117
15882 10120
15886 10122
15890 10125
15894 10128
15898 10130
15902 10133
15906 10135
15910 10138
15914 10140
15918 10143
15922 10146
15926 10148
15930 10151
15934 10153
15938 10156
15942 10158
15946 10161
15950 10164
15954 10166
15958 10169
15962 10171
15966 10174
15970 10176
15974 10179
15978 10182
15982 10184
15986 10187
15990 10189
15994 10192
15998 10194
16002 10197
16006 10200
16010 10202
16014 10205
16018 10207
16022 10210
16026 10212
16030 10215
16034 10218
16038 10220
16042 10223
16046 10225
16050 10228
16054 10230
16058 10233
16062 10236
16066 10238
16070 10241
16074 10243
16078 10246
16082 10248
16086 10251
16090 10254
16094 10256
16098 10259
16102 10262
16106 10264
16110 10266
16114 10269
16118 10272
16122 10274
16126 10277
16130 10280
16134 10282
16138 10285
16142 10287
16146 10290
16150 10292
16154 10295
16158 10298
16162 10300
16166 10303
16170 10305
16174 10308
16178 10310
16182 10313
16186 10315
16190 10318
16194 10321
16198 10323
16202 10326
16206 10328
16210 10331
16214 10333
16218 10336
16222 10338
16226 10341
16230 10344
16234 10346
16238 10349
16242 10351
16246 10354
16250 10356
16254 10359
16258 10361
16262 10364
16266 10366
16270 10369
16274 10372
16278 10374
16282 10377
16286 10379
16290 10382
16294 10384
16298 10387
16302 10389
16306 10392
16310 10394
16314 10397
16318 10400
16322 10402
16326 10405
16330 10407
16334 10410
16338 10412
16342 10415
16346 10417
16350 10420
16354 10422
16358 10425
16362 10428
16366 10430
16370 10433
16374 10435
16378 10438
16382 10440
16386 10443
16390 10446
16394 10448
16398 10451
16402 10453
16406 10456
16410 10458
16414 10461
16418 10463
16422 10466
16426 10468
16430 10471
16434 10474
16438 10476
16442 10479
16446 10481
16450 10484
16454 10486
16458 10489
16462 10492
16466 10494
16470 10497
16474 10499
16478 10502
16482 10504
16486 10507
16490 10510
16494 10512
16498 10515
16502 10517
16506 10520
16510 10522
16514 10525
16518 10527
16522 10530
16526 10532
16530 10535
16534 10538
16538 10540
16542 10543
16546 10546
16550 10548
16554 10551
16558 10553
16562 10556
16566 10558
16570 10561
16574 10564
16578 10566
16582 10569
16586 10571
16590 10574
16594 10576
16598 10579
16602 10582
16606 10584
16610 10587
16614 10589
16618 10592
16622 10594
16626 10597
16630 10600
16634 10602
16638 10605
16642 10607
16646 10610
16650 10612
16654 10615
16658 10618
16662 10620
16666 10623
16670 10625
16674 10628
16678 10630
16682 10633
16686 10636
16690 10638
16694 10641
16698 10643
16702 10646
16706 10648
16710 10651
16714 10654
16718 10656
16722 10659
16726 10661
16730 10664
16734 10666
16738 10669
16742 10672
16746 10674
16750 10677
16754 10679
16758 10682
16762 10684
16766 10687
16770 10690
16774 10692
16778 10695
16782 10697
16786 10700
16790 10702
16794 10705
16798 10707
16802 10710
16806 10712
16810 10715
16814 10718
16818 10720
16822 10722
16826 10725
16830 10728
16834 10730
16838 10733
16842 10735
16846 10738
16850 10740
16854 10743
16858 10745
16862 10748
16866 10750
16870 10753
16874 10756
16878 10758
16882 10761
16886 10763
16890 10766
16894 10768
16898 10771
16902 10773
16906 10776
16910 10779
16914 10781
16918 10784
16922 10786
16926 10789
16930 10791
16934 10794
16938 10796
16942 10799
16946 10802
16950 10804
16954 10807
16958 10809
16962 10812
16966 10814
16970 10817
16974 10820
16978 10822
16982 10825
16986 10827
16990 10830
16994 10832
16998 10835
17002 10838
17006 10840
17010 10842
17014 10845
17018 10848
17022 10850
17026 10853
17030 10855
17034 10858
17038 10860
17042 10863
17046 10866
17050 10868
17054 10871
17058 10873
17062 10876
17066 10878
17070 10881
17074 10884
17078 10886
17082 10889
17086 10891
17090 10894
17094 10896
17098 10899
17102 10902
17106 10904
17110 10907
17114 10909
17118 10912
17122 10914
17126 10917
17130 10920
17134 10922
17138 10925
17142 10927
17146 10930
17150 10932
17154 10935
17158 10938
17162 10940
17166 10943
17170 10945
17174 10948
17178 10951
17182 10953
17186 10956
17190 10958
17194 10961
17198 10964
17202 10966
17206 10969
17210 10971
17214 10974
17218 10976
17222 10979
17226 10982
17230 10984
17234 10987
17238 10989
17242 10992
17246 10994
17250 10997
17254 11000
17258 11002
17262 11005
17266 11007
17270 11010
17274 11012
17278 11015
17282 11017
17286 11020
17290 11022
17294 11025
17298 11028
17302 11030
17306 11033
17310 11035
17314 11038
17318 11040
17322 11043
17326 11046
17330 11048
17334 11051
17338 11053
17342 11056
17346 11058
17350 11061
17354 11063
17358 11066
17362 11068
17366 11071
17370 11074
17374 11076
17378 11078
17382 11081
17386 11084
17390 11086
17394 11089
17398 11091
17402 11094
17406 11096
17410 11099
17414 11102
17418 11104
17422 11106
17426 11109
17430 11112
17434 11114
17438 11117
17442 11119
17446 11122
17450 11124
17454 11127
17458 11129
17462 11132
17466 11134
17470 11137
17474 11140
17478 11142
17482 11145
17486 11147
17490 11150
17494 11152
17498 11155
17502 11158
17506 11160
17510 11163
17514 11165
17518 11168
17522 11170
17526 11173
17530 11176
17534 11178
17538 11181
17542 11183
17546 11186
17550 11188
17554 11191
17558 11194
17562 11196
17566 11199
17570 11201
17574 11204
17578 11206
17582 11209
17586 11212
17590 11214
17594 11217
17598 11219
17602 11222
17606 11224
17610 11227
17614 11230
17618 11232
17622 11235
17626 11237
17630 11240
17634 11242
17638 11245
17642 11248
17646 11250
17650 11253
17654 11255
17658 11258
17662 11260
17666 11263
17670 11266
17674 11268
17678 11271
17682 11273
17686 11276
17690 11278
17694 11281
17698 11284
17702 11286
17706 11289
17710 11291
17714 11294
17718 11296
17722 11299
17726 11302
17730 11304
17734 11307
17738 11310
17742 11312
17746 11315
17750 11317
17754 11320
17758 11322
17762 11325
17766 11328
17770 11330
17774 11333
17778 11335
17782 11338
17786 11340
17790 11343
17794 11346
17798 11348
17802 11351
17806 11353
17810 11356
17814 11358
17818 11361
17822 11364
17826 11366
17830 11369
17834 11371
17838 11374
17842 11376
17846 11379
17850 11381
17854 11384
17858 11386
17862 11389
17866 11392
17870 11394
17874 11397
17878 11399
17882 11402
17886 11404
17890 11407
17894 11410
17898 11412
17902 11414
17906 11417
17910 11420
17914 11422
17918 11425
17922 11427
17926 11430
17930 11432
17934 11435
17938 11437
17942 11440
17946 11442
17950 11445
17954 11447
17958 11450
17962 11452
17966 11455
17970 11458
17974 11460
17978 11463
17982 11465
17986 11468
17990 11470
17994 11473
17998 11475
18002 11478
18006 11480
18010 11483
18014 11486
18018 11488
18022 11491
18026 11493
18030 11496
18034 11498
18038 11501
18042 11503
18046 11506
18050 11508
18054 11511
18058 11514
18062 11516
18066 11519
18070 11521
18074 11524
18078 11526
18082 11529
18086 11532
18090 11534
18094 11537
18098 11539
18102 11542
18106 11544
18110 11547
18114 11550
18118 11552
18122 11555
18126 11557
18130 11560
18134 11562
18138 11565
18142 11568
18146 11570
18150 11573
18154 11575
18158 11578
18162 11580
18166 11583
18170 11586
18174 11588
18178 11591
18182 11593
18186 11596
18190 11598
18194 11601
18198 11604
18202 11606
18206 11609
18210 11611
18214 11614
18218 11616
18222 11619
18226 11622
18230 11624
18234 11627
18238 11629
18242 11632
18246 11635
18250 11637
18254 11640
18258 11642
18262 11645
18266 11648
18270 11650
18274 11653
18278 11655
18282 11658
18286 11660
18290 11663
18294 11666
18298 11668
18302 11671
18306 11673
18310 11676
18314 11678
18318 11681
18322 11684
18326 11686
18330 11689
18334 11691
18338 11694
18342 11696
18346 11699
18350 11702
18354 11704
18358 11707
18362 11709
18366 11712
18370 11714
18374 11717
18378 11720
18382 11722
18386 11725
18390 11727
18394 11730
18398 11732
18402 11735
18406 11738
18410 11740
18414 11743
18418 11745
18422 11748
18426 11750
18430 11753
18434 11755
18438 11758
18442 11761
18446 11763
18450 11766
18454 11768
18458 11771
18462 11773
18466 11776
18470 11778
18474 11781
18478 11784
18482 11786
18486 11788
18490 11791
18494 11794
18498 11796
18502 11799
18506 11801
18510 11804
18514 11806
18518 11809
18522 11811
18526 11814
18530 11816
18534 11819
18538 11822
18542 11824
18546 11826
18550 11829
18554 11832
18558 11834
18562 11837
18566 11839
18570 11842
18574 11844
18578 11847
18582 11849
18586 11852
18590 11854
18594 11857
18598 11860
18602 11862
18606 11865
18610 11867
18614 11870
18618 11872
18622 11875
18626 11877
18630 11880
18634 11882
18638 11885
18642 11888
18646 11890
18650 11893
18654 11895
18658 11898
18662 11900
18666 11903
18670 11906
18674 11908
18678 11911
18682 11913
18686 11916
18690 11918
18694 11921
18698 11924
18702 11926
18706 11929
18710 11931
18714 11934
18718 11936
18722 11939
18726 11942
18730 11944
18734 11947
18738 11949
18742 11952
18746 11954
18750 11957
18754 11960
18758 11962
18762 11965
18766 11967
18770 11970
18774 11972
18778 11975
18782 11978
18786 11980
18790 11983
18794 11986
18798 11988
18802 11990
18806 11993
18810 11996
18814 11998
18818 12001
18822 12004
18826 12006
18830 12009
18834 12011
18838 12014
18842 12016
18846 12019
18850 12022
18854 12024
18858 12027
18862 12030
18866 12032
18870 12035
18874 12037
18878 12040
18882 12042
18886 12045
18890 12048
18894 12050
18898 12053
18902 12055
18906 12058
18910 12060
18914 12063
18918 12066
18922 12068
18926 12071
18930 12073
18934 12076
18938 12078
18942 12081
18946 12084
18950 12086
18954 12089
18958 12091
18962 12094
18966 12096
18970 12099
18974 12102
18978 12104
18982 12107
18986 12109
18990 12112
18994 12114
18998 12117
19002 12120
19006 12122
19010 12125
19014 12127
19018 12130
19022 12132
19026 12135
19030 12137
19034 12140
19038 12142
19042 12145
19046 12147
19050 12150
19054 12152
19058 12155
19062 12158
19066 12160
19070 12162
19074 12165
19078 12168
19082 12170
19086 12173
19090 12175
19094 12178
19098 12180
19102 12183
19106 12185
19110 12188
19114 12190
19118 12193
19122 12196
19126 12198
19130 12201
19134 12203
19138 12206
19142 12208
19146 12211
19150 12213
19154 12216
19158 12218
19162 12221
19166 12224
19170 12226
19174 12229
19178 12231
19182 12234
19186 12236
19190 12239
19194 12242
19198 12244
19202 12247
19206 12249
19210 12252
19214 12254
19218 12257
19222 12259
19226 12262
19230 12264
19234 12267
19238 12270
19242 12272
19246 12275
19250 12277
19254 12280
19258 12282
19262 12285
19266 12288
19270 12290
19274 12293
19278 12295
19282 12298
19286 12300
19290 12303
19294 12305
19298 12308
19302 12311
19306 12313
19310 12316
19314 12318
19318 12321
19322 12324
19326 12326
19330 12329
19334 12331
19338 12334
19342 12336
19346 12339
19350 12342
19354 12344
19358 12347
19362 12349
19366 12352
19370 12354
19374 12357
19378 12360
19382 12362
19386 12365
19390 12368
19394 12370
19398 12373
19402 12375
19406 12378
19410 12380
19414 12383
19418 12386
19422 12388
19426 12391
19430 12393
19434 12396
19438 12399
19442 12401
19446 12404
19450 12406
19454 12409
19458 12412
19462 12414
19466 12417
19470 12419
19474 12422
19478 12424
19482 12427
19486 12430
19490 12432
19494 12435
19498 12437
19502 12440
19506 12442
19510 12445
19514 12448
19518 12450
19522 12453
19526 12455
19530 12458
19534 12460
19538 12463
19542 12466
19546 12468
19550 12471
19554 12473
19558 12476
19562 12478
19566 12481
19570 12484
19574 12486
19578 12489
19582 12491
19586 12494
19590 12496
19594 12499
19598 12501
19602 12504
19606 12506
19610 12509
19614 12512
19618 12514
19622 12516
19626 12519
19630 12522
19634 12524
19638 12527
19642 12529
19646 12532
19650 12534
19654 12537
19658 12539
19662 12542
19666 12544
19670 12547
19674 12550
19678 12552
19682 12555
19686 12557
19690 12560
19694 12562
19698 12565
19702 12567
19706 12570
19710 12572
19714 12575
19718 12578
19722 12580
19726 12583
19730 12585
19734 12588
19738 12590
19742 12593
19746 12595
19750 12598
19754 12600
19758 12603
19762 12606
19766 12608
19770 12611
19774 12613
19778 12616
19782 12618
19786 12621
19790 12623
19794 12626
19798 12628
19802 12631
19806 12634
19810 12636
19814 12639
19818 12641
19822 12644
19826 12646
19830 12649
19834 12652
19838 12654
19842 12657
19846 12659
19850 12662
19854 12664
19858 12667
19862 12669
19866 12672
19870 12674
19874 12677
19878 12680
19882 12682
19886 12685
19890 12687
19894 12690
19898 12692
19902 12695
19906 12698
19910 12700
19914 12703
19918 12706
19922 12708
19926 12710
19930 12713
19934 12716
19938 12718
19942 12721
19946 12724
19950 12726
19954 12729
19958 12731
19962 12734
19966 12736
19970 12739
19974 12742
19978 12744
19982 12747
19986 12749
19990 12752
19994 12754
19998 12757
20002 12760
20006 12762
20010 12765
20014 12768
20018 12770
20022 12773
20026 12775
20030 12778
20034 12780
20038 12783
20042 12786
20046 12788
20050 12791
20054 12793
20058 12796
20062 12798
20066 12801
20070 12804
20074 12806
20078 12809
20082 12811
20086 12814
20090 12816
20094 12819
20098 12822
20102 12824
20106 12827
20110 12829
20114 12832
20118 12834
20122 12837
20126 12840
20130 12842
20134 12845
20138 12847
20142 12850
20146 12852
20150 12855
20154 12857
20158 12860
20162 12862
20166 12865
20170 12868
20174 12870
20178 12873
20182 12875
20186 12878
20190 12880
20194 12883
20198 12885
20202 12888
20206 12890
20210 12893
20214 12896
20218 12898
20222 12901
20226 12903
20230 12906
20234 12908
20238 12911
20242 12913
20246 12916
20250 12918
20254 12921
20258 12924
20262 12926
20266 12928
20270 12931
20274 12934
20278 12936
20282 12939
20286 12941
20290 12944
20294 12946
20298 12949
20302 12952
20306 12954
20310 12957
20314 12959
20318 12962
20322 12964
20326 12967
20330 12969
20334 12972
20338 12974
20342 12977
20346 12980
20350 12982
20354 12985
20358 12987
20362 12990
20366 12992
20370 12995
20374 12998
20378 13000
20382 13002
20386 13005
20390 13008
20394 13010
20398 13013
20402 13015
20406 13018
20410 13020
20414 13023
20418 13026
20422 13028
20426 13031
20430 13033
20434 13036
20438 13038
20442 13041
20446 13044
20450 13046
20454 13049
20458 13051
20462 13054
20466 13056
20470 13059
20474 13062
20478 13064
20482 13067
20486 13069
20490 13072
20494 13074
20498 13077
20502 13080
20506 13082
20510 13085
20514 13087
20518 13090
20522 13092
20526 13095
20530 13098
20534 13100
20538 13103
20542 13105
20546 13108
20550 13111
20554 13113
20558 13116
20562 13118
20566 13121
20570 13124
20574 13126
20578 13129
20582 13131
20586 13134
20590 13136
20594 13139
20598 13142
20602 13144
20606 13147
20610 13149
20614 13152
20618 13154
20622 13157
20626 13160
20630 13162
20634 13165
20638 13167
20642 13170
20646 13172
20650 13175
20654 13178
20658 13180
20662 13183
20666 13185
20670 13188
20674 13190
20678 13193
20682 13196
20686 13198
20690 13201
20694 13203
20698 13206
20702 13208
20706 13211
20710 13214
20714 13216
20718 13218
20722 13221
20726 13224
20730 13226
20734 13229
20738 13231
20742 13234
20746 13236
20750 13239
20754 13242
20758 13244
20762 13247
20766 13249
20770 13252
20774 13254
20778 13257
20782 13259
20786 13262
20790 13264
20794 13267
20798 13270
20802 13272
20806 13275
20810 13277
20814 13280
20818 13282
20822 13285
20826 13287
20830 13290
20834 13292
20838 13295
20842 13298
20846 13300
20850 13303
20854 13305
20858 13308
20862 13310
20866 13313
20870 13315
20874 13318
20878 13321
20882 13323
20886 13326
20890 13328
20894 13331
20898 13333
20902 13336
20906 13338
20910 13341
20914 13344
20918 13346
20922 13349
20926 13351
20930 13354
20934 13356
20938 13359
20942 13361
20946 13364
20950 13367
20954 13369
20958 13372
20962 13374
20966 13377
20970 13380
20974 13382
20978 13384
20982 13387
20986 13390
20990 13392
20994 13395
20998 13397
21002 13400
21006 13402
21010 13405
21014 13408
21018 13410
21022 13413
21026 13415
21030 13418
21034 13420
21038 13423
21042 13426
21046 13428
21050 13431
21054 13433
21058 13436
21062 13438
21066 13441
21070 13444
21074 13446
21078 13449
21082 13451
21086 13454
21090 13456
21094 13459
21098 13462
21102 13464
21106 13467
21110 13469
21114 13472
21118 13474
21122 13477
21126 13480
21130 13482
21134 13485
21138 13487
21142 13490
21146 13493
21150 13495
21154 13498
21158 13500
21162 13503
21166 13505
21170 13508
21174 13510
21178 13513
21182 13516
21186 13518
21190 13521
21194 13524
21198 13526
21202 13528
21206 13531
21210 13534
21214 13536
21218 13539
21222 13541
21226 13544
21230 13547
21234 13549
21238 13552
21242 13554
21246 13557
21250 13559
21254 13562
21258 13564
21262 13567
21266 13570
21270 13572
21274 13575
21278 13577
21282 13580
21286 13582
21290 13585
21294 13587
21298 13590
21302 13592
21306 13595
21310 13598
21314 13600
21318 13603
21322 13605
21326 13608
21330 13610
21334 13613
21338 13615
21342 13618
21346 13620
21350 13623
21354 13626
21358 13628
21362 13631
21366 13633
21370 13636
21374 13638
21378 13641
21382 13644
21386 13646
21390 13648
21394 13651
21398 13654
21402 13656
21406 13659
21410 13661
21414 13664
21418 13667
21422 13669
21426 13672
21430 13674
21434 13677
21438 13679
21442 13682
21446 13684
21450 13687
21454 13690
21458 13692
21462 13695
21466 13697
21470 13700
21474 13702
21478 13705
21482 13708
21486 13710
21490 13713
21494 13715
21498 13718
21502 13720
21506 13723
21510 13725
21514 13728
21518 13730
21522 13733
21526 13736
21530 13738
21534 13741
21538 13743
21542 13746
21546 13748
21550 13751
21554 13754
21558 13756
21562 13759
21566 13761
21570 13764
21574 13766
21578 13769
21582 13772
21586 13774
21590 13777
21594 13779
21598 13782
21602 13784
21606 13787
21610 13790
21614 13792
21618 13795
21622 13797
21626 13800
21630 13802
21634 13805
21638 13808
21642 13810
21646 13813
21650 13815
21654 13818
21658 13820
21662 13823
21666 13826
21670 13828
21674 13831
21678 13833
21682 13836
21686 13839
21690 13841
21694 13844
21698 13846
21702 13849
21706 13851
21710 13854
21714 13857
21718 13859
21722 13862
21726 13864
21730 13867
21734 13869
21738 13872
21742 13875
21746 13877
21750 13880
21754 13882
21758 13885
21762 13887
21766 13890
21770 13892
21774 13895
21778 13898
21782 13900
21786 13903
21790 13905
21794 13908
21798 13910
21802 13913
21806 13916
21810 13918
21814 13921
21818 13923
21822 13926
21826 13928
21830 13931
21834 13933
21838 13936
21842 13938
21846 13941
21850 13944
21854 13946
21858 13949
21862 13951
21866 13954
21870 13956
21874 13959
21878 13961
21882 13964
21886 13966
21890 13969
21894 13972
21898 13974
21902 13977
21906 13979
21910 13982
21914 13984
21918 13987
21922 13989
21926 13992
21930 13994
21934 13997
21938 14000
21942 14002
21946 14005
21950 14007
21954 14010
21958 14012
21962 14015
21966 14018
21970 14020
21974 14023
21978 14025
21982 14028
21986 14030
21990 14033
21994 14035
21998 14038
22002 14040
22006 14043
22010 14046
22014 14048
22018 14051
22022 14053
22026 14056
22030 14058
22034 14061
22038 14064
22042 14066
22046 14069
22050 14071
22054 14074
22058 14076
22062 14079
22066 14082
22070 14084
22074 14087
22078 14089
22082 14092
22086 14094
22090 14097
22094 14100
22098 14102
22102 14105
22106 14107
22110 14110
22114 14112
22118 14115
22122 14118
22126 14120
22130 14123
22134 14125
22138 14128
22142 14130
22146 14133
22150 14136
22154 14138
22158 14141
22162 14143
22166 14146
22170 14148
22174 14151
22178 14154
22182 14156
22186 14159
22190 14161
22194 14164
22198 14167
22202 14169
22206 14172
22210 14174
22214 14177
22218 14179
22222 14182
22226 14185
22230 14187
22234 14190
22238 14192
22242 14195
22246 14198
22250 14200
22254 14203
22258 14205
22262 14208
22266 14210
22270 14213
22274 14216
22278 14218
22282 14221
22286 14223
22290 14226
22294 14228
22298 14231
22302 14234
22306 14236
22310 14239
22314 14241
22318 14244
22322 14246
22326 14249
22330 14251
22334 14254
22338 14256
22342 14259
22346 14262
22350 14264
22354 14267
22358 14269
22362 14272
22366 14274
22370 14277
22374 14280
22378 14282
22382 14285
22386 14287
22390 14290
22394 14292
22398 14295
22402 14297
22406 14300
22410 14302
22414 14305
22418 14308
22422 14310
22426 14312
22430 14315
22434 14318
22438 14320
22442 14322
22446 14325
22450 14328
22454 14330
22458 14333
22462 14335
22466 14338
22470 14340
22474 14343
22478 14345
22482 14348
22486 14350
22490 14353
22494 14356
22498 14358
22502 14361
22506 14363
22510 14366
22514 14368
22518 14371
22522 14373
22526 14376
22530 14379
22534 14381
22538 14384
22542 14386
22546 14389
22550 14391
22554 14394
22558 14396
22562 14399
22566 14402
22570 14404
22574 14407
22578 14409
22582 14412
22586 14414
22590 14417
22594 14420
22598 14422
22602 14425
22606 14427
22610 14430
22614 14432
22618 14435
22622 14438
22626 14440
22630 14442
22634 14445
22638 14448
22642 14450
22646 14453
22650 14456
22654 14458
22658 14461
22662 14463
22666 14466
22670 14468
22674 14471
22678 14474
22682 14476
22686 14479
22690 14481
22694 14484
22698 14486
22702 14489
22706 14492
22710 14494
22714 14497
22718 14499
22722 14502
22726 14504
22730 14507
22734 14510
22738 14512
22742 14515
22746 14517
22750 14520
22754 14523
22758 14525
22762 14528
22766 14530
22770 14533
22774 14536
22778 14538
22782 14541
22786 14543
22790 14546
22794 14548
22798 14551
22802 14554
22806 14556
22810 14559
22814 14561
22818 14564
22822 14566
22826 14569
22830 14572
22834 14574
22838 14577
22842 14579
22846 14582
22850 14584
22854 14587
22858 14590
22862 14592
22866 14595
22870 14597
22874 14600
22878 14602
22882 14605
22886 14608
22890 14610
22894 14613
22898 14615
22902 14618
22906 14620
22910 14623
22914 14626
22918 14628
22922 14631
22926 14633
22930 14636
22934 14638
22938 14641
22942 14643
22946 14646
22950 14648
22954 14651
22958 14654
22962 14656
22966 14658
22970 14661
22974 14664
22978 14666
22982 14669
22986 14671
22990 14674
22994 14676
22998 14679
23002 14681
23006 14684
23010 14686
23014 14689
23018 14691
23022 14694
23026 14696
23030 14699
23034 14702
23038 14704
23042 14706
23046 14709
23050 14712
23054 14714
23058 14717
23062 14719
23066 14722
23070 14724
23074 14727
23078 14729
23082 14732
23086 14734
23090 14737
23094 14740
23098 14742
23102 14745
23106 14747
23110 14750
23114 14752
23118 14755
23122 14757
23126 14760
23130 14763
23134 14765
23138 14768
23142 14770
23146 14773
23150 14776
23154 14778
23158 14780
23162 14783
23166 14786
23170 14788
23174 14791
23178 14793
23182 14796
23186 14798
23190 14801
23194 14804
23198 14806
23202 14809
23206 14811
23210 14814
23214 14816
23218 14819
23222 14822
23226 14824
23230 14827
23234 14829
23238 14832
23242 14834
23246 14837
23250 14840
23254 14842
23258 14845
23262 14847
23266 14850
23270 14852
23274 14855
23278 14858
23282 14860
23286 14863
23290 14866
23294 14868
23298 14870
23302 14873
23306 14876
23310 14878
23314 14881
23318 14884
23322 14886
23326 14889
23330 14891
23334 14894
23338 14896
23342 14899
23346 14902
23350 14904
23354 14907
23358 14910
23362 14912
23366 14915
23370 14917
23374 14920
23378 14922
23382 14925
23386 14928
23390 14930
23394 14933
23398 14935
23402 14938
23406 14940
23410 14943
23414 14946
23418 14948
23422 14951
23426 14953
23430 14956
23434 14958
23438 14961
23442 14964
23446 14966
23450 14969
23454 14971
23458 14974
23462 14976
23466 14979
23470 14982
23474 14984
23478 14987
23482 14989
23486 14992
23490 14994
23494 14997
23498 15000
23502 15002
23506 15005
23510 15007
23514 15010
23518 15012
23522 15015
23526 15017
23530 15020
23534 15022
23538 15025
23542 15028
23546 15030
23550 15032
23554 15035
23558 15038
23562 15040
23566 15042
23570 15045
23574 15048
23578 15050
23582 15053
23586 15055
23590 15058
23594 15060
23598 15063
23602 15065
23606 15068
23610 15070
23614 15073
23618 15076
23622 15078
23626 15081
23630 15083
23634 15086
23638 15088
23642 15091
23646 15093
23650 15096
23654 15098
23658 15101
23662 15104
23666 15106
23670 15109
23674 15111
23678 15114
23682 15116
23686 15119
23690 15121
23694 15124
23698 15126
23702 15129
23706 15132
23710 15134
23714 15137
23718 15139
23722 15142
23726 15144
23730 15147
23734 15150
23738 15152
23742 15154
23746 15157
23750 15160
23754 15162
23758 15165
23762 15167
23766 15170
23770 15172
23774 15175
23778 15178
23782 15180
23786 15183
23790 15185
23794 15188
23798 15190
23802 15193
23806 15196
23810 15198
23814 15201
23818 15203
23822 15206
23826 15208
23830 15211
23834 15214
23838 15216
23842 15219
23846 15221
23850 15224
23854 15227
23858 15229
23862 15232
23866 15234
23870 15237
23874 15240
23878 15242
23882 15245
23886 15247
23890 15250
23894 15252
23898 15255
23902 15258
23906 15260
23910 15263
23914 15265
23918 15268
23922 15271
23926 15273
23930 15276
23934 15278
23938 15281
23942 15284
23946 15286
23950 15289
23954 15291
23958 15294
23962 15296
23966 15299
23970 15302
23974 15304
23978 15307
23982 15309
23986 15312
23990 15315
23994 15317
23998 15320
24002 15322
24006 15325
24010 15327
24014 15330
24018 15333
24022 15335
24026 15338
24030 15340
24034 15343
24038 15346
24042 15348
24046 15350
24050 15353
24054 15356
24058 15358
24062 15361
24066 15363
24070 15366
24074 15368
24078 15371
24082 15374
24086 15376
24090 15378
24094 15381
24098 15384
24102 15386
24106 15389
24110 15391
24114 15394
24118 15396
24122 15399
24126 15401
24130 15404
24134 15406
24138 15409
24142 15411
24146 15414
24150 15416
24154 15419
24158 15422
24162 15424
24166 15427
24170 15429
24174 15432
24178 15434
24182 15437
24186 15439
24190 15442
24194 15444
24198 15447
24202 15449
24206 15452
24210 15454
24214 15457
24218 15460
24222 15462
24226 15465
24230 15467
24234 15470
24238 15472
24242 15475
24246 15477
24250 15480
24254 15482
24258 15485
24262 15488
24266 15490
24270 15493
24274 15495
24278 15498
24282 15500
24286 15503
24290 15506
24294 15508
24298 15511
24302 15513
24306 15516
24310 15518
24314 15521
24318 15523
24322 15526
24326 15528
24330 15531
24334 15534
24338 15536
24342 15539
24346 15541
24350 15544
24354 15546
24358 15549
24362 15552
24366 15554
24370 15557
24374 15559
24378 15562
24382 15564
24386 15567
24390 15570
24394 15572
24398 15575
24402 15577
24406 15580
24410 15582
24414 15585
24418 15588
24422 15590
24426 15593
24430 15595
24434 15598
24438 15601
24442 15603
24446 15606
24450 15608
24454 15611
24458 15614
24462 15616
24466 15619
24470 15621
24474 15624
24478 15626
24482 15629
24486 15632
24490 15634
24494 15637
24498 15640
24502 15642
24506 15645
24510 15647
24514 15650
24518 15652
24522 15655
24526 15658
24530 15660
24534 15663
24538 15665
24542 15668
24546 15670
24550 15673
24554 15676
24558 15678
24562 15681
24566 15684
24570 15686
24574 15688
24578 15691
24582 15694
24586 15696
24590 15699
24594 15701
24598 15704
24602 15707
24606 15709
24610 15712
24614 15714
24618 15717
24622 15719
24626 15722
24630 15724
24634 15727
24638 15730
24642 15732
24646 15735
24650 15737
24654 15740
24658 15742
24662 15745
24666 15748
24670 15750
24674 15752
24678 15755
24682 15758
24686 15760
24690 15763
24694 15765
24698 15768
24702 15770
24706 15773
24710 15775
24714 15778
24718 15780
24722 15783
24726 15786
24730 15788
24734 15791
24738 15793
24742 15796
24746 15798
24750 15801
24754 15803
24758 15806
24762 15808
24766 15811
24770 15814
24774 15816
24778 15819
24782 15821
24786 15824
24790 15826
24794 15829
24798 15831
24802 15834
24806 15836
24810 15839
24814 15842
24818 15844
24822 15847
24826 15849
24830 15852
24834 15854
24838 15857
24842 15859
24846 15862
24850 15865
24854 15867
24858 15870
24862 15872
24866 15875
24870 15877
24874 15880
24878 15882
24882 15885
24886 15888
24890 15890
24894 15893
24898 15895
24902 15898
24906 15900
24910 15903
24914 15905
24918 15908
24922 15910
24926 15913
24930 15916
24934 15918
24938 15921
24942 15924
24946 15926
24950 15928
24954 15931
24958 15934
24962 15936
24966 15939
24970 15941
24974 15944
24978 15947
24982 15949
24986 15952
24990 15954
24994 15957
24998 15959
25002 15962
25006 15965
25010 15967
25014 15970
25018 15972
25022 15975
25026 15978
25030 15980
25034 15983
25038 15985
25042 15988
25046 15990
25050 15993
25054 15996
25058 15998
25062 16001
25066 16003
25070 16006
25074 16008
25078 16011
25082 16014
25086 16016
25090 16019
25094 16022
25098 16024
25102 16026
25106 16029
25110 16032
25114 16034
25118 16037
25122 16040
25126 16042
25130 16045
25134 16047
25138 16050
25142 16052
25146 16055
25150 16058
25154 16060
25158 16063
25162 16065
25166 16068
25170 16070
25174 16073
25178 16076
25182 16078
25186 16081
25190 16083
25194 16086
25198 16088
25202 16091
25206 16093
25210 16096
25214 16098
25218 16101
25222 16104
25226 16106
25230 16109
25234 16111
25238 16114
25242 16116
25246 16119
25250 16121
25254 16124
25258 16126
25262 16129
25266 16132
25270 16134
25274 16137
25278 16139
25282 16142
25286 16144
25290 16147
25294 16149
25298 16152
25302 16154
25306 16157
25310 16160
25314 16162
25318 16165
25322 16167
25326 16170
25330 16172
25334 16175
25338 16177
25342 16180
25346 16182
25350 16185
25354 16188
25358 16190
25362 16193
25366 16195
25370 16198
25374 16200
25378 16203
25382 16205
25386 16208
25390 16210
25394 16213
25398 16216
25402 16218
25406 16221
25410 16223
25414 16226
25418 16228
25422 16231
25426 16234
25430 16236
25434 16239
25438 16241
25442 16244
25446 16246
25450 16249
25454 16251
25458 16254
25462 16256
25466 16259
25470 16262
25474 16264
25478 16267
25482 16269
25486 16272
25490 16274
25494 16277
25498 16280
25502 16282
25506 16285
25510 16287
25514 16290
25518 16292
25522 16295
25526 16298
25530 16300
25534 16303
25538 16305
25542 16308
25546 16310
25550 16313
25554 16316
25558 16318
25562 16321
25566 16323
25570 16326
25574 16328
25578 16331
25582 16334
25586 16336
25590 16339
25594 16341
25598 16344
25602 16346
25606 16349
25610 16352
25614 16354
25618 16357
25622 16359
25626 16362
25630 16364
25634 16367
25638 16370
25642 16372
25646 16375
25650 16377
25654 16380
25658 16382
25662 16385
25666 16388
25670 16390
25674 16393
25678 16396
25682 16398
25686 16401
25690 16403
25694 16406
25698 16408
25702 16411
25706 16413
25710 16416
25714 16419
25718 16421
25722 16424
25726 16426
25730 16429
25734 16431
25738 16434
25742 16436
25746 16439
25750 16442
25754 16444
25758 16447
25762 16449
25766 16452
25770 16454
25774 16457
25778 16460
25782 16462
25786 16465
25790 16467
25794 16470
25798 16472
25802 16475
25806 16477
25810 16480
25814 16482
25818 16485
25822 16487
25826 16490
25830 16493
25834 16495
25838 16498
25842 16500
25846 16503
25850 16505
25854 16508
25858 16510
25862 16513
25866 16516
25870 16518
25874 16521
25878 16523
25882 16526
25886 16528
25890 16531
25894 16533
25898 16536
25902 16538
25906 16541
25910 16544
25914 16546
25918 16549
25922 16551
25926 16554
25930 16556
25934 16559
25938 16562
25942 16564
25946 16567
25950 16569
25954 16572
25958 16574
25962 16577
25966 16580
25970 16582
25974 16585
25978 16587
25982 16590
25986 16592
25990 16595
25994 16597
25998 16600
26002 16602
26006 16605
26010 16608
26014 16610
26018 16613
26022 16615
26026 16618
26030 16620
26034 16623
26038 16626
26042 16628
26046 16631
26050 16633
26054 16636
26058 16638
26062 16641
26066 16644
26070 16646
26074 16649
26078 16651
26082 16654
26086 16656
26090 16659
26094 16662
26098 16664
26102 16667
26106 16669
26110 16672
26114 16674
26118 16677
26122 16680
26126 16682
26130 16685
26134 16687
26138 16690
26142 16692
26146 16695
26150 16698
26154 16700
26158 16703
26162 16705
26166 16708
26170 16710
26174 16713
26178 16716
26182 16718
26186 16721
26190 16723
26194 16726
26198 16728
26202 16731
26206 16734
26210 16736
26214 16739
26218 16741
26222 16744
26226 16746
26230 16749
26234 16752
26238 16754
26242 16757
26246 16759
26250 16762
26254 16764
26258 16767
26262 16770
26266 16772
26270 16775
26274 16777
26278 16780
26282 16782
26286 16785
26290 16788
26294 16790
26298 16793
26302 16795
26306 16798
26310 16800
26314 16803
26318 16805
26322 16808
26326 16810
26330 16813
26334 16816
26338 16818
26342 16821
26346 16823
26350 16826
26354 16828
26358 16831
26362 16833
26366 16836
26370 16838
26374 16841
26378 16844
26382 16846
26386 16849
26390 16851
26394 16854
26398 16856
26402 16859
26406 16862
26410 16864
26414 16866
26418 16869
26422 16872
26426 16874
26430 16877
26434 16879
26438 16882
26442 16884
26446 16887
26450 16890
26454 16892
26458 16895
26462 16897
26466 16900
26470 16902
26474 16905
26478 16908
26482 16910
26486 16913
26490 16915
26494 16918
26498 16920
26502 16923
26506 16925
26510 16928
26514 16930
26518 16933
26522 16936
26526 16938
26530 16941
26534 16943
26538 16946
26542 16948
26546 16951
26550 16954
26554 16956
26558 16959
26562 16961
26566 16964
26570 16966
26574 16969
26578 16972
26582 16974
26586 16977
26590 16979
26594 16982
26598 16984
26602 16987
26606 16990
26610 16992
26614 16995
26618 16997
26622 17000
26626 17002
26630 17005
26634 17008
26638 17010
26642 17013
26646 17015
26650 17018
26654 17020
26658 17023
26662 17026
26666 17028
26670 17031
26674 17033
26678 17036
26682 17038
26686 17041
26690 17044
26694 17046
26698 17049
26702 17051
26706 17054
26710 17056
26714 17059
26718 17062
26722 17064
26726 17067
26730 17069
26734 17072
26738 17074
26742 17077
26746 17080
26750 17082
26754 17085
26758 17087
26762 17090
26766 17092
26770 17095
26774 17098
26778 17100
26782 17103
26786 17105
26790 17108
26794 17110
26798 17113
26802 17116
26806 17118
26810 17121
26814 17123
26818 17126
26822 17128
26826 17131
26830 17134
26834 17136
26838 17139
26842 17141
26846 17144
26850 17146
26854 17149
26858 17151
26862 17154
26866 17156
26870 17159
26874 17162
26878 17164
26882 17167
26886 17169
26890 17172
26894 17174
26898 17177
26902 17179
26906 17182
26910 17184
26914 17187
26918 17190
26922 17192
26926 17195
26930 17197
26934 17200
26938 17202
26942 17205
26946 17207
26950 17210
26954 17212
26958 17215
26962 17218
26966 17220
26970 17222
26974 17225
26978 17228
26982 17230
26986 17233
26990 17235
26994 17238
26998 17240
27002 17243
27006 17246
27010 17248
27014 17250
27018 17253
27022 17256
27026 17258
27030 17261
27034 17263
27038 17266
27042 17268
27046 17271
27050 17274
27054 17276
27058 17279
27062 17281
27066 17284
27070 17286
27074 17289
27078 17292
27082 17294
27086 17297
27090 17299
27094 17302
27098 17304
27102 17307
27106 17310
27110 17312
27114 17315
27118 17317
27122 17320
27126 17322
27130 17325
27134 17328
27138 17330
27142 17333
27146 17335
27150 17338
27154 17340
27158 17343
27162 17345
27166 17348
27170 17350
27174 17353
27178 17356
27182 17358
27186 17361
27190 17364
27194 17366
27198 17369
27202 17371
27206 17374
27210 17376
27214 17379
27218 17382
27222 17384
27226 17387
27230 17389
27234 17392
27238 17394
27242 17397
27246 17400
27250 17402
27254 17405
27258 17408
27262 17410
27266 17412
27270 17415
27274 17418
27278 17420
27282 17423
27286 17426
27290 17428
27294 17431
27298 17433
27302 17436
27306 17438
27310 17441
27314 17444
27318 17446
27322 17449
27326 17451
27330 17454
27334 17456
27338 17459
27342 17462
27346 17464
27350 17467
27354 17469
27358 17472
27362 17474
27366 17477
27370 17480
27374 17482
27378 17485
27382 17487
27386 17490
27390 17492
27394 17495
27398 17498
27402 17500
27406 17503
27410 17505
27414 17508
27418 17510
27422 17513
27426 17515
27430 17518
27434 17520
27438 17523
27442 17526
27446 17528
27450 17531
27454 17533
27458 17536
27462 17538
27466 17541
27470 17543
27474 17546
27478 17548
27482 17551
27486 17553
27490 17556
27494 17558
27498 17561
27502 17563
27506 17566
27510 17568
27514 17571
27518 17574
27522 17576
27526 17579
27530 17581
27534 17584
27538 17586
27542 17589
27546 17591
27550 17594
27554 17596
27558 17599
27562 17602
27566 17604
27570 17606
27574 17609
27578 17612
27582 17614
27586 17617
27590 17619
27594 17622
27598 17624
27602 17627
27606 17630
27610 17632
27614 17635
27618 17637
27622 17640
27626 17642
27630 17645
27634 17648
27638 17650
27642 17653
27646 17655
27650 17658
27654 17660
27658 17663
27662 17665
27666 17668
27670 17671
27674 17673
27678 17676
27682 17678
27686 17681
27690 17683
27694 17686
27698 17688
27702 17691
27706 17694
27710 17696
27714 17699
27718 17701
27722 17704
27726 17706
27730 17709
27734 17712
27738 17714
27742 17717
27746 17719
27750 17722
27754 17725
27758 17727
27762 17730
27766 17732
27770 17735
27774 17738
27778 17740
27782 17743
27786 17745
27790 17748
27794 17750
27798 17753
27802 17756
27806 17758
27810 17761
27814 17763
27818 17766
27822 17769
27826 17771
27830 17774
27834 17776
27838 17779
27842 17781
27846 17784
27850 17787
27854 17789
27858 17792
27862 17794
27866 17797
27870 17800
27874 17802
27878 17805
27882 17807
27886 17810
27890 17812
27894 17815
27898 17818
27902 17820
27906 17823
27910 17825
27914 17828
27918 17830
27922 17833
27926 17836
27930 17838
27934 17841
27938 17843
27942 17846
27946 17848
27950 17851
27954 17854
27958 17856
27962 17859
27966 17861
27970 17864
27974 17866
27978 17869
27982 17872
27986 17874
27990 17877
27994 17879
27998 17882
28002 17884
28006 17887
28010 17889
28014 17892
28018 17894
28022 17897
28026 17899
28030 17902
28034 17904
28038 17907
28042 17910
28046 17912
28050 17915
28054 17917
28058 17920
28062 17922
28066 17925
28070 17927
28074 17930
28078 17932
28082 17935
28086 17938
28090 17940
28094 17942
28098 17945
28102 17948
28106 17950
28110 17953
28114 17955
28118 17958
28122 17960
28126 17963
28130 17965
28134 17968
28138 17970
28142 17973
28146 17976
28150 17978
28154 17981
28158 17983
28162 17986
28166 17988
28170 17991
28174 17993
28178 17996
28182 17998
28186 18001
28190 18004
28194 18006
28198 18009
28202 18011
28206 18014
28210 18016
28214 18019
28218 18021
28222 18024
28226 18027
28230 18029
28234 18032
28238 18034
28242 18037
28246 18039
28250 18042
28254 18044
28258 18047
28262 18050
28266 18052
28270 18055
28274 18057
28278 18060
28282 18062
28286 18065
28290 18068
28294 18070
28298 18073
28302 18075
28306 18078
28310 18080
28314 18083
28318 18086
28322 18088
28326 18091
28330 18093
28334 18096
28338 18099
28342 18101
28346 18104
28350 18106
28354 18109
28358 18112
28362 18114
28366 18117
28370 18119
28374 18122
28378 18124
28382 18127
28386 18130
28390 18132
28394 18135
28398 18137
28402 18140
28406 18143
28410 18145
28414 18148
28418 18150
28422 18153
28426 18156
28430 18158
28434 18161
28438 18163
28442 18166
28446 18168
28450 18171
28454 18174
28458 18176
28462 18179
28466 18182
28470 18184
28474 18187
28478 18189
28482 18192
28486 18194
28490 18197
28494 18200
28498 18202
28502 18205
28506 18207
28510 18210
28514 18212
28518 18215
28522 18218
28526 18220
28530 18223
28534 18225
28538 18228
28542 18230
28546 18233
28550 18235
28554 18238
28558 18240
28562 18243
28566 18246
28570 18248
28574 18251
28578 18253
28582 18256
28586 18258
28590 18261
28594 18263
28598 18266
28602 18268
28606 18271
28610 18274
28614 18276
28618 18279
28622 18281
28626 18284
28630 18286
28634 18289
28638 18291
28642 18294
28646 18296
28650 18299
28654 18301
28658 18304
28662 18306
28666 18309
28670 18312
28674 18314
28678 18317
28682 18319
28686 18322
28690 18324
28694 18327
28698 18329
28702 18332
28706 18334
28710 18337
28714 18340
28718 18342
28722 18345
28726 18347
28730 18350
28734 18352
28738 18355
28742 18357
28746 18360
28750 18362
28754 18365
28758 18368
28762 18370
28766 18373
28770 18375
28774 18378
28778 18380
28782 18383
28786 18385
28790 18388
28794 18390
28798 18393
28802 18396
28806 18398
28810 18401
28814 18403
28818 18406
28822 18408
28826 18411
28830 18414
28834 18416
28838 18419
28842 18421
28846 18424
28850 18426
28854 18429
28858 18431
28862 18434
28866 18437
28870 18439
28874 18442
28878 18444
28882 18447
28886 18449
28890 18452
28894 18454
28898 18457
28902 18460
28906 18462
28910 18465
28914 18468
28918 18470
28922 18473
28926 18475
28930 18478
28934 18480
28938 18483
28942 18486
28946 18488
28950 18491
28954 18493
28958 18496
28962 18498
28966 18501
28970 18504
28974 18506
28978 18509
28982 18512
28986 18514
28990 18517
28994 18519
28998 18522
29002 18524
29006 18527
29010 18530
29014 18532
29018 18535
29022 18537
29026 18540
29030 18542
29034 18545
29038 18548
29042 18550
29046 18553
29050 18556
29054 18558
29058 18561
29062 18563
29066 18566
29070 18568
29074 18571
29078 18573
29082 18576
29086 18579
29090 18581
29094 18584
29098 18586
29102 18589
29106 18592
29110 18594
29114 18597
29118 18599
29122 18602
29126 18604
29130 18607
29134 18609
29138 18612
29142 18614
29146 18617
29150 18619
29154 18622
29158 18625
29162 18627
29166 18630
29170 18632
29174 18635
29178 18637
29182 18640
29186 18642
29190 18645
29194 18647
29198 18650
29202 18652
29206 18655
29210 18658
29214 18660
29218 18663
29222 18665
29226 18668
29230 18670
29234 18673
29238 18675
29242 18678
29246 18680
29250 18683
29254 18686
29258 18688
29262 18690
29266 18693
29270 18696
29274 18698
29278 18701
29282 18703
29286 18706
29290 18708
29294 18711
29298 18714
29302 18716
29306 18718
29310 18721
29314 18724
29318 18726
29322 18729
29326 18731
29330 18734
29334 18736
29338 18739
29342 18742
29346 18744
29350 18747
29354 18749
29358 18752
29362 18754
29366 18757
29370 18759
29374 18762
29378 18764
29382 18767
29386 18770
29390 18772
29394 18775
29398 18777
29402 18780
29406 18782
29410 18785
29414 18788
29418 18790
29422 18793
29426 18795
29430 18798
29434 18800
29438 18803
29442 18805
29446 18808
29450 18811
29454 18813
29458 18816
29462 18818
29466 18821
29470 18824
29474 18826
29478 18829
29482 18831
29486 18834
29490 18836
29494 18839
29498 18842
29502 18844
29506 18847
29510 18849
29514 18852
29518 18854
29522 18857
29526 18860
29530 18862
29534 18865
29538 18867
29542 18870
29546 18872
29550 18875
29554 18878
29558 18880
29562 18883
29566 18885
29570 18888
29574 18891
29578 18893
29582 18896
29586 18898
29590 18901
29594 18904
29598 18906
29602 18909
29606 18911
29610 18914
29614 18916
29618 18919
29622 18922
29626 18924
29630 18927
29634 18929
29638 18932
29642 18934
29646 18937
29650 18940
29654 18942
29658 18945
29662 18947
29666 18950
29670 18952
29674 18955
29678 18958
29682 18960
29686 18963
29690 18965
29694 18968
29698 18970
29702 18973
29706 18976
29710 18978
29714 18980
29718 18983
29722 18986
29726 18988
29730 18991
29734 18993
29738 18996
29742 18998
29746 19001
29750 19003
29754 19006
29758 19008
29762 19011
29766 19014
29770 19016
29774 19019
29778 19021
29782 19024
29786 19026
29790 19029
29794 19031
29798 19034
29802 19036
29806 19039
29810 19042
29814 19044
29818 19046
29822 19049
29826 19052
29830 19054
29834 19057
29838 19059
29842 19062
29846 19064
29850 19067
29854 19070
29858 19072
29862 19075
29866 19077
29870 19080
29874 19082
29878 19085
29882 19087
29886 19090
29890 19092
29894 19095
29898 19098
29902 19100
29906 19103
29910 19105
29914 19108
29918 19110
29922 19113
29926 19115
29930 19118
29934 19120
29938 19123
29942 19126
29946 19128
29950 19131
29954 19133
29958 19136
29962 19138
29966 19141
29970 19144
29974 19146
29978 19149
29982 19151
29986 19154
29990 19156
29994 19159
29998 19162
