10 0
14 0
18 0
22 0
26 0
30 0
34 0
38 0
42 0
46 0
50 0
54 0
58 0
62 0
66 0
70 0
74 0
78 0
82 0
86 0
90 0
94 0
98 0
102 0
106 0
110 0
114 0
118 0
122 0
126 0
130 0
134 0
138 1
142 1
146 1
150 2
154 2
158 3
162 3
166 4
170 4
174 5
178 6
182 7
186 8
190 9
194 10
198 11
202 12
206 13
210 15
214 16
218 17
222 19
226 20
230 22
234 23
238 25
242 26
246 28
250 30
254 32
258 33
262 35
266 37
270 39
274 40
278 42
282 44
286 46
290 48
294 50
298 52
302 54
306 56
310 58
314 60
318 63
322 65
326 67
330 69
334 71
338 74
342 76
346 78
350 80
354 82
358 85
362 87
366 89
370 92
374 94
378 96
382 98
386 101
390 103
394 105
398 108
402 110
406 112
410 115
414 117
418 119
422 122
426 124
430 126
434 129
438 131
442 134
446 136
450 138
454 141
458 143
462 146
466 148
470 150
474 153
478 156
482 158
486 160
490 163
494 165
498 168
502 170
506 173
510 175
514 178
518 180
522 182
526 185
530 188
534 190
538 192
542 195
546 198
550 200
554 202
558 205
562 207
566 210
570 212
574 215
578 217
582 220
586 222
590 225
594 228
598 230
602 232
606 235
610 238
614 240
618 242
622 245
626 248
630 250
634 253
638 255
642 258
646 260
650 263
654 265
658 268
662 270
666 273
670 276
674 278
678 280
682 283
686 286
690 288
694 291
698 293
702 296
706 298
710 301
714 303
718 306
722 308
726 311
730 314
734 316
738 318
742 321
746 324
750 326
754 328
758 331
762 334
766 336
770 338
774 341
778 344
782 346
786 348
790 351
794 354
798 356
802 358
806 361
810 364
814 366
818 368
822 371
826 374
830 376
834 378
838 381
842 383
846 386
850 388
854 391
858 393
862 396
866 398
870 401
874 403
878 406
882 408
886 410
890 413
894 415
898 418
902 420
906 423
910 425
914 428
918 430
922 432
926 435
930 437
934 440
938 442
942 444
946 447
950 449
954 452
958 454
962 456
966 459
970 461
974 464
978 466
982 468
986 471
990 473
994 476
998 478
1002 480
1006 483
1010 485
1014 488
1018 490
1022 492
1026 495
1030 497
1034 499
1038 502
1042 504
1046 506
1050 509
1054 511
1058 514
1062 516
1066 518
1070 520
1074 523
1078 525
1082 527
1086 530
1090 532
1094 534
1098 537
1102 539
1106 542
1110 544
1114 546
1118 548
1122 551
1126 553
1130 555
1134 558
1138 560
1142 562
1146 565
1150 567
1154 569
1158 572
1162 574
1166 576
1170 579
1174 581
1178 584
1182 586
1186 588
1190 590
1194 593
1198 595
1202 598
1206 600
1210 602
1214 604
1218 607
1222 609
1226 612
1230 614
1234 616
1238 619
1242 621
1246 624
1250 626
1254 628
1258 630
1262 633
1266 635
1270 638
1274 640
1278 642
1282 645
1286 647
1290 650
1294 652
1298 654
1302 657
1306 659
1310 662
1314 664
1318 666
1322 669
1326 671
1330 674
1334 676
1338 678
1342 681
1346 683
1350 686
1354 688
1358 690
1362 693
1366 695
1370 698
1374 700
1378 702
1382 705
1386 707
1390 710
1394 712
1398 714
1402 717
1406 719
1410 722
1414 724
1418 726
1422 729
1426 732
1430 734
1434 736
1438 739
1442 741
1446 744
1450 746
1454 748
1458 751
1462 753
1466 756
1470 758
1474 761
1478 763
1482 766
1486 768
1490 770
1494 773
1498 775
1502 778
1506 780
1510 782
1514 785
1518 788
1522 790
1526 792
1530 795
1534 797
1538 800
1542 802
1546 804
1550 807
1554 809
1558 812
1562 814
1566 817
1570 819
1574 822
1578 824
1582 826
1586 829
1590 831
1594 834
1598 836
1602 838
1606 841
1610 844
1614 846
1618 848
1622 851
1626 853
1630 856
1634 858
1638 860
1642 863
1646 865
1650 868
1654 870
1658 872
1662 875
1666 877
1670 880
1674 882
1678 884
1682 887
1686 889
1690 892
1694 894
1698 896
1702 899
1706 901
1710 904
1714 906
1718 908
1722 911
1726 913
1730 916
1734 918
1738 920
1742 923
1746 925
1750 928
1754 930
1758 932
1762 934
1766 937
1770 939
1774 942
1778 944
1782 946
1786 949
1790 951
1794 954
1798 956
1802 958
1806 961
1810 963
1814 966
1818 968
1822 970
1826 973
1830 975
1834 978
1838 980
1842 982
1846 984
1850 987
1854 989
1858 992
1862 994
1866 996
1870 999
1874 1001
1878 1004
1882 1006
1886 1008
1890 1011
1894 1013
1898 1016
1902 1018
1906 1020
1910 1023
1914 1025
1918 1028
1922 1030
1926 1032
1930 1034
1934 1037
1938 1039
1942 1042
1946 1044
1950 1046
1954 1049
1958 1051
1962 1054
1966 1056
1970 1058
1974 1061
1978 1063
1982 1066
1986 1068
1990 1070
1994 1073
1998 1075
2002 1078
2006 1080
2010 1082
2014 1085
2018 1087
2022 1090
2026 1092
2030 1094
2034 1097
2038 1099
2042 1102
2046 1104
2050 1106
2054 1109
2058 1111
2062 1114
2066 1116
2070 1118
2074 1121
2078 1123
2082 1126
2086 1128
2090 1130
2094 1133
2098 1135
2102 1138
2106 1140
2110 1143
2114 1145
2118 1147
2122 1150
2126 1152
2130 1155
2134 1157
2138 1160
2142 1162
2146 1164
2150 1167
2154 1169
2158 1172
2162 1174
2166 1176
2170 1179
2174 1181
2178 1184
2182 1186
2186 1188
2190 1191
2194 1193
2198 1196
2202 1198
2206 1200
2210 1203
2214 1205
2218 1208
2222 1210
2226 1213
2230 1215
2234 1218
2238 1220
2242 1222
2246 1225
2250 1227
2254 1230
2258 1232
2262 1234
2266 1237
2270 1239
2274 1242
2278 1244
2282 1246
2286 1249
2290 1251
2294 1254
2298 1256
2302 1258
2306 1261
2310 1263
2314 1266
2318 1268
2322 1270
2326 1273
2330 1275
2334 1278
2338 1280
2342 1282
2346 1285
2350 1287
2354 1289
2358 1292
2362 1294
2366 1296
2370 1299
2374 1301
2378 1304
2382 1306
2386 1308
2390 1311
2394 1313
2398 1316
2402 1318
2406 1320
2410 1323
2414 1325
2418 1328
2422 1330
2426 1332
2430 1335
2434 1337
2438 1340
2442 1342
2446 1344
2450 1347
2454 1349
2458 1352
2462 1354
2466 1356
2470 1359
2474 1361
2478 1364
2482 1366
2486 1368
2490 1371
2494 1373
2498 1376
2502 1378
2506 1380
2510 1383
2514 1385
2518 1388
2522 1390
2526 1392
2530 1395
2534 1397
2538 1400
2542 1402
2546 1404
2550 1407
2554 1409
2558 1412
2562 1414
2566 1416
2570 1419
2574 1421
2578 1424
2582 1426
2586 1428
2590 1431
2594 1433
2598 1436
2602 1438
2606 1440
2610 1443
2614 1445
2618 1448
2622 1450
2626 1452
2630 1455
2634 1457
2638 1460
2642 1462
2646 1464
2650 1467
2654 1469
2658 1472
2662 1474
2666 1476
2670 1479
2674 1481
2678 1484
2682 1486
2686 1488
2690 1491
2694 1493
2698 1496
2702 1498
2706 1501
2710 1503
2714 1506
2718 1508
2722 1510
2726 1513
2730 1515
2734 1518
2738 1520
2742 1522
2746 1525
2750 1527
2754 1530
2758 1532
2762 1534
2766 1537
2770 1539
2774 1542
2778 1544
2782 1546
2786 1549
2790 1551
2794 1554
2798 1556
2802 1558
2806 1561
2810 1563
2814 1566
2818 1568
2822 1570
2826 1573
2830 1575
2834 1578
2838 1580
2842 1582
2846 1585
2850 1587
2854 1590
2858 1592
2862 1594
2866 1597
2870 1599
2874 1602
2878 1604
2882 1606
2886 1609
2890 1611
2894 1614
2898 1616
2902 1618
2906 1621
2910 1623
2914 1626
2918 1628
2922 1630
2926 1633
2930 1635
2934 1638
2938 1640
2942 1642
2946 1645
2950 1647
2954 1650
2958 1652
2962 1654
2966 1657
2970 1659
2974 1662
2978 1664
2982 1666
2986 1669
2990 1671
2994 1673
2998 1676
3002 1678
3006 1680
3010 1683
3014 1685
3018 1688
3022 1690
3026 1692
3030 1695
3034 1697
3038 1700
3042 1702
3046 1704
3050 1707
3054 1709
3058 1712
3062 1714
3066 1716
3070 1719
3074 1721
3078 1724
3082 1726
3086 1728
3090 1731
3094 1733
3098 1736
3102 1738
3106 1740
3110 1743
3114 1745
3118 1748
3122 1750
3126 1752
3130 1755
3134 1757
3138 1760
3142 1762
3146 1764
3150 1766
3154 1769
3158 1772
3162 1774
3166 1776
3170 1778
3174 1781
3178 1784
3182 1786
3186 1788
3190 1790
3194 1793
3198 1795
3202 1798
3206 1800
3210 1802
3214 1805
3218 1808
3222 1810
3226 1812
3230 1814
3234 1817
3238 1820
3242 1822
3246 1824
3250 1827
3254 1829
3258 1832
3262 1834
3266 1836
3270 1839
3274 1841
3278 1844
3282 1846
3286 1848
3290 1851
3294 1853
3298 1856
3302 1858
3306 1860
3310 1863
3314 1865
3318 1868
3322 1870
3326 1872
3330 1875
3334 1877
3338 1880
3342 1882
3346 1884
3350 1887
3354 1889
3358 1892
3362 1894
3366 1896
3370 1899
3374 1901
3378 1904
3382 1906
3386 1909
3390 1911
3394 1914
3398 1916
3402 1918
3406 1921
3410 1923
3414 1926
3418 1928
3422 1930
3426 1933
3430 1935
3434 1938
3438 1940
3442 1942
3446 1945
3450 1947
3454 1950
3458 1952
3462 1954
3466 1957
3470 1959
3474 1962
3478 1964
3482 1966
3486 1969
3490 1971
3494 1974
3498 1976
3502 1978
3506 1981
3510 1983
3514 1985
3518 1988
3522 1990
3526 1992
3530 1995
3534 1997
3538 2000
3542 2002
3546 2004
3550 2007
3554 2009
3558 2012
3562 2014
3566 2016
3570 2019
3574 2021
3578 2024
3582 2026
3586 2028
3590 2031
3594 2033
3598 2036
3602 2038
3606 2040
3610 2043
3614 2045
3618 2048
3622 2050
3626 2052
3630 2055
3634 2057
3638 2060
3642 2062
3646 2064
3650 2067
3654 2069
3658 2072
3662 2074
3666 2076
3670 2079
3674 2081
3678 2084
3682 2086
3686 2088
3690 2091
3694 2093
3698 2096
3702 2098
3706 2100
3710 2103
3714 2105
3718 2108
3722 2110
3726 2112
3730 2115
3734 2117
3738 2120
3742 2122
3746 2124
3750 2127
3754 2129
3758 2132
3762 2134
3766 2136
3770 2139
3774 2141
3778 2144
3782 2146
3786 2148
3790 2151
3794 2153
3798 2156
3802 2158
3806 2160
3810 2163
3814 2165
3818 2168
3822 2170
3826 2172
3830 2175
3834 2177
3838 2180
3842 2182
3846 2184
3850 2187
3854 2189
3858 2192
3862 2194
3866 2196
3870 2199
3874 2201
3878 2204
3882 2206
3886 2208
3890 2211
3894 2213
3898 2216
3902 2218
3906 2220
3910 2223
3914 2225
3918 2228
3922 2230
3926 2232
3930 2235
3934 2237
3938 2240
3942 2242
3946 2244
3950 2247
3954 2249
3958 2252
3962 2254
3966 2257
3970 2259
3974 2262
3978 2264
3982 2266
3986 2269
3990 2271
3994 2274
3998 2276
4002 2278
4006 2281
4010 2283
4014 2286
4018 2288
4022 2290
4026 2293
4030 2295
4034 2298
4038 2300
4042 2302
4046 2305
4050 2307
4054 2310
4058 2312
4062 2314
4066 2317
4070 2319
4074 2322
4078 2324
4082 2326
4086 2329
4090 2331
4094 2334
4098 2336
4102 2338
4106 2341
4110 2343
4114 2345
4118 2348
4122 2350
4126 2352
4130 2355
4134 2357
4138 2360
4142 2362
4146 2364
4150 2367
4154 2369
4158 2372
4162 2374
4166 2376
4170 2379
4174 2381
4178 2384
4182 2386
4186 2388
4190 2391
4194 2393
4198 2396
4202 2398
4206 2400
4210 2403
4214 2405
4218 2408
4222 2410
4226 2412
4230 2415
4234 2417
4238 2420
4242 2422
4246 2424
4250 2427
4254 2429
4258 2432
4262 2434
4266 2436
4270 2439
4274 2441
4278 2444
4282 2446
4286 2448
4290 2451
4294 2453
4298 2456
4302 2458
4306 2460
4310 2463
4314 2465
4318 2468
4322 2470
4326 2472
4330 2475
4334 2477
4338 2480
4342 2482
4346 2484
4350 2487
4354 2489
4358 2492
4362 2494
4366 2496
4370 2499
4374 2501
4378 2504
4382 2506
4386 2508
4390 2511
4394 2513
4398 2516
4402 2518
4406 2520
4410 2523
4414 2525
4418 2528
4422 2530
4426 2532
4430 2535
4434 2537
4438 2540
4442 2542
4446 2544
4450 2547
4454 2550
4458 2552
4462 2554
4466 2557
4470 2559
4474 2562
4478 2564
4482 2566
4486 2569
4490 2571
4494 2574
4498 2576
4502 2578
4506 2581
4510 2583
4514 2586
4518 2588
4522 2590
4526 2593
4530 2595
4534 2598
4538 2600
4542 2602
4546 2605
4550 2607
4554 2610
4558 2612
4562 2614
4566 2617
4570 2619
4574 2622
4578 2624
4582 2626
4586 2629
4590 2631
4594 2634
4598 2636
4602 2638
4606 2640
4610 2643
4614 2646
4618 2648
4622 2650
4626 2652
4630 2655
4634 2657
4638 2660
4642 2662
4646 2664
4650 2667
4654 2669
4658 2672
4662 2674
4666 2676
4670 2679
4674 2681
4678 2684
4682 2686
4686 2688
4690 2691
4694 2693
4698 2696
4702 2698
4706 2700
4710 2703
4714 2705
4718 2708
4722 2710
4726 2712
4730 2715
4734 2717
4738 2720
4742 2722
4746 2724
4750 2727
4754 2729
4758 2732
4762 2734
4766 2736
4770 2738
4774 2741
4778 2744
4782 2746
4786 2748
4790 2750
4794 2753
4798 2755
4802 2758
4806 2760
4810 2762
4814 2765
4818 2768
4822 2770
4826 2772
4830 2774
4834 2777
4838 2779
4842 2782
4846 2784
4850 2787
4854 2789
4858 2792
4862 2794
4866 2796
4870 2799
4874 2801
4878 2803
4882 2806
4886 2808
4890 2810
4894 2813
4898 2816
4902 2818
4906 2820
4910 2823
4914 2825
4918 2828
4922 2830
4926 2832
4930 2835
4934 2837
4938 2840
4942 2842
4946 2844
4950 2847
4954 2849
4958 2852
4962 2854
4966 2856
4970 2859
4974 2861
4978 2864
4982 2866
4986 2868
4990 2871
4994 2873
4998 2876
5002 2878
5006 2880
5010 2883
5014 2885
5018 2888
5022 2890
5026 2892
5030 2895
5034 2897
5038 2900
5042 2902
5046 2904
5050 2907
5054 2909
5058 2912
5062 2914
5066 2916
5070 2919
5074 2921
5078 2924
5082 2926
5086 2928
5090 2931
5094 2934
5098 2936
5102 2938
5106 2941
5110 2943
5114 2946
5118 2948
5122 2950
5126 2953
5130 2955
5134 2958
5138 2960
5142 2962
5146 2965
5150 2967
5154 2970
5158 2972
5162 2974
5166 2977
5170 2979
5174 2982
5178 2984
5182 2986
5186 2989
5190 2991
5194 2994
5198 2996
5202 2998
5206 3001
5210 3003
5214 3006
5218 3008
5222 3010
5226 3013
5230 3015
5234 3018
5238 3020
5242 3022
5246 3024
5250 3027
5254 3029
5258 3032
5262 3034
5266 3036
5270 3039
5274 3041
5278 3044
5282 3046
5286 3048
5290 3051
5294 3053
5298 3056
5302 3058
5306 3060
5310 3063
5314 3065
5318 3068
5322 3070
5326 3072
5330 3075
5334 3077
5338 3080
5342 3082
5346 3084
5350 3087
5354 3089
5358 3092
5362 3094
5366 3096
5370 3099
5374 3101
5378 3104
5382 3106
5386 3108
5390 3111
5394 3113
5398 3116
5402 3118
5406 3120
5410 3123
5414 3125
5418 3128
5422 3130
5426 3132
5430 3135
5434 3137
5438 3140
5442 3142
5446 3144
5450 3147
5454 3149
5458 3152
5462 3154
5466 3156
5470 3159
5474 3161
5478 3164
5482 3166
5486 3168
5490 3171
5494 3173
5498 3176
5502 3178
5506 3180
5510 3183
5514 3185
5518 3188
5522 3190
5526 3192
5530 3195
5534 3197
5538 3200
5542 3202
5546 3204
5550 3207
5554 3209
5558 3212
5562 3214
5566 3216
5570 3219
5574 3221
5578 3224
5582 3226
5586 3228
5590 3231
5594 3233
5598 3236
5602 3238
5606 3240
5610 3243
5614 3245
5618 3248
5622 3250
5626 3252
5630 3255
5634 3257
5638 3260
5642 3262
5646 3264
5650 3267
5654 3269
5658 3272
5662 3274
5666 3276
5670 3279
5674 3281
5678 3284
5682 3286
5686 3288
5690 3291
5694 3293
5698 3296
5702 3298
5706 3300
5710 3303
5714 3305
5718 3308
5722 3310
5726 3312
5730 3315
5734 3317
5738 3320
5742 3322
5746 3325
5750 3327
5754 3330
5758 3332
5762 3334
5766 3336
5770 3339
5774 3342
5778 3344
5782 3346
5786 3349
5790 3351
5794 3354
5798 3356
5802 3358
5806 3360
5810 3363
5814 3365
5818 3368
5822 3370
5826 3372
5830 3375
5834 3377
5838 3380
5842 3382
5846 3384
5850 3387
5854 3389
5858 3392
5862 3394
5866 3396
5870 3399
5874 3401
5878 3404
5882 3406
5886 3408
5890 3411
5894 3413
5898 3416
5902 3418
5906 3420
5910 3423
5914 3425
5918 3428
5922 3430
5926 3432
5930 3435
5934 3437
5938 3440
5942 3442
5946 3444
5950 3447
5954 3449
5958 3452
5962 3454
5966 3456
5970 3458
5974 3461
5978 3463
5982 3466
5986 3468
5990 3470
5994 3473
5998 3475
6002 3478
6006 3480
6010 3482
6014 3485
6018 3487
6022 3490
6026 3492
6030 3494
6034 3497
6038 3499
6042 3502
6046 3504
6050 3506
6054 3509
6058 3511
6062 3514
6066 3516
6070 3518
6074 3521
6078 3523
6082 3526
6086 3528
6090 3530
6094 3533
6098 3535
6102 3538
6106 3540
6110 3542
6114 3545
6118 3547
6122 3550
6126 3552
6130 3554
6134 3557
6138 3559
6142 3562
6146 3564
6150 3566
6154 3569
6158 3571
6162 3574
6166 3576
6170 3578
6174 3581
6178 3584
6182 3586
6186 3588
6190 3590
6194 3593
6198 3595
6202 3598
6206 3600
6210 3603
6214 3605
6218 3608
6222 3610
6226 3612
6230 3615
6234 3617
6238 3620
6242 3622
6246 3624
6250 3627
6254 3629
6258 3632
6262 3634
6266 3636
6270 3639
6274 3641
6278 3644
6282 3646
6286 3648
6290 3651
6294 3653
6298 3656
6302 3658
6306 3660
6310 3663
6314 3665
6318 3668
6322 3670
6326 3672
6330 3675
6334 3677
6338 3680
6342 3682
6346 3684
6350 3687
6354 3689
6358 3692
6362 3694
6366 3696
6370 3699
6374 3701
6378 3704
6382 3706
6386 3708
6390 3711
6394 3713
6398 3716
6402 3718
6406 3720
6410 3723
6414 3725
6418 3728
6422 3730
6426 3732
6430 3735
6434 3737
6438 3740
6442 3742
6446 3744
6450 3747
6454 3749
6458 3752
6462 3754
6466 3756
6470 3759
6474 3761
6478 3764
6482 3766
6486 3768
6490 3771
6494 3773
6498 3776
6502 3778
6506 3780
6510 3782
6514 3785
6518 3787
6522 3790
6526 3792
6530 3794
6534 3797
6538 3799
6542 3802
6546 3804
6550 3806
6554 3809
6558 3811
6562 3814
6566 3816
6570 3818
6574 3821
6578 3823
6582 3826
6586 3828
6590 3830
6594 3833
6598 3835
6602 3838
6606 3840
6610 3842
6614 3845
6618 3847
6622 3850
6626 3852
6630 3854
6634 3857
6638 3859
6642 3862
6646 3864
6650 3866
6654 3869
6658 3871
6662 3874
6666 3876
6670 3878
6674 3881
6678 3883
6682 3886
6686 3888
6690 3890
6694 3893
6698 3895
6702 3898
6706 3900
6710 3902
6714 3905
6718 3907
6722 3910
6726 3912
6730 3914
6734 3917
6738 3919
6742 3922
6746 3924
6750 3926
6754 3929
6758 3931
6762 3934
6766 3936
6770 3938
6774 3941
6778 3943
6782 3946
6786 3948
6790 3950
6794 3953
6798 3955
6802 3958
6806 3960
6810 3962
6814 3965
6818 3967
6822 3970
6826 3972
6830 3974
6834 3977
6838 3979
6842 3982
6846 3984
6850 3986
6854 3989
6858 3991
6862 3994
6866 3996
6870 3998
6874 4001
6878 4003
6882 4006
6886 4008
6890 4010
6894 4013
6898 4015
6902 4018
6906 4020
6910 4022
6914 4025
6918 4027
6922 4030
6926 4032
6930 4034
6934 4037
6938 4040
6942 4042
6946 4044
6950 4046
6954 4049
6958 4052
6962 4054
6966 4056
6970 4058
6974 4061
6978 4064
6982 4066
6986 4068
6990 4071
6994 4073
6998 4076
7002 4078
7006 4080
7010 4083
7014 4085
7018 4088
7022 4090
7026 4092
7030 4095
7034 4097
7038 4100
7042 4102
7046 4104
7050 4107
7054 4109
7058 4112
7062 4114
7066 4116
7070 4119
7074 4121
7078 4124
7082 4126
7086 4128
7090 4130
7094 4133
7098 4135
7102 4138
7106 4140
7110 4142
7114 4145
7118 4147
7122 4150
7126 4152
7130 4154
7134 4157
7138 4159
7142 4162
7146 4164
7150 4166
7154 4169
7158 4171
7162 4174
7166 4176
7170 4178
7174 4181
7178 4183
7182 4186
7186 4188
7190 4190
7194 4193
7198 4195
7202 4198
7206 4200
7210 4202
7214 4205
7218 4207
7222 4210
7226 4212
7230 4214
7234 4217
7238 4219
7242 4222
7246 4224
7250 4226
7254 4229
7258 4231
7262 4234
7266 4236
7270 4238
7274 4240
7278 4243
7282 4245
7286 4248
7290 4250
7294 4252
7298 4255
7302 4258
7306 4260
7310 4262
7314 4264
7318 4267
7322 4269
7326 4272
7330 4274
7334 4276
7338 4279
7342 4282
7346 4284
7350 4286
7354 4288
7358 4291
7362 4294
7366 4296
7370 4298
7374 4301
7378 4303
7382 4306
7386 4308
7390 4310
7394 4313
7398 4315
7402 4318
7406 4320
7410 4322
7414 4325
7418 4327
7422 4330
7426 4332
7430 4334
7434 4337
7438 4339
7442 4342
7446 4344
7450 4346
7454 4349
7458 4351
7462 4354
7466 4356
7470 4358
7474 4361
7478 4363
7482 4366
7486 4368
7490 4370
7494 4373
7498 4375
7502 4378
7506 4380
7510 4382
7514 4385
7518 4387
7522 4390
7526 4392
7530 4394
7534 4397
7538 4399
7542 4402
7546 4404
7550 4406
7554 4409
7558 4411
7562 4414
7566 4416
7570 4418
7574 4421
7578 4424
7582 4426
7586 4428
7590 4431
7594 4433
7598 4435
7602 4438
7606 4440
7610 4442
7614 4445
7618 4448
7622 4450
7626 4452
7630 4454
7634 4457
7638 4459
7642 4462
7646 4464
7650 4466
7654 4469
7658 4471
7662 4474
7666 4476
7670 4478
7674 4481
7678 4483
7682 4486
7686 4488
7690 4490
7694 4493
7698 4495
7702 4498
7706 4500
7710 4502
7714 4505
7718 4507
7722 4510
7726 4512
7730 4514
7734 4517
7738 4519
7742 4522
7746 4524
7750 4526
7754 4528
7758 4531
7762 4533
7766 4536
7770 4538
7774 4540
7778 4543
7782 4545
7786 4548
7790 4550
7794 4552
7798 4555
7802 4557
7806 4560
7810 4562
7814 4564
7818 4567
7822 4569
7826 4572
7830 4574
7834 4576
7838 4579
7842 4581
7846 4584
7850 4586
7854 4588
7858 4591
7862 4593
7866 4596
7870 4598
7874 4600
7878 4603
7882 4605
7886 4608
7890 4610
7894 4612
7898 4615
7902 4617
7906 4620
7910 4622
7914 4624
7918 4627
7922 4629
7926 4632
7930 4634
7934 4636
7938 4639
7942 4641
7946 4644
7950 4646
7954 4648
7958 4651
7962 4653
7966 4656
7970 4658
7974 4660
7978 4663
7982 4665
7986 4668
7990 4670
7994 4672
7998 4675
8002 4677
8006 4680
8010 4682
8014 4684
8018 4687
8022 4690
8026 4692
8030 4694
8034 4697
8038 4699
8042 4702
8046 4704
8050 4706
8054 4709
8058 4711
8062 4714
8066 4716
8070 4718
8074 4721
8078 4723
8082 4726
8086 4728
8090 4730
8094 4733
8098 4735
8102 4738
8106 4740
8110 4742
8114 4745
8118 4748
8122 4750
8126 4752
8130 4755
8134 4757
8138 4760
8142 4762
8146 4764
8150 4767
8154 4769
8158 4772
8162 4774
8166 4776
8170 4779
8174 4781
8178 4784
8182 4786
8186 4788
8190 4791
8194 4793
8198 4796
8202 4798
8206 4800
8210 4803
8214 4805
8218 4808
8222 4810
8226 4812
8230 4815
8234 4817
8238 4820
8242 4822
8246 4824
8250 4827
8254 4829
8258 4832
8262 4834
8266 4836
8270 4839
8274 4841
8278 4844
8282 4846
8286 4848
8290 4851
8294 4853
8298 4856
8302 4858
8306 4860
8310 4863
8314 4865
8318 4868
8322 4870
8326 4872
8330 4875
8334 4877
8338 4880
8342 4882
8346 4884
8350 4887
8354 4889
8358 4892
8362 4894
8366 4896
8370 4899
8374 4901
8378 4904
8382 4906
8386 4908
8390 4911
8394 4913
8398 4916
8402 4918
8406 4920
8410 4922
8414 4925
8418 4928
8422 4930
8426 4932
8430 4934
8434 4937
8438 4939
8442 4942
8446 4944
8450 4946
8454 4949
8458 4951
8462 4954
8466 4956
8470 4958
8474 4961
8478 4963
8482 4966
8486 4968
8490 4970
8494 4973
8498 4975
8502 4978
8506 4980
8510 4982
8514 4985
8518 4987
8522 4990
8526 4992
8530 4994
8534 4997
8538 4999
8542 5002
8546 5004
8550 5006
8554 5009
8558 5011
8562 5014
8566 5016
8570 5018
8574 5021
8578 5023
8582 5026
8586 5028
8590 5030
8594 5033
8598 5035
8602 5038
8606 5040
8610 5042
8614 5045
8618 5047
8622 5050
8626 5052
8630 5054
8634 5057
8638 5059
8642 5062
8646 5064
8650 5066
8654 5069
8658 5071
8662 5074
8666 5076
8670 5078
8674 5081
8678 5083
8682 5086
8686 5088
8690 5091
8694 5093
8698 5096
8702 5098
8706 5100
8710 5103
8714 5105
8718 5108
8722 5110
8726 5112
8730 5115
8734 5117
8738 5120
8742 5122
8746 5124
8750 5127
8754 5129
8758 5132
8762 5134
8766 5136
8770 5139
8774 5141
8778 5144
8782 5146
8786 5148
8790 5151
8794 5153
8798 5156
8802 5158
8806 5160
8810 5163
8814 5165
8818 5168
8822 5170
8826 5172
8830 5175
8834 5177
8838 5180
8842 5182
8846 5184
8850 5187
8854 5189
8858 5192
8862 5194
8866 5196
8870 5199
8874 5201
8878 5204
8882 5206
8886 5208
8890 5210
8894 5213
8898 5215
8902 5218
8906 5220
8910 5222
8914 5225
8918 5227
8922 5230
8926 5232
8930 5234
8934 5237
8938 5239
8942 5242
8946 5244
8950 5246
8954 5249
8958 5251
8962 5254
8966 5256
8970 5258
8974 5261
8978 5263
8982 5265
8986 5268
8990 5270
8994 5272
8998 5275
9002 5277
9006 5280
9010 5282
9014 5284
9018 5287
9022 5289
9026 5292
9030 5294
9034 5296
9038 5299
9042 5301
9046 5304
9050 5306
9054 5308
9058 5311
9062 5313
9066 5316
9070 5318
9074 5320
9078 5322
9082 5325
9086 5327
9090 5330
9094 5332
9098 5334
9102 5337
9106 5339
9110 5342
9114 5344
9118 5346
9122 5349
9126 5351
9130 5354
9134 5356
9138 5358
9142 5361
9146 5364
9150 5366
9154 5368
9158 5371
9162 5373
9166 5376
9170 5378
9174 5380
9178 5383
9182 5385
9186 5388
9190 5390
9194 5392
9198 5395
9202 5397
9206 5400
9210 5402
9214 5404
9218 5407
9222 5409
9226 5412
9230 5414
9234 5416
9238 5419
9242 5421
9246 5424
9250 5426
9254 5428
9258 5431
9262 5434
9266 5436
9270 5438
9274 5441
9278 5443
9282 5446
9286 5448
9290 5450
9294 5453
9298 5455
9302 5458
9306 5460
9310 5462
9314 5465
9318 5467
9322 5470
9326 5472
9330 5474
9334 5477
9338 5480
9342 5482
9346 5484
9350 5487
9354 5489
9358 5492
9362 5494
9366 5496
9370 5499
9374 5501
9378 5504
9382 5506
9386 5508
9390 5511
9394 5513
9398 5516
9402 5518
9406 5520
9410 5523
9414 5525
9418 5528
9422 5530
9426 5532
9430 5535
9434 5537
9438 5540
9442 5542
9446 5544
9450 5547
9454 5549
9458 5552
9462 5554
9466 5556
9470 5559
9474 5561
9478 5564
9482 5566
9486 5568
9490 5571
9494 5573
9498 5576
9502 5578
9506 5580
9510 5583
9514 5585
9518 5588
9522 5590
9526 5592
9530 5594
9534 5597
9538 5600
9542 5602
9546 5604
9550 5606
9554 5609
9558 5611
9562 5614
9566 5616
9570 5618
9574 5621
9578 5623
9582 5626
9586 5628
9590 5630
9594 5633
9598 5635
9602 5638
9606 5640
9610 5642
9614 5645
9618 5647
9622 5650
9626 5652
9630 5654
9634 5657
9638 5659
9642 5662
9646 5664
9650 5666
9654 5668
9658 5671
9662 5673
9666 5676
9670 5678
9674 5680
9678 5683
9682 5685
9686 5688
9690 5690
9694 5692
9698 5695
9702 5697
9706 5700
9710 5702
9714 5704
9718 5707
9722 5709
9726 5712
9730 5714
9734 5716
9738 5719
9742 5721
9746 5724
9750 5726
9754 5728
9758 5731
9762 5733
9766 5736
9770 5738
9774 5740
9778 5743
9782 5745
9786 5748
9790 5750
9794 5752
9798 5755
9802 5757
9806 5760
9810 5762
9814 5764
9818 5767
9822 5769
9826 5772
9830 5774
9834 5776
9838 5779
9842 5781
9846 5784
9850 5786
9854 5788
9858 5791
9862 5793
9866 5796
9870 5798
9874 5800
9878 5803
9882 5805
9886 5808
9890 5810
9894 5812
9898 5815
9902 5817
9906 5820
9910 5822
9914 5824
9918 5827
9922 5829
9926 5832
9930 5834
9934 5836
9938 5839
9942 5842
9946 5844
9950 5846
9954 5849
9958 5851
9962 5854
9966 5856
9970 5858
9974 5861
9978 5863
9982 5866
9986 5868
9990 5870
9994 5873
9998 5875
