10 0
14 0
18 0
22 0
26 0
30 0
34 0
38 0
42 0
46 0
50 0
54 0
58 0
62 0
66 0
70 0
74 0
78 0
82 0
86 0
90 0
94 0
98 0
102 0
106 0
110 0
114 0
118 0
122 1
126 1
130 1
134 1
138 1
142 2
146 2
150 2
154 3
158 4
162 4
166 5
170 6
174 6
178 7
182 8
186 9
190 10
194 11
198 12
202 13
206 14
210 16
214 17
218 18
222 20
226 21
230 23
234 24
238 26
242 28
246 29
250 31
254 33
258 34
262 36
266 38
270 40
274 42
278 44
282 46
286 48
290 50
294 51
298 54
302 56
306 58
310 60
314 62
318 64
322 66
326 68
330 70
334 72
338 75
342 77
346 79
350 81
354 84
358 86
362 88
366 90
370 92
374 95
378 97
382 99
386 102
390 104
394 106
398 109
402 111
406 113
410 116
414 118
418 120
422 123
426 125
430 128
434 130
438 132
442 135
446 137
450 140
454 142
458 144
462 147
466 149
470 152
474 154
478 156
482 159
486 161
490 164
494 166
498 169
502 171
506 174
510 176
514 178
518 181
522 183
526 186
530 188
534 191
538 193
542 196
546 198
550 201
554 203
558 206
562 208
566 210
570 213
574 216
578 218
582 220
586 223
590 226
594 228
598 230
602 233
606 235
610 238
614 240
618 243
622 245
626 248
630 250
634 253
638 255
642 258
646 260
650 263
654 265
658 268
662 270
666 273
670 276
674 278
678 280
682 283
686 286
690 288
694 291
698 293
702 296
706 298
710 301
714 303
718 306
722 308
726 311
730 313
734 316
738 318
742 321
746 323
750 326
754 328
758 331
762 333
766 336
770 338
774 341
778 344
782 346
786 348
790 351
794 353
798 356
802 358
806 361
810 364
814 366
818 368
822 371
826 373
830 376
834 378
838 381
842 383
846 386
850 388
854 391
858 393
862 396
866 398
870 401
874 403
878 406
882 408
886 410
890 413
894 415
898 418
902 420
906 423
910 425
914 428
918 430
922 432
926 435
930 438
934 440
938 442
942 445
946 447
950 450
954 452
958 454
962 457
966 460
970 462
974 464
978 467
982 469
986 471
990 474
994 476
998 479
1002 481
1006 484
1010 486
1014 488
1018 491
1022 493
1026 495
1030 498
1034 500
1038 502
1042 505
1046 507
1050 510
1054 512
1058 514
1062 516
1066 519
1070 521
1074 523
1078 526
1082 528
1086 530
1090 533
1094 535
1098 537
1102 540
1106 542
1110 544
1114 546
1118 549
1122 551
1126 554
1130 556
1134 558
1138 560
1142 563
1146 565
1150 567
1154 570
1158 572
1162 574
1166 576
1170 579
1174 581
1178 583
1182 586
1186 588
1190 590
1194 593
1198 595
1202 597
1206 600
1210 602
1214 604
1218 607
1222 609
1226 611
1230 614
1234 616
1238 618
1242 621
1246 623
1250 626
1254 628
1258 630
1262 633
1266 635
1270 637
1274 640
1278 642
1282 644
1286 647
1290 649
1294 652
1298 654
1302 656
1306 659
1310 661
1314 664
1318 666
1322 668
1326 671
1330 673
1334 676
1338 678
1342 681
1346 683
1350 686
1354 688
1358 690
1362 693
1366 695
1370 698
1374 700
1378 702
1382 705
1386 707
1390 710
1394 712
1398 715
1402 717
1406 720
1410 722
1414 724
1418 727
1422 729
1426 732
1430 734
1434 737
1438 739
1442 742
1446 744
1450 746
1454 749
1458 751
1462 754
1466 756
1470 759
1474 761
1478 764
1482 766
1486 768
1490 771
1494 773
1498 776
1502 778
1506 781
1510 783
1514 786
1518 788
1522 790
1526 793
1530 796
1534 798
1538 800
1542 803
1546 805
1550 808
1554 810
1558 813
1562 815
1566 818
1570 820
1574 822
1578 825
1582 827
1586 830
1590 832
1594 834
1598 837
1602 839
1606 842
1610 844
1614 847
1618 849
1622 852
1626 854
1630 856
1634 859
1638 861
1642 864
1646 866
1650 868
1654 871
1658 873
1662 876
1666 878
1670 880
1674 883
1678 885
1682 887
1686 890
1690 892
1694 894
1698 897
1702 899
1706 902
1710 904
1714 906
1718 908
1722 911
1726 913
1730 916
1734 918
1738 920
1742 923
1746 925
1750 927
1754 930
1758 932
1762 934
1766 937
1770 939
1774 941
1778 944
1782 946
1786 948
1790 951
1794 953
1798 956
1802 958
1806 960
1810 963
1814 965
1818 967
1822 970
1826 972
1830 974
1834 977
1838 979
1842 981
1846 984
1850 986
1854 989
1858 991
1862 993
1866 996
1870 998
1874 1000
1878 1003
1882 1005
1886 1008
1890 1010
1894 1012
1898 1015
1902 1017
1906 1020
1910 1022
1914 1024
1918 1027
1922 1029
1926 1032
1930 1034
1934 1036
1938 1039
1942 1041
1946 1044
1950 1046
1954 1048
1958 1051
1962 1053
1966 1056
1970 1058
1974 1060
1978 1063
1982 1065
1986 1068
1990 1070
1994 1072
1998 1075
2002 1077
2006 1080
2010 1082
2014 1085
2018 1087
2022 1090
2026 1092
2030 1094
2034 1097
2038 1099
2042 1102
2046 1104
2050 1106
2054 1109
2058 1111
2062 1114
2066 1116
2070 1119
2074 1121
2078 1124
2082 1126
2086 1128
2090 1131
2094 1133
2098 1136
2102 1138
2106 1141
2110 1143
2114 1146
2118 1148
2122 1150
2126 1153
2130 1155
2134 1158
2138 1160
2142 1163
2146 1165
2150 1168
2154 1170
2158 1172
2162 1175
2166 1177
2170 1180
2174 1182
2178 1185
2182 1187
2186 1190
2190 1192
2194 1194
2198 1197
2202 1199
2206 1202
2210 1204
2214 1206
2218 1209
2222 1211
2226 1214
2230 1216
2234 1218
2238 1221
2242 1223
2246 1226
2250 1228
2254 1231
2258 1233
2262 1235
2266 1238
2270 1240
2274 1242
2278 1245
2282 1247
2286 1250
2290 1252
2294 1254
2298 1257
2302 1259
2306 1262
2310 1264
2314 1266
2318 1269
2322 1271
2326 1273
2330 1276
2334 1278
2338 1280
2342 1283
2346 1285
2350 1288
2354 1290
2358 1292
2362 1295
2366 1297
2370 1299
2374 1302
2378 1304
2382 1306
2386 1309
2390 1311
2394 1313
2398 1316
2402 1318
2406 1320
2410 1323
2414 1325
2418 1328
2422 1330
2426 1332
2430 1335
2434 1337
2438 1339
2442 1342
2446 1344
2450 1346
2454 1349
2458 1351
2462 1354
2466 1356
2470 1358
2474 1361
2478 1363
2482 1366
2486 1368
2490 1370
2494 1373
2498 1375
2502 1377
2506 1380
2510 1382
2514 1384
2518 1387
2522 1389
2526 1392
2530 1394
2534 1396
2538 1399
2542 1401
2546 1404
2550 1406
2554 1408
2558 1411
2562 1413
2566 1416
2570 1418
2574 1420
2578 1423
2582 1425
2586 1428
2590 1430
2594 1432
2598 1435
2602 1437
2606 1440
2610 1442
2614 1445
2618 1447
2622 1450
2626 1452
2630 1454
2634 1457
2638 1459
2642 1462
2646 1464
2650 1466
2654 1469
2658 1471
2662 1474
2666 1476
2670 1479
2674 1481
2678 1483
2682 1486
2686 1488
2690 1491
2694 1493
2698 1496
2702 1498
2706 1501
2710 1503
2714 1505
2718 1508
2722 1510
2726 1513
2730 1515
2734 1518
2738 1520
2742 1523
2746 1525
2750 1527
2754 1530
2758 1532
2762 1535
2766 1537
2770 1540
2774 1542
2778 1544
2782 1547
2786 1549
2790 1552
2794 1554
2798 1557
2802 1559
2806 1562
2810 1564
2814 1566
2818 1569
2822 1571
2826 1574
2830 1576
2834 1578
2838 1581
2842 1583
2846 1586
2850 1588
2854 1590
2858 1593
2862 1595
2866 1598
2870 1600
2874 1602
2878 1605
2882 1607
2886 1610
2890 1612
2894 1614
2898 1617
2902 1619
2906 1622
2910 1624
2914 1626
2918 1628
2922 1631
2926 1633
2930 1636
2934 1638
2938 1640
2942 1643
2946 1645
2950 1647
2954 1650
2958 1652
2962 1654
2966 1657
2970 1659
2974 1662
2978 1664
2982 1666
2986 1668
2990 1671
2994 1673
2998 1676
3002 1678
3006 1680
3010 1683
3014 1685
3018 1687
3022 1690
3026 1692
3030 1694
3034 1697
3038 1699
3042 1702
3046 1704
3050 1706
3054 1709
3058 1711
3062 1714
3066 1716
3070 1718
3074 1720
3078 1723
3082 1725
3086 1728
3090 1730
3094 1732
3098 1735
3102 1737
3106 1740
3110 1742
3114 1744
3118 1747
3122 1749
3126 1752
3130 1754
3134 1756
3138 1759
3142 1761
3146 1764
3150 1766
3154 1768
3158 1771
3162 1773
3166 1776
3170 1778
3174 1780
3178 1783
3182 1785
3186 1788
3190 1790
3194 1792
3198 1795
3202 1797
3206 1800
3210 1802
3214 1804
3218 1807
3222 1810
3226 1812
3230 1814
3234 1817
3238 1819
3242 1822
3246 1824
3250 1826
3254 1829
3258 1831
3262 1834
3266 1836
3270 1838
3274 1841
3278 1843
3282 1846
3286 1848
3290 1851
3294 1853
3298 1856
3302 1858
3306 1860
3310 1863
3314 1865
3318 1868
3322 1870
3326 1873
3330 1875
3334 1878
3338 1880
3342 1882
3346 1885
3350 1887
3354 1890
3358 1892
3362 1895
3366 1897
3370 1900
3374 1902
3378 1904
3382 1907
3386 1909
3390 1912
3394 1914
3398 1916
3402 1919
3406 1921
3410 1924
3414 1926
3418 1929
3422 1931
3426 1934
3430 1936
3434 1938
3438 1941
3442 1943
3446 1946
3450 1948
3454 1950
3458 1953
3462 1955
3466 1958
3470 1960
3474 1962
3478 1965
3482 1967
3486 1970
3490 1972
3494 1974
3498 1977
3502 1979
3506 1981
3510 1984
3514 1986
3518 1988
3522 1991
3526 1993
3530 1996
3534 1998
3538 2000
3542 2003
3546 2005
3550 2007
3554 2010
3558 2012
3562 2014
3566 2017
3570 2019
3574 2022
3578 2024
3582 2026
3586 2028
3590 2031
3594 2033
3598 2036
3602 2038
3606 2040
3610 2043
3614 2045
3618 2047
3622 2050
3626 2052
3630 2054
3634 2057
3638 2059
3642 2062
3646 2064
3650 2066
3654 2069
3658 2071
3662 2074
3666 2076
3670 2078
3674 2081
3678 2083
3682 2085
3686 2088
3690 2090
3694 2093
3698 2095
3702 2097
3706 2100
3710 2102
3714 2104
3718 2107
3722 2109
3726 2112
3730 2114
3734 2117
3738 2119
3742 2121
3746 2124
3750 2126
3754 2128
3758 2131
3762 2133
3766 2136
3770 2138
3774 2141
3778 2143
3782 2145
3786 2148
3790 2150
3794 2153
3798 2155
3802 2157
3806 2160
3810 2162
3814 2165
3818 2167
3822 2170
3826 2172
3830 2174
3834 2177
3838 2179
3842 2182
3846 2184
3850 2186
3854 2189
3858 2191
3862 2194
3866 2196
3870 2198
3874 2201
3878 2203
3882 2206
3886 2208
3890 2211
3894 2213
3898 2216
3902 2218
3906 2220
3910 2223
3914 2225
3918 2228
3922 2230
3926 2233
3930 2235
3934 2238
3938 2240
3942 2242
3946 2245
3950 2247
3954 2250
3958 2252
3962 2255
3966 2257
3970 2260
3974 2262
3978 2264
3982 2267
3986 2269
3990 2272
3994 2274
3998 2276
4002 2279
4006 2281
4010 2284
4014 2286
4018 2289
4022 2291
4026 2293
4030 2296
4034 2298
4038 2301
4042 2303
4046 2306
4050 2308
4054 2310
4058 2313
4062 2315
4066 2318
4070 2320
4074 2322
4078 2325
4082 2327
4086 2329
4090 2332
4094 2334
4098 2336
4102 2339
4106 2341
4110 2344
4114 2346
4118 2348
4122 2351
4126 2353
4130 2356
4134 2358
4138 2360
4142 2362
4146 2365
4150 2367
4154 2370
4158 2372
4162 2374
4166 2376
4170 2379
4174 2381
4178 2384
4182 2386
4186 2388
4190 2391
4194 2393
4198 2395
4202 2398
4206 2400
4210 2402
4214 2405
4218 2407
4222 2410
4226 2412
4230 2414
4234 2417
4238 2419
4242 2421
4246 2424
4250 2426
4254 2428
4258 2431
4262 2433
4266 2436
4270 2438
4274 2440
4278 2443
4282 2445
4286 2448
4290 2450
4294 2452
4298 2455
4302 2457
4306 2460
4310 2462
4314 2464
4318 2467
4322 2469
4326 2472
4330 2474
4334 2476
4338 2479
4342 2481
4346 2484
4350 2486
4354 2488
4358 2491
4362 2493
4366 2496
4370 2498
4374 2500
4378 2503
4382 2505
4386 2508
4390 2510
4394 2512
4398 2515
4402 2517
4406 2520
4410 2522
4414 2524
4418 2527
4422 2529
4426 2532
4430 2534
4434 2536
4438 2539
4442 2541
4446 2544
4450 2546
4454 2549
4458 2551
4462 2554
4466 2556
4470 2558
4474 2561
4478 2563
4482 2566
4486 2568
4490 2570
4494 2573
4498 2576
4502 2578
4506 2580
4510 2583
4514 2585
4518 2588
4522 2590
4526 2592
4530 2595
4534 2598
4538 2600
4542 2602
4546 2605
4550 2607
4554 2610
4558 2612
4562 2614
4566 2617
4570 2619
4574 2622
4578 2624
4582 2626
4586 2629
4590 2631
4594 2634
4598 2636
4602 2639
4606 2641
4610 2644
4614 2646
4618 2648
4622 2651
4626 2653
4630 2656
4634 2658
4638 2660
4642 2663
4646 2665
4650 2668
4654 2670
4658 2672
4662 2675
4666 2677
4670 2680
4674 2682
4678 2684
4682 2687
4686 2689
4690 2692
4694 2694
4698 2696
4702 2699
4706 2701
4710 2703
4714 2706
4718 2708
4722 2710
4726 2713
4730 2715
4734 2718
4738 2720
4742 2722
4746 2725
4750 2727
4754 2729
4758 2732
4762 2734
4766 2736
4770 2739
4774 2741
4778 2744
4782 2746
4786 2748
4790 2751
4794 2753
4798 2756
4802 2758
4806 2760
4810 2763
4814 2765
4818 2767
4822 2770
4826 2772
4830 2774
4834 2777
4838 2779
4842 2782
4846 2784
4850 2786
4854 2789
4858 2791
4862 2794
4866 2796
4870 2798
4874 2801
4878 2803
4882 2806
4886 2808
4890 2810
4894 2813
4898 2815
4902 2818
4906 2820
4910 2822
4914 2825
4918 2827
4922 2830
4926 2832
4930 2834
4934 2837
4938 2839
4942 2842
4946 2844
4950 2846
4954 2849
4958 2851
4962 2854
4966 2856
4970 2858
4974 2861
4978 2863
4982 2866
4986 2868
4990 2870
4994 2873
4998 2875
5002 2878
5006 2880
5010 2882
5014 2885
5018 2887
5022 2890
5026 2892
5030 2894
5034 2897
5038 2899
5042 2902
5046 2904
5050 2907
5054 2909
5058 2912
5062 2914
5066 2916
5070 2919
5074 2921
5078 2924
5082 2926
5086 2928
5090 2931
5094 2933
5098 2936
5102 2938
5106 2941
5110 2943
5114 2946
5118 2948
5122 2950
5126 2953
5130 2955
5134 2958
5138 2960
5142 2963
5146 2965
5150 2967
5154 2970
5158 2972
5162 2975
5166 2977
5170 2980
5174 2982
5178 2984
5182 2987
5186 2989
5190 2992
5194 2994
5198 2996
5202 2999
5206 3001
5210 3004
5214 3006
5218 3009
5222 3011
5226 3013
5230 3016
5234 3018
5238 3020
5242 3023
5246 3025
5250 3028
5254 3030
5258 3033
5262 3035
5266 3037
5270 3040
5274 3042
5278 3044
5282 3047
5286 3049
5290 3052
5294 3054
5298 3056
5302 3059
5306 3061
5310 3064
5314 3066
5318 3068
5322 3071
5326 3073
5330 3075
5334 3078
5338 3080
5342 3082
5346 3085
5350 3087
5354 3089
5358 3092
5362 3094
5366 3096
5370 3099
5374 3101
5378 3103
5382 3106
5386 3108
5390 3110
5394 3113
5398 3115
5402 3118
5406 3120
5410 3122
5414 3125
5418 3127
5422 3129
5426 3132
5430 3134
5434 3136
5438 3139
5442 3141
5446 3144
5450 3146
5454 3148
5458 3151
5462 3153
5466 3156
5470 3158
5474 3160
5478 3163
5482 3165
5486 3168
5490 3170
5494 3172
5498 3175
5502 3177
5506 3180
5510 3182
5514 3184
5518 3187
5522 3189
5526 3191
5530 3194
5534 3196
5538 3199
5542 3201
5546 3204
5550 3206
5554 3208
5558 3211
5562 3213
5566 3216
5570 3218
5574 3220
5578 3223
5582 3225
5586 3228
5590 3230
5594 3232
5598 3235
5602 3237
5606 3240
5610 3242
5614 3244
5618 3247
5622 3249
5626 3252
5630 3254
5634 3257
5638 3259
5642 3261
5646 3264
5650 3266
5654 3269
5658 3271
5662 3274
5666 3276
5670 3278
5674 3281
5678 3283
5682 3286
5686 3288
5690 3291
5694 3293
5698 3296
5702 3298
5706 3300
5710 3303
5714 3305
5718 3308
5722 3310
5726 3312
5730 3315
5734 3318
5738 3320
5742 3322
5746 3325
5750 3327
5754 3330
5758 3332
5762 3334
5766 3337
5770 3339
5774 3342
5778 3344
5782 3347
5786 3349
5790 3351
5794 3354
5798 3356
5802 3359
5806 3361
5810 3364
5814 3366
5818 3368
5822 3371
5826 3373
5830 3376
5834 3378
5838 3380
5842 3383
5846 3385
5850 3388
5854 3390
5858 3392
5862 3395
5866 3397
5870 3400
5874 3402
5878 3404
5882 3407
5886 3409
5890 3412
5894 3414
5898 3416
5902 3419
5906 3421
5910 3424
5914 3426
5918 3428
5922 3431
5926 3433
5930 3435
5934 3438
5938 3440
5942 3442
5946 3445
5950 3447
5954 3450
5958 3452
5962 3454
5966 3457
5970 3459
5974 3462
5978 3464
5982 3466
5986 3468
5990 3471
5994 3473
5998 3476
6002 3478
6006 3480
6010 3483
6014 3485
6018 3488
6022 3490
6026 3492
6030 3495
6034 3497
6038 3499
6042 3502
6046 3504
6050 3506
6054 3509
6058 3511
6062 3514
6066 3516
6070 3518
6074 3521
6078 3523
6082 3526
6086 3528
6090 3530
6094 3533
6098 3535
6102 3538
6106 3540
6110 3542
6114 3545
6118 3547
6122 3550
6126 3552
6130 3554
6134 3557
6138 3559
6142 3562
6146 3564
6150 3566
6154 3569
6158 3571
6162 3574
6166 3576
6170 3578
6174 3581
6178 3583
6182 3586
6186 3588
6190 3590
6194 3593
6198 3595
6202 3598
6206 3600
6210 3603
6214 3605
6218 3608
6222 3610
6226 3612
6230 3615
6234 3617
6238 3620
6242 3622
6246 3624
6250 3627
6254 3629
6258 3632
6262 3634
6266 3636
6270 3639
6274 3641
6278 3644
6282 3646
6286 3649
6290 3651
6294 3654
6298 3656
6302 3658
6306 3661
6310 3663
6314 3666
6318 3668
6322 3670
6326 3673
6330 3675
6334 3678
6338 3680
6342 3683
6346 3685
6350 3688
6354 3690
6358 3692
6362 3695
6366 3697
6370 3700
6374 3702
6378 3704
6382 3707
6386 3709
6390 3712
6394 3714
6398 3716
6402 3719
6406 3721
6410 3724
6414 3726
6418 3728
6422 3731
6426 3733
6430 3736
6434 3738
6438 3740
6442 3743
6446 3745
6450 3748
6454 3750
6458 3752
6462 3755
6466 3757
6470 3760
6474 3762
6478 3764
6482 3767
6486 3769
6490 3772
6494 3774
6498 3776
6502 3778
6506 3781
6510 3783
6514 3786
6518 3788
6522 3790
6526 3793
6530 3795
6534 3797
6538 3800
6542 3802
6546 3804
6550 3807
6554 3809
6558 3811
6562 3814
6566 3816
6570 3818
6574 3821
6578 3823
6582 3826
6586 3828
6590 3830
6594 3832
6598 3835
6602 3837
6606 3840
6610 3842
6614 3844
6618 3847
6622 3849
6626 3851
6630 3854
6634 3856
6638 3858
6642 3861
6646 3863
6650 3866
6654 3868
6658 3870
6662 3873
6666 3875
6670 3878
6674 3880
6678 3882
6682 3885
6686 3887
6690 3890
6694 3892
6698 3895
6702 3897
6706 3899
6710 3902
6714 3904
6718 3906
6722 3909
6726 3911
6730 3914
6734 3916
6738 3919
6742 3921
6746 3924
6750 3926
6754 3928
6758 3931
6762 3933
6766 3936
6770 3938
6774 3940
6778 3943
6782 3945
6786 3948
6790 3950
6794 3952
6798 3955
6802 3957
6806 3960
6810 3962
6814 3965
6818 3967
6822 3970
6826 3972
6830 3974
6834 3977
6838 3979
6842 3982
6846 3984
6850 3986
6854 3989
6858 3992
6862 3994
6866 3996
6870 3999
6874 4001
6878 4004
6882 4006
6886 4008
6890 4011
6894 4013
6898 4016
6902 4018
6906 4021
6910 4023
6914 4026
6918 4028
6922 4030
6926 4033
6930 4035
6934 4038
6938 4040
6942 4042
6946 4045
6950 4047
6954 4050
6958 4052
6962 4055
6966 4057
6970 4060
6974 4062
6978 4064
6982 4067
6986 4069
6990 4072
6994 4074
6998 4076
7002 4079
7006 4081
7010 4084
7014 4086
7018 4088
7022 4091
7026 4093
7030 4096
7034 4098
7038 4100
7042 4103
7046 4105
7050 4108
7054 4110
7058 4112
7062 4115
7066 4117
7070 4120
7074 4122
7078 4124
7082 4127
7086 4129
7090 4132
7094 4134
7098 4136
7102 4139
7106 4141
7110 4143
7114 4146
7118 4148
7122 4150
7126 4153
7130 4155
7134 4158
7138 4160
7142 4162
7146 4164
7150 4167
7154 4169
7158 4172
7162 4174
7166 4176
7170 4179
7174 4181
7178 4183
7182 4186
7186 4188
7190 4190
7194 4193
7198 4195
7202 4197
7206 4200
7210 4202
7214 4205
7218 4207
7222 4209
7226 4212
7230 4214
7234 4216
7238 4219
7242 4221
7246 4224
7250 4226
7254 4228
7258 4231
7262 4233
7266 4236
7270 4238
7274 4240
7278 4243
7282 4245
7286 4248
7290 4250
7294 4252
7298 4255
7302 4257
7306 4260
7310 4262
7314 4264
7318 4267
7322 4269
7326 4272
7330 4274
7334 4276
7338 4279
7342 4281
7346 4284
7350 4286
7354 4288
7358 4291
7362 4293
7366 4296
7370 4298
7374 4301
7378 4303
7382 4305
7386 4308
7390 4310
7394 4313
7398 4315
7402 4318
7406 4320
7410 4322
7414 4325
7418 4327
7422 4330
7426 4332
7430 4334
7434 4337
7438 4339
7442 4342
7446 4344
7450 4347
7454 4349
7458 4352
7462 4354
7466 4356
7470 4359
7474 4361
7478 4364
7482 4366
7486 4368
7490 4371
7494 4373
7498 4376
7502 4378
7506 4381
7510 4383
7514 4386
7518 4388
7522 4390
7526 4393
7530 4395
7534 4398
7538 4400
7542 4402
7546 4405
7550 4407
7554 4410
7558 4412
7562 4415
7566 4417
7570 4420
7574 4422
7578 4424
7582 4427
7586 4429
7590 4432
7594 4434
7598 4436
7602 4439
7606 4441
7610 4444
7614 4446
7618 4448
7622 4451
7626 4453
7630 4456
7634 4458
7638 4460
7642 4463
7646 4465
7650 4468
7654 4470
7658 4472
7662 4475
7666 4477
7670 4480
7674 4482
7678 4484
7682 4487
7686 4489
7690 4491
7694 4494
7698 4496
7702 4498
7706 4501
7710 4503
7714 4506
7718 4508
7722 4510
7726 4512
7730 4515
7734 4517
7738 4520
7742 4522
7746 4524
7750 4527
7754 4529
7758 4531
7762 4534
7766 4536
7770 4538
7774 4541
7778 4543
7782 4546
7786 4548
7790 4550
7794 4552
7798 4555
7802 4557
7806 4560
7810 4562
7814 4564
7818 4567
7822 4569
7826 4572
7830 4574
7834 4576
7838 4579
7842 4581
7846 4584
7850 4586
7854 4588
7858 4591
7862 4593
7866 4595
7870 4598
7874 4600
7878 4602
7882 4605
7886 4608
7890 4610
7894 4612
7898 4615
7902 4617
7906 4620
7910 4622
7914 4624
7918 4627
7922 4629
7926 4631
7930 4634
7934 4636
7938 4639
7942 4641
7946 4644
7950 4646
7954 4648
7958 4651
7962 4653
7966 4656
7970 4658
7974 4660
7978 4663
7982 4665
7986 4668
7990 4670
7994 4672
7998 4675
8002 4677
8006 4680
8010 4682
8014 4685
8018 4687
8022 4690
8026 4692
8030 4694
8034 4697
8038 4699
8042 4702
8046 4704
8050 4707
8054 4709
8058 4712
8062 4714
8066 4716
8070 4719
8074 4721
8078 4724
8082 4726
8086 4729
8090 4731
8094 4734
8098 4736
8102 4738
8106 4741
8110 4743
8114 4746
8118 4748
8122 4750
8126 4753
8130 4755
8134 4758
8138 4760
8142 4763
8146 4765
8150 4768
8154 4770
8158 4772
8162 4775
8166 4777
8170 4780
8174 4782
8178 4784
8182 4787
8186 4789
8190 4792
8194 4794
8198 4796
8202 4799
8206 4801
8210 4804
8214 4806
8218 4809
8222 4811
8226 4813
8230 4816
8234 4818
8238 4820
8242 4823
8246 4825
8250 4828
8254 4830
8258 4833
8262 4835
8266 4837
8270 4840
8274 4842
8278 4844
8282 4847
8286 4849
8290 4852
8294 4854
8298 4856
8302 4859
8306 4861
8310 4863
8314 4866
8318 4868
8322 4870
8326 4873
8330 4875
8334 4878
8338 4880
8342 4882
8346 4884
8350 4887
8354 4889
8358 4891
8362 4894
8366 4896
8370 4898
8374 4901
8378 4903
8382 4906
8386 4908
8390 4910
8394 4913
8398 4915
8402 4917
8406 4920
8410 4922
8414 4924
8418 4927
8422 4929
8426 4932
8430 4934
8434 4936
8438 4939
8442 4941
8446 4944
8450 4946
8454 4948
8458 4951
8462 4953
8466 4955
8470 4958
8474 4960
8478 4962
8482 4965
8486 4967
8490 4970
8494 4972
8498 4975
8502 4977
8506 4979
8510 4982
8514 4984
8518 4986
8522 4989
8526 4991
8530 4994
8534 4996
8538 4999
8542 5001
8546 5003
8550 5006
8554 5008
8558 5011
8562 5013
8566 5016
8570 5018
8574 5020
8578 5023
8582 5025
8586 5028
8590 5030
8594 5032
8598 5035
8602 5037
8606 5040
8610 5042
8614 5045
8618 5047
8622 5050
8626 5052
8630 5054
8634 5057
8638 5059
8642 5062
8646 5064
8650 5067
8654 5069
8658 5072
8662 5074
8666 5076
8670 5079
8674 5081
8678 5084
8682 5086
8686 5088
8690 5091
8694 5094
8698 5096
8702 5098
8706 5101
8710 5103
8714 5106
8718 5108
8722 5110
8726 5113
8730 5115
8734 5118
8738 5120
8742 5123
8746 5125
8750 5128
8754 5130
8758 5132
8762 5135
8766 5137
8770 5140
8774 5142
8778 5144
8782 5147
8786 5149
8790 5152
8794 5154
8798 5156
8802 5159
8806 5161
8810 5164
8814 5166
8818 5169
8822 5171
8826 5173
8830 5176
8834 5178
8838 5180
8842 5183
8846 5185
8850 5188
8854 5190
8858 5193
8862 5195
8866 5197
8870 5200
8874 5202
8878 5204
8882 5207
8886 5209
8890 5212
8894 5214
8898 5216
8902 5218
8906 5221
8910 5223
8914 5226
8918 5228
8922 5230
8926 5233
8930 5235
8934 5237
8938 5240
8942 5242
8946 5244
8950 5247
8954 5249
8958 5251
8962 5254
8966 5256
8970 5258
8974 5261
8978 5263
8982 5265
8986 5268
8990 5270
8994 5272
8998 5275
9002 5277
9006 5280
9010 5282
9014 5284
9018 5287
9022 5289
9026 5291
9030 5294
9034 5296
9038 5298
9042 5301
9046 5303
9050 5306
9054 5308
9058 5310
9062 5313
9066 5315
9070 5318
9074 5320
9078 5322
9082 5325
9086 5327
9090 5330
9094 5332
9098 5334
9102 5337
9106 5339
9110 5342
9114 5344
9118 5346
9122 5349
9126 5351
9130 5354
9134 5356
9138 5358
9142 5361
9146 5363
9150 5366
9154 5368
9158 5370
9162 5373
9166 5375
9170 5378
9174 5380
9178 5383
9182 5385
9186 5388
9190 5390
9194 5392
9198 5395
9202 5397
9206 5400
9210 5402
9214 5405
9218 5407
9222 5410
9226 5412
9230 5414
9234 5417
9238 5419
9242 5422
9246 5424
9250 5427
9254 5429
9258 5432
9262 5434
9266 5436
9270 5439
9274 5441
9278 5444
9282 5446
9286 5449
9290 5451
9294 5454
9298 5456
9302 5458
9306 5461
9310 5463
9314 5466
9318 5468
9322 5471
9326 5473
9330 5476
9334 5478
9338 5480
9342 5483
9346 5485
9350 5488
9354 5490
9358 5492
9362 5495
9366 5497
9370 5500
9374 5502
9378 5504
9382 5507
9386 5509
9390 5512
9394 5514
9398 5516
9402 5519
9406 5521
9410 5524
9414 5526
9418 5529
9422 5531
9426 5533
9430 5536
9434 5538
9438 5540
9442 5543
9446 5546
9450 5548
9454 5550
9458 5553
9462 5555
9466 5557
9470 5560
9474 5562
9478 5564
9482 5567
9486 5569
9490 5572
9494 5574
9498 5576
9502 5578
9506 5581
9510 5583
9514 5586
9518 5588
9522 5590
9526 5593
9530 5595
9534 5597
9538 5600
9542 5602
9546 5604
9550 5607
9554 5609
9558 5611
9562 5614
9566 5616
9570 5618
9574 5621
9578 5623
9582 5626
9586 5628
9590 5630
9594 5632
9598 5635
9602 5637
9606 5640
9610 5642
9614 5644
9618 5647
9622 5649
9626 5651
9630 5654
9634 5656
9638 5658
9642 5661
9646 5663
9650 5666
9654 5668
9658 5670
9662 5673
9666 5675
9670 5678
9674 5680
9678 5682
9682 5685
9686 5687
9690 5690
9694 5692
9698 5694
9702 5697
9706 5699
9710 5702
9714 5704
9718 5706
9722 5709
9726 5711
9730 5714
9734 5716
9738 5718
9742 5721
9746 5723
9750 5726
9754 5728
9758 5730
9762 5733
9766 5735
9770 5738
9774 5740
9778 5743
9782 5745
9786 5748
9790 5750
9794 5752
9798 5755
9802 5757
9806 5760
9810 5762
9814 5764
9818 5767
9822 5769
9826 5772
9830 5774
9834 5777
9838 5779
9842 5782
9846 5784
9850 5786
9854 5789
9858 5791
9862 5794
9866 5796
9870 5799
9874 5801
9878 5804
9882 5806
9886 5808
9890 5811
9894 5813
9898 5816
9902 5818
9906 5821
9910 5823
9914 5826
9918 5828
9922 5830
9926 5833
9930 5835
9934 5838
9938 5840
9942 5843
9946 5845
9950 5847
9954 5850
9958 5852
9962 5855
9966 5857
9970 5860
9974 5862
9978 5864
9982 5867
9986 5869
9990 5872
9994 5874
9998 5876
