10 0
15 0
20 0
25 0
30 0
35 0
40 0
45 0
50 0
55 0
60 0
65 0
70 0
75 0
80 0
85 0
90 0
95 0
100 0
105 0
110 0
115 0
120 0
125 0
130 0
135 0
140 0
145 0
150 0
155 0
160 0
165 0
170 0
175 0
180 0
185 1
190 1
195 1
200 1
205 1
210 1
215 1
220 1
225 1
230 1
235 2
240 2
245 2
250 2
255 2
260 2
265 2
270 2
275 3
280 3
285 3
290 3
295 4
300 4
305 4
310 5
315 5
320 5
325 6
330 6
335 7
340 7
345 7
350 8
355 8
360 8
365 9
370 9
375 9
380 10
385 10
390 10
395 11
400 11
405 11
410 12
415 12
420 13
425 13
430 13
435 14
440 14
445 14
450 14
455 15
460 15
465 15
470 16
475 16
480 16
485 17
490 18
495 18
500 19
505 19
510 20
515 20
520 21
525 21
530 22
535 22
540 23
545 23
550 24
555 25
560 25
565 25
570 26
575 26
580 27
585 27
590 27
595 28
600 28
605 28
610 29
615 29
620 30
625 30
630 31
635 31
640 32
645 32
650 32
655 32
660 33
665 33
670 33
675 34
680 34
685 35
690 36
695 36
700 36
705 37
710 38
715 38
720 39
725 40
730 40
735 41
740 42
745 42
750 43
755 44
760 45
765 45
770 46
775 47
780 47
785 48
790 48
795 49
800 50
805 51
810 52
815 52
820 53
825 54
830 54
835 55
840 56
845 56
850 57
855 58
860 58
865 59
870 60
875 60
880 61
885 62
890 62
895 63
900 64
905 65
910 66
915 67
920 68
925 69
930 70
935 71
940 71
945 72
950 73
955 74
960 74
965 75
970 76
975 76
980 77
985 78
990 79
995 80
1000 80
1005 81
1010 82
1015 83
1020 84
1025 86
1030 86
1035 88
1040 89
1045 90
1050 90
1055 92
1060 93
1065 94
1070 95
1075 96
1080 97
1085 98
1090 100
1095 100
1100 101
1105 102
1110 103
1115 104
1120 105
1125 106
1130 107
1135 108
1140 109
1145 110
1150 111
1155 112
1160 112
1165 113
1170 114
1175 114
1180 115
1185 116
1190 117
1195 117
1200 118
1205 119
1210 120
1215 122
1220 123
1225 124
1230 125
1235 126
1240 128
1245 129
1250 130
1255 131
1260 132
1265 133
1270 134
1275 135
1280 136
1285 136
1290 137
1295 138
1300 139
1305 140
1310 141
1315 142
1320 143
1325 144
1330 145
1335 146
1340 148
1345 149
1350 150
1355 152
1360 152
1365 153
1370 154
1375 156
1380 157
1385 158
1390 159
1395 160
1400 162
1405 163
1410 164
1415 166
1420 167
1425 168
1430 170
1435 171
1440 172
1445 173
1450 174
1455 174
1460 175
1465 176
1470 177
1475 178
1480 178
1485 179
1490 180
1495 180
1500 181
1505 182
1510 183
1515 183
1520 184
1525 185
1530 186
1535 187
1540 188
1545 188
1550 189
1555 190
1560 191
1565 192
1570 194
1575 195
1580 196
1585 197
1590 198
1595 199
1600 199
1605 200
1610 201
1615 202
1620 203
1625 204
1630 205
1635 206
1640 206
1645 207
1650 208
1655 209
1660 210
1665 211
1670 212
1675 212
1680 214
1685 214
1690 216
1695 217
1700 218
1705 219
1710 220
1715 221
1720 222
1725 223
1730 224
1735 224
1740 225
1745 226
1750 227
1755 228
1760 229
1765 229
1770 230
1775 231
1780 231
1785 232
1790 232
1795 233
1800 234
1805 234
1810 235
1815 236
1820 236
1825 237
1830 237
1835 238
1840 239
1845 240
1850 240
1855 241
1860 241
1865 242
1870 243
1875 244
1880 245
1885 246
1890 247
1895 248
1900 250
1905 251
1910 252
1915 254
1920 255
1925 256
1930 257
1935 258
1940 260
1945 261
1950 262
1955 263
1960 264
1965 266
1970 267
1975 268
1980 269
1985 270
1990 271
1995 272
2000 272
2005 273
2010 274
2015 275
2020 276
2025 277
2030 278
2035 280
2040 280
2045 281
2050 282
2055 283
2060 284
2065 284
2070 285
2075 286
2080 286
2085 287
2090 288
2095 288
2100 289
2105 289
2110 290
2115 290
2120 291
2125 292
2130 293
2135 294
2140 295
2145 296
2150 296
2155 298
2160 298
2165 299
2170 300
2175 301
2180 302
2185 303
2190 304
2195 304
2200 305
2205 306
2210 306
2215 307
2220 308
2225 309
2230 310
2235 311
2240 312
2245 313
2250 314
2255 315
2260 316
2265 317
2270 318
2275 319
2280 320
2285 321
2290 322
2295 322
2300 323
2305 324
2310 324
2315 325
2320 325
2325 326
2330 326
2335 327
2340 328
2345 328
2350 329
2355 330
2360 331
2365 331
2370 332
2375 332
2380 333
2385 334
2390 334
2395 335
2400 336
2405 336
2410 337
2415 337
2420 338
2425 339
2430 339
2435 340
2440 341
2445 342
2450 342
2455 343
2460 344
2465 345
2470 346
2475 346
2480 347
2485 348
2490 348
2495 349
2500 349
2505 350
2510 350
2515 351
2520 351
2525 351
2530 352
2535 352
2540 352
2545 353
2550 353
2555 353
2560 354
2565 354
2570 355
2575 355
2580 356
2585 356
2590 357
2595 357
2600 358
2605 358
2610 358
2615 359
2620 359
2625 360
2630 360
2635 360
2640 361
2645 361
2650 362
2655 362
2660 362
2665 363
2670 363
2675 363
2680 364
2685 364
2690 365
2695 365
2700 366
2705 366
2710 366
2715 367
2720 367
2725 368
2730 368
2735 369
2740 369
2745 369
2750 370
2755 370
2760 370
2765 370
2770 371
2775 371
2780 371
2785 371
2790 372
2795 372
2800 372
2805 372
2810 373
2815 373
2820 373
2825 374
2830 374
2835 374
2840 374
2845 375
2850 375
2855 375
2860 375
2865 376
2870 376
2875 376
2880 376
2885 376
2890 377
2895 377
2900 377
2905 378
2910 378
2915 378
2920 378
2925 378
2930 378
2935 379
2940 379
2945 379
2950 379
2955 379
2960 380
2965 380
2970 380
2975 380
2980 380
2985 380
2990 380
2995 380
3000 381
3005 381
3010 381
3015 381
3020 381
3025 381
3030 381
3035 381
3040 381
3045 381
3050 381
3055 381
3060 381
3065 381
3070 381
3075 381
3080 381
3085 381
3090 381
3095 381
3100 381
3105 381
3110 381
3115 381
3120 381
3125 381
3130 381
3135 381
3140 381
3145 381
3150 381
3155 381
3160 381
3165 381
3170 381
3175 381
3180 381
3185 381
3190 381
3195 381
3200 381
3205 381
3210 381
3215 381
3220 381
3225 381
3230 381
3235 381
3240 381
3245 381
3250 381
3255 381
3260 381
3265 381
3270 381
3275 381
3280 381
3285 381
3290 381
3295 381
3300 381
3305 381
3310 381
3315 381
3320 381
3325 380
3330 380
3335 380
3340 380
3345 380
3350 380
3355 380
3360 380
3365 380
3370 380
3375 380
3380 380
3385 380
3390 380
3395 380
3400 380
3405 380
3410 380
3415 379
3420 379
3425 379
3430 378
3435 378
3440 378
3445 378
3450 377
3455 377
3460 377
3465 377
3470 377
3475 376
3480 376
3485 376
3490 376
3495 376
3500 376
3505 375
3510 375
3515 375
3520 375
3525 374
3530 374
3535 374
3540 373
3545 373
3550 373
3555 372
3560 372
3565 372
3570 372
3575 371
3580 371
3585 371
3590 370
3595 370
3600 370
3605 370
3610 370
3615 369
3620 369
3625 369
3630 369
3635 369
3640 368
3645 368
3650 368
3655 367
3660 367
3665 366
3670 366
3675 365
3680 365
3685 365
3690 364
3695 364
3700 364
3705 363
3710 363
3715 363
3720 362
3725 362
3730 361
3735 361
3740 360
3745 360
3750 359
3755 359
3760 359
3765 358
3770 358
3775 358
3780 358
3785 357
3790 357
3795 356
3800 356
3805 355
3810 355
3815 354
3820 354
3825 353
3830 352
3835 352
3840 351
3845 351
3850 350
3855 350
3860 349
3865 349
3870 348
3875 348
3880 348
3885 347
3890 346
3895 346
3900 345
3905 344
3910 343
3915 343
3920 342
3925 341
3930 340
3935 340
3940 339
3945 338
3950 338
3955 337
3960 336
3965 336
3970 335
3975 334
3980 334
3985 333
3990 332
3995 332
4000 331
4005 331
4010 330
4015 330
4020 329
4025 328
4030 328
4035 327
4040 326
4045 326
4050 325
4055 324
4060 324
4065 323
4070 322
4075 322
4080 321
4085 321
4090 320
4095 319
4100 319
4105 318
4110 318
4115 318
4120 317
4125 316
4130 315
4135 314
4140 313
4145 312
4150 312
4155 311
4160 310
4165 309
4170 308
4175 308
4180 307
4185 306
4190 306
4195 305
4200 305
4205 304
4210 303
4215 303
4220 302
4225 302
4230 301
4235 300
4240 300
4245 299
4250 298
4255 298
4260 297
4265 297
4270 296
4275 296
4280 295
4285 295
4290 294
4295 294
4300 293
4305 292
4310 291
4315 289
4320 288
4325 287
4330 286
4335 285
4340 284
4345 283
4350 282
4355 282
4360 281
4365 280
4370 280
4375 279
4380 279
4385 279
4390 278
4395 278
4400 277
4405 277
4410 276
4415 275
4420 275
4425 274
4430 274
4435 272
4440 272
4445 270
4450 269
4455 268
4460 267
4465 265
4470 264
4475 263
4480 262
4485 260
4490 259
4495 258
4500 257
4505 256
4510 255
4515 254
4520 252
4525 251
4530 250
4535 248
4540 247
4545 246
4550 245
4555 244
4560 243
4565 242
4570 241
4575 240
4580 239
4585 238
4590 237
4595 236
4600 235
4605 234
4610 233
4615 232
4620 231
4625 230
4630 229
4635 228
4640 227
4645 226
4650 225
4655 224
4660 223
4665 221
4670 220
4675 219
4680 217
4685 215
4690 214
4695 212
4700 210
4705 209
4710 207
4715 206
4720 204
4725 202
4730 200
4735 198
4740 196
4745 194
4750 193
4755 191
4760 189
4765 188
4770 186
4775 184
4780 182
4785 181
4790 179
4795 177
4800 175
4805 174
4810 172
4815 171
4820 169
4825 168
4830 166
4835 165
4840 163
4845 162
4850 160
4855 159
4860 157
4865 156
4870 155
4875 154
4880 153
4885 152
4890 151
4895 150
4900 149
4905 148
4910 147
4915 146
4920 145
4925 144
4930 144
4935 143
4940 142
4945 141
4950 140
4955 139
4960 138
4965 138
4970 136
4975 136
4980 135
4985 134
4990 134
4995 133
5000 132
5005 131
5010 131
5015 130
5020 129
5025 128
5030 127
5035 126
5040 125
5045 124
5050 123
5055 122
5060 122
5065 121
5070 120
5075 119
5080 118
5085 118
5090 118
5095 117
5100 116
5105 116
5110 115
5115 115
5120 114
5125 114
5130 113
5135 112
5140 112
5145 111
5150 111
5155 110
5160 110
5165 109
5170 108
5175 108
5180 107
5185 106
5190 106
5195 105
5200 104
5205 104
5210 103
5215 102
5220 102
5225 101
5230 100
5235 100
5240 99
5245 98
5250 98
5255 97
5260 96
5265 95
5270 94
5275 93
5280 92
5285 91
5290 90
5295 89
5300 88
5305 87
5310 86
5315 85
5320 84
5325 84
5330 83
5335 82
5340 82
5345 81
5350 80
5355 79
5360 78
5365 78
5370 77
5375 76
5380 75
5385 75
5390 74
5395 74
5400 74
5405 73
5410 73
5415 72
5420 72
5425 71
5430 71
5435 70
5440 70
5445 70
5450 70
5455 69
5460 68
5465 68
5470 67
5475 66
5480 65
5485 64
5490 63
5495 63
5500 62
5505 61
5510 60
5515 59
5520 58
5525 58
5530 57
5535 56
5540 55
5545 54
5550 54
5555 53
5560 52
5565 52
5570 51
5575 50
5580 49
5585 48
5590 47
5595 47
5600 46
5605 45
5610 44
5615 44
5620 43
5625 42
5630 41
5635 40
5640 40
5645 39
5650 38
5655 37
5660 37
5665 36
5670 35
5675 35
5680 34
5685 34
5690 33
5695 32
5700 32
5705 31
5710 30
5715 30
5720 29
5725 28
5730 28
5735 27
5740 26
5745 26
5750 25
5755 25
5760 24
5765 23
5770 23
5775 22
5780 22
5785 21
5790 20
5795 19
5800 18
5805 17
5810 17
5815 16
5820 15
5825 14
5830 13
5835 12
5840 12
5845 11
5850 10
5855 10
5860 9
5865 8
5870 8
5875 8
5880 7
5885 7
5890 6
5895 6
5900 5
5905 4
5910 4
5915 3
5920 3
5925 2
5930 2
5935 2
5940 2
5945 2
5950 1
5955 1
5960 1
5965 0
5970 0
5975 0
5980 -1
5985 -2
5990 -2
5995 -2
6000 -3
6005 -3
6010 -3
6015 -4
6020 -4
6025 -4
6030 -5
6035 -5
6040 -5
6045 -6
6050 -6
6055 -6
6060 -6
6065 -7
6070 -7
6075 -7
6080 -8
6085 -8
6090 -8
6095 -8
6100 -8
6105 -8
6110 -9
6115 -9
6120 -9
6125 -9
6130 -9
6135 -10
6140 -10
6145 -10
6150 -10
6155 -10
6160 -10
6165 -11
6170 -11
6175 -11
6180 -11
6185 -11
6190 -12
6195 -12
6200 -12
6205 -12
6210 -12
6215 -12
6220 -12
6225 -12
6230 -12
6235 -12
6240 -12
6245 -12
6250 -12
6255 -12
6260 -12
6265 -12
6270 -12
6275 -12
6280 -12
6285 -12
6290 -12
6295 -12
6300 -12
6305 -12
6310 -12
6315 -12
6320 -12
6325 -12
6330 -12
6335 -12
6340 -12
6345 -12
6350 -12
6355 -12
6360 -12
6365 -12
6370 -12
6375 -12
6380 -12
6385 -12
6390 -12
6395 -12
6400 -11
6405 -11
6410 -11
6415 -11
6420 -11
6425 -11
6430 -11
6435 -11
6440 -11
6445 -11
6450 -11
6455 -11
6460 -11
6465 -11
6470 -11
6475 -10
6480 -10
6485 -10
6490 -10
6495 -10
6500 -10
6505 -10
6510 -10
6515 -10
6520 -9
6525 -9
6530 -9
6535 -9
6540 -8
6545 -8
6550 -8
6555 -8
6560 -8
6565 -7
6570 -7
6575 -7
6580 -7
6585 -7
6590 -7
6595 -7
6600 -7
6605 -6
6610 -6
6615 -6
6620 -6
6625 -6
6630 -6
6635 -5
6640 -5
6645 -5
6650 -4
6655 -4
6660 -4
6665 -3
6670 -2
6675 -2
6680 -2
6685 -1
6690 0
6695 0
6700 0
6705 1
6710 1
6715 2
6720 2
6725 2
6730 3
6735 3
6740 3
6745 4
6750 4
6755 4
6760 5
6765 5
6770 6
6775 6
6780 7
6785 7
6790 8
6795 9
6800 9
6805 10
6810 10
6815 11
6820 11
6825 12
6830 13
6835 14
6840 14
6845 15
6850 15
6855 16
6860 16
6865 17
6870 17
6875 18
6880 18
6885 18
6890 19
6895 19
6900 20
6905 20
6910 20
6915 20
6920 20
6925 21
6930 21
6935 21
6940 22
6945 22
6950 22
6955 22
6960 23
6965 23
6970 23
6975 24
6980 24
6985 24
6990 24
6995 24
7000 25
7005 25
7010 25
7015 25
7020 26
7025 26
7030 26
7035 26
7040 27
7045 27
7050 27
7055 28
7060 28
7065 28
7070 29
7075 29
7080 30
7085 30
7090 30
7095 30
7100 31
7105 31
7110 31
7115 32
7120 32
7125 32
7130 33
7135 33
7140 34
7145 34
7150 34
7155 35
7160 35
7165 36
7170 36
7175 37
7180 38
7185 38
7190 38
7195 39
7200 40
7205 40
7210 41
7215 41
7220 42
7225 42
7230 43
7235 44
7240 45
7245 46
7250 47
7255 48
7260 49
7265 50
7270 51
7275 52
7280 53
7285 53
7290 54
7295 55
7300 56
7305 57
7310 58
7315 59
7320 60
7325 61
7330 62
7335 63
7340 64
7345 65
7350 66
7355 67
7360 68
7365 69
7370 70
7375 71
7380 72
7385 73
7390 74
7395 75
7400 76
7405 76
7410 78
7415 79
7420 80
7425 81
7430 83
7435 84
7440 85
7445 86
7450 87
7455 88
7460 89
7465 90
7470 92
7475 93
7480 94
7485 95
7490 96
7495 97
7500 98
7505 99
7510 100
7515 100
7520 101
7525 102
7530 102
7535 103
7540 104
7545 104
7550 105
7555 106
7560 107
7565 107
7570 108
7575 108
7580 109
7585 110
7590 111
7595 112
7600 113
7605 113
7610 114
7615 115
7620 116
7625 116
7630 117
7635 118
7640 118
7645 119
7650 119
7655 120
7660 121
7665 122
7670 123
7675 124
7680 126
7685 127
7690 128
7695 129
7700 130
7705 131
7710 132
7715 133
7720 134
7725 136
7730 137
7735 138
7740 140
7745 141
7750 142
7755 143
7760 144
7765 146
7770 147
7775 148
7780 150
7785 151
7790 152
7795 154
7800 155
7805 156
7810 158
7815 160
7820 161
7825 163
7830 165
7835 167
7840 168
7845 170
7850 172
7855 173
7860 175
7865 177
7870 178
7875 180
7880 181
7885 183
7890 184
7895 186
7900 188
7905 189
7910 191
7915 192
7920 194
7925 195
7930 196
7935 198
7940 200
7945 201
7950 203
7955 204
7960 206
7965 207
7970 209
7975 210
7980 212
7985 214
7990 216
7995 217
8000 218
8005 220
8010 221
8015 222
8020 224
8025 224
8030 226
8035 227
8040 228
8045 230
8050 231
8055 232
8060 233
8065 234
8070 235
8075 236
8080 237
8085 238
8090 239
8095 240
8100 240
8105 241
8110 242
8115 243
8120 244
8125 244
8130 245
8135 246
8140 247
8145 248
8150 249
8155 250
8160 251
8165 252
8170 253
8175 254
8180 255
8185 256
8190 257
8195 257
8200 258
8205 259
8210 259
8215 260
8220 260
8225 261
8230 262
8235 263
8240 264
8245 265
8250 266
8255 268
8260 270
8265 271
8270 273
8275 274
8280 276
8285 277
8290 279
8295 280
8300 281
8305 283
8310 284
8315 285
8320 286
8325 288
8330 289
8335 290
8340 291
8345 292
8350 293
8355 294
8360 295
8365 296
8370 297
8375 298
8380 299
8385 300
8390 301
8395 302
8400 304
8405 305
8410 306
8415 307
8420 308
8425 310
8430 311
8435 312
8440 313
8445 314
8450 316
8455 317
8460 318
8465 319
8470 320
8475 322
8480 322
8485 324
8490 324
8495 325
8500 326
8505 327
8510 328
8515 328
8520 329
8525 330
8530 331
8535 332
8540 333
8545 334
8550 335
8555 336
8560 336
8565 338
8570 338
8575 339
8580 340
8585 341
8590 342
8595 343
8600 344
8605 345
8610 346
8615 347
8620 347
8625 348
8630 349
8635 350
8640 350
8645 351
8650 352
8655 352
8660 353
8665 353
8670 354
8675 354
8680 354
8685 355
8690 355
8695 356
8700 356
8705 356
8710 357
8715 357
8720 358
8725 358
8730 359
8735 360
8740 360
8745 361
8750 362
8755 362
8760 363
8765 363
8770 364
8775 364
8780 365
8785 365
8790 366
8795 366
8800 367
8805 368
8810 368
8815 368
8820 369
8825 369
8830 370
8835 370
8840 371
8845 371
8850 372
8855 372
8860 373
8865 373
8870 374
8875 374
8880 375
8885 375
8890 376
8895 376
8900 377
8905 378
8910 378
8915 379
8920 379
8925 380
8930 381
8935 381
8940 382
8945 382
8950 383
8955 383
8960 383
8965 384
8970 384
8975 385
8980 385
8985 385
8990 386
8995 386
9000 387
9005 387
9010 388
9015 388
9020 388
9025 389
9030 389
9035 389
9040 390
9045 390
9050 391
9055 391
9060 391
9065 391
9070 392
9075 392
9080 392
9085 392
9090 392
9095 392
9100 392
9105 393
9110 393
9115 393
9120 393
9125 393
9130 394
9135 394
9140 394
9145 394
9150 394
9155 394
9160 395
9165 395
9170 395
9175 396
9180 396
9185 396
9190 396
9195 396
9200 397
9205 397
9210 397
9215 398
9220 398
9225 398
9230 398
9235 399
9240 399
9245 399
9250 400
9255 400
9260 400
9265 400
9270 400
9275 401
9280 401
9285 401
9290 401
9295 401
9300 401
9305 402
9310 402
9315 402
9320 402
9325 402
9330 402
9335 403
9340 403
9345 403
9350 403
9355 403
9360 403
9365 403
9370 403
9375 403
9380 403
9385 403
9390 403
9395 404
9400 404
9405 404
9410 404
9415 404
9420 404
9425 404
9430 403
9435 403
9440 403
9445 403
9450 403
9455 403
9460 403
9465 403
9470 403
9475 403
9480 403
9485 403
9490 403
9495 403
9500 403
9505 403
9510 403
9515 403
9520 403
9525 403
9530 403
9535 403
9540 403
9545 403
9550 403
9555 403
9560 403
9565 403
9570 403
9575 403
9580 403
9585 403
9590 403
9595 403
9600 403
9605 403
9610 403
9615 403
9620 403
9625 403
9630 403
9635 402
9640 402
9645 402
9650 402
9655 402
9660 402
9665 402
9670 401
9675 401
9680 401
9685 401
9690 400
9695 400
9700 400
9705 400
9710 400
9715 400
9720 400
9725 400
9730 399
9735 399
9740 399
9745 399
9750 398
9755 398
9760 398
9765 398
9770 398
9775 398
9780 397
9785 397
9790 397
9795 397
9800 396
9805 396
9810 396
9815 396
9820 396
9825 395
9830 395
9835 395
9840 395
9845 395
9850 394
9855 394
9860 394
9865 394
9870 393
9875 393
9880 392
9885 392
9890 392
9895 391
9900 391
9905 390
9910 390
9915 389
9920 389
9925 388
9930 388
9935 388
9940 387
9945 386
9950 386
9955 386
9960 385
9965 384
9970 384
9975 383
9980 383
9985 382
9990 382
9995 382
10000 381
10005 380
10010 380
10015 379
10020 379
10025 378
10030 378
10035 377
10040 377
10045 376
10050 376
10055 375
10060 375
10065 375
10070 374
10075 374
10080 373
10085 373
10090 372
10095 372
10100 371
10105 370
10110 370
10115 370
10120 369
10125 368
10130 368
10135 368
10140 367
10145 367
10150 367
10155 367
10160 366
10165 366
10170 366
10175 365
10180 365
10185 365
10190 365
10195 364
10200 364
10205 363
10210 362
10215 362
10220 361
10225 360
10230 360
10235 359
10240 358
10245 357
10250 357
10255 356
10260 356
10265 355
10270 354
10275 354
10280 353
10285 352
10290 352
10295 351
10300 350
10305 349
10310 348
10315 347
10320 346
10325 346
10330 344
10335 344
10340 343
10345 342
10350 341
10355 340
10360 339
10365 338
10370 337
10375 336
10380 336
10385 335
10390 334
10395 333
10400 332
10405 332
10410 331
10415 330
10420 330
10425 329
10430 328
10435 327
10440 326
10445 326
10450 324
10455 324
10460 322
10465 322
10470 321
10475 320
10480 319
10485 318
10490 318
10495 317
10500 316
10505 315
10510 314
10515 313
10520 312
10525 311
10530 310
10535 310
10540 309
10545 308
10550 307
10555 307
10560 306
10565 305
10570 304
10575 304
10580 302
10585 302
10590 301
10595 300
10600 299
10605 298
10610 296
10615 296
10620 294
10625 293
10630 293
10635 292
10640 291
10645 290
10650 289
10655 288
10660 288
10665 287
10670 286
10675 286
10680 285
10685 284
10690 284
10695 284
10700 283
10705 283
10710 282
10715 282
10720 281
10725 280
10730 280
10735 280
10740 279
10745 279
10750 278
10755 278
10760 277
10765 277
10770 276
10775 276
10780 275
10785 275
10790 274
10795 274
10800 273
10805 273
10810 272
10815 272
10820 271
10825 270
10830 270
10835 269
10840 268
10845 268
10850 267
10855 267
10860 266
10865 266
10870 265
10875 264
10880 264
10885 263
10890 263
10895 262
10900 261
10905 260
10910 260
10915 259
10920 259
10925 258
10930 258
10935 258
10940 257
10945 257
10950 256
10955 256
10960 256
10965 255
10970 254
10975 254
10980 253
10985 252
10990 252
10995 251
11000 251
11005 250
11010 250
11015 250
11020 249
11025 248
11030 248
11035 248
11040 247
11045 246
11050 246
11055 245
11060 245
11065 244
11070 243
11075 242
11080 241
11085 241
11090 240
11095 239
11100 238
11105 237
11110 236
11115 236
11120 234
11125 234
11130 232
11135 231
11140 230
11145 229
11150 228
11155 228
11160 227
11165 226
11170 225
11175 224
11180 223
11185 222
11190 221
11195 220
11200 219
11205 218
11210 217
11215 216
11220 215
11225 214
11230 213
11235 212
11240 212
11245 210
11250 210
11255 209
11260 208
11265 207
11270 206
11275 205
11280 204
11285 203
11290 202
11295 201
11300 200
11305 200
11310 198
11315 197
11320 196
11325 195
11330 193
11335 192
11340 191
11345 190
11350 188
11355 188
11360 187
11365 186
11370 185
11375 184
11380 184
11385 183
11390 182
11395 181
11400 180
11405 180
11410 179
11415 178
11420 178
11425 177
11430 176
11435 176
11440 176
11445 175
11450 175
11455 174
11460 174
11465 174
11470 173
11475 173
11480 172
11485 172
11490 171
11495 170
11500 170
11505 168
11510 168
11515 167
11520 166
11525 165
11530 165
11535 164
11540 163
11545 162
11550 162
11555 161
11560 161
11565 160
11570 160
11575 159
11580 159
11585 158
11590 158
11595 157
11600 157
11605 156
11610 156
11615 155
11620 154
11625 154
11630 153
11635 152
11640 151
11645 150
11650 150
11655 148
11660 148
11665 146
11670 146
11675 145
11680 144
11685 143
11690 142
11695 142
11700 141
11705 140
11710 140
11715 139
11720 138
11725 137
11730 137
11735 136
11740 135
11745 134
11750 134
11755 133
11760 132
11765 131
11770 130
11775 129
11780 128
11785 127
11790 127
11795 126
11800 125
11805 124
11810 124
11815 123
11820 122
11825 122
11830 121
11835 121
11840 120
11845 120
11850 119
11855 119
11860 119
11865 118
11870 118
11875 118
11880 117
11885 117
11890 117
11895 116
11900 116
11905 115
11910 115
11915 114
11920 114
11925 113
11930 113
11935 112
11940 112
11945 112
11950 111
11955 111
11960 110
11965 110
11970 109
11975 109
11980 109
11985 108
11990 108
11995 108
12000 107
12005 107
12010 106
12015 106
12020 106
12025 106
12030 106
12035 106
12040 105
12045 105
12050 105
12055 105
12060 104
12065 104
12070 103
12075 103
12080 102
12085 102
12090 101
12095 100
12100 100
12105 99
12110 98
12115 98
12120 97
12125 97
12130 96
12135 96
12140 95
12145 95
12150 94
12155 94
12160 93
12165 92
12170 92
12175 92
12180 91
12185 91
12190 91
12195 90
12200 90
12205 90
12210 89
12215 89
12220 88
12225 88
12230 88
12235 88
12240 87
12245 87
12250 86
12255 86
12260 85
12265 85
12270 85
12275 84
12280 84
12285 84
12290 83
12295 83
12300 82
12305 82
12310 82
12315 82
12320 81
12325 81
12330 80
12335 80
12340 80
12345 80
12350 80
12355 79
12360 79
12365 79
12370 79
12375 79
12380 78
12385 78
12390 78
12395 78
12400 78
12405 78
12410 78
12415 78
12420 78
12425 78
12430 78
12435 78
12440 78
12445 77
12450 77
12455 77
12460 77
12465 77
12470 77
12475 77
12480 77
12485 77
12490 77
12495 77
12500 77
12505 77
12510 77
12515 77
12520 77
12525 77
12530 77
12535 77
12540 77
12545 77
12550 77
12555 77
12560 77
12565 77
12570 77
12575 77
12580 77
12585 77
12590 77
12595 77
12600 77
12605 77
12610 77
12615 77
12620 77
12625 77
12630 77
12635 77
12640 77
12645 77
12650 77
12655 77
12660 77
12665 77
12670 77
12675 77
12680 77
12685 77
12690 77
12695 77
12700 77
12705 77
12710 77
12715 77
12720 77
12725 77
12730 77
12735 77
12740 78
12745 78
12750 78
12755 78
12760 78
12765 78
12770 78
12775 78
12780 78
12785 79
12790 79
12795 79
12800 79
12805 79
12810 80
12815 80
12820 80
12825 80
12830 80
12835 80
12840 81
12845 81
12850 81
12855 82
12860 82
12865 82
12870 82
12875 83
12880 83
12885 83
12890 84
12895 84
12900 84
12905 84
12910 85
12915 85
12920 86
12925 86
12930 86
12935 87
12940 88
12945 88
12950 88
12955 89
12960 89
12965 89
12970 90
12975 90
12980 90
12985 91
12990 91
12995 91
13000 91
13005 92
13010 92
13015 92
13020 93
13025 93
13030 93
13035 94
13040 94
13045 94
13050 95
13055 95
13060 96
13065 96
13070 97
13075 97
13080 97
13085 98
13090 98
13095 98
13100 99
13105 99
13110 99
13115 100
13120 100
13125 100
13130 101
13135 101
13140 101
13145 101
13150 102
13155 102
13160 103
13165 103
13170 104
13175 104
13180 105
13185 105
13190 106
13195 106
13200 107
13205 107
13210 108
13215 108
13220 109
13225 109
13230 110
13235 110
13240 111
13245 112
13250 112
13255 112
13260 113
13265 114
13270 114
13275 115
13280 116
13285 116
13290 116
13295 117
13300 118
13305 118
13310 119
13315 120
13320 121
13325 122
13330 123
13335 123
13340 124
13345 124
13350 125
13355 126
13360 126
13365 127
13370 128
13375 128
13380 129
13385 130
13390 131
13395 132
13400 133
13405 134
13410 135
13415 136
13420 137
13425 138
13430 139
13435 140
13440 140
13445 142
13450 142
13455 143
13460 144
13465 145
13470 146
13475 147
13480 148
13485 149
13490 150
13495 150
13500 151
13505 152
13510 153
13515 154
13520 154
13525 155
13530 156
13535 156
13540 157
13545 158
13550 159
13555 160
13560 160
13565 161
13570 162
13575 163
13580 164
13585 165
13590 166
13595 166
13600 167
13605 167
13610 168
13615 168
13620 169
13625 169
13630 170
13635 171
13640 171
13645 172
13650 172
13655 173
13660 174
13665 174
13670 174
13675 175
13680 175
13685 175
13690 176
13695 176
13700 176
13705 177
13710 177
13715 177
13720 178
13725 178
13730 179
13735 180
13740 180
13745 181
13750 181
13755 182
13760 183
13765 184
13770 184
13775 185
13780 186
13785 187
13790 188
13795 189
13800 189
13805 190
13810 191
13815 192
13820 193
13825 194
13830 194
13835 195
13840 196
13845 198
13850 198
13855 200
13860 201
13865 202
13870 203
13875 204
13880 205
13885 206
13890 206
13895 207
13900 208
13905 209
13910 210
13915 211
13920 212
13925 213
13930 214
13935 214
13940 215
13945 216
13950 217
13955 217
13960 218
13965 218
13970 219
13975 220
13980 220
13985 222
13990 222
13995 224
14000 224
14005 226
14010 226
14015 228
14020 228
14025 230
14030 230
14035 232
14040 233
14045 234
14050 236
14055 237
14060 238
14065 239
14070 241
14075 242
14080 244
14085 245
14090 246
14095 248
14100 249
14105 251
14110 252
14115 254
14120 255
14125 256
14130 257
14135 259
14140 260
14145 262
14150 263
14155 265
14160 266
14165 268
14170 270
14175 271
14180 273
14185 274
14190 275
14195 277
14200 278
14205 279
14210 281
14215 282
14220 284
14225 286
14230 287
14235 289
14240 290
14245 292
14250 293
14255 294
14260 295
14265 296
14270 297
14275 298
14280 299
14285 300
14290 301
14295 302
14300 304
14305 305
14310 306
14315 307
14320 308
14325 309
14330 310
14335 312
14340 313
14345 314
14350 316
14355 317
14360 318
14365 320
14370 321
14375 322
14380 323
14385 324
14390 326
14395 327
14400 328
14405 330
14410 330
14415 332
14420 333
14425 334
14430 335
14435 336
14440 337
14445 338
14450 340
14455 341
14460 342
14465 343
14470 345
14475 346
14480 347
14485 348
14490 349
14495 350
14500 351
14505 352
14510 352
14515 353
14520 354
14525 355
14530 356
14535 357
14540 358
14545 358
14550 359
14555 359
14560 360
14565 360
14570 361
14575 361
14580 362
14585 363
14590 363
14595 364
14600 365
14605 366
14610 366
14615 367
14620 368
14625 368
14630 369
14635 370
14640 370
14645 370
14650 370
14655 371
14660 372
14665 372
14670 372
14675 373
14680 373
14685 374
14690 374
14695 375
14700 375
14705 376
14710 376
14715 377
14720 377
14725 378
14730 378
14735 378
14740 379
14745 379
14750 380
14755 380
14760 380
14765 381
14770 381
14775 382
14780 382
14785 383
14790 384
14795 384
14800 385
14805 386
14810 387
14815 388
14820 388
14825 389
14830 390
14835 391
14840 392
14845 392
14850 393
14855 394
14860 395
14865 396
14870 397
14875 398
14880 399
14885 399
14890 400
14895 401
14900 402
14905 403
14910 403
14915 404
14920 405
14925 405
14930 406
14935 406
14940 407
14945 408
14950 408
14955 409
14960 409
14965 410
14970 411
14975 412
14980 412
14985 413
14990 414
14995 414
15000 415
15005 416
15010 417
15015 417
15020 418
15025 418
15030 419
15035 420
15040 420
15045 421
15050 422
15055 422
15060 423
15065 423
15070 424
15075 424
15080 424
15085 425
15090 425
15095 426
15100 426
15105 427
15110 427
15115 428
15120 429
15125 429
15130 430
15135 430
15140 431
15145 431
15150 432
15155 432
15160 433
15165 433
15170 434
15175 434
15180 434
15185 435
15190 435
15195 435
15200 435
15205 436
15210 436
15215 436
15220 436
15225 437
15230 437
15235 438
15240 438
15245 439
15250 439
15255 440
15260 440
15265 441
15270 442
15275 442
15280 443
15285 443
15290 444
15295 444
15300 445
15305 445
15310 446
15315 446
15320 447
15325 447
15330 447
15335 448
15340 448
15345 449
15350 449
15355 449
15360 450
15365 450
15370 451
15375 451
15380 452
15385 452
15390 452
15395 453
15400 453
15405 454
15410 454
15415 454
15420 455
15425 455
15430 456
15435 456
15440 456
15445 457
15450 457
15455 457
15460 458
15465 458
15470 458
15475 458
15480 459
15485 459
15490 459
15495 460
15500 460
15505 460
15510 460
15515 461
15520 461
15525 461
15530 461
15535 462
15540 462
15545 462
15550 462
15555 462
15560 462
15565 462
15570 462
15575 462
15580 463
15585 463
15590 463
15595 463
15600 463
15605 463
15610 463
15615 463
15620 463
15625 464
15630 464
15635 464
15640 464
15645 464
15650 464
15655 464
15660 464
15665 464
15670 464
15675 464
15680 464
15685 464
15690 464
15695 464
15700 464
15705 464
15710 464
15715 464
15720 464
15725 464
15730 464
15735 464
15740 464
15745 464
15750 464
15755 464
15760 464
15765 464
15770 464
15775 464
15780 464
15785 464
15790 464
15795 464
15800 464
15805 464
15810 464
15815 464
15820 463
15825 463
15830 463
15835 463
15840 463
15845 463
15850 463
15855 463
15860 463
15865 463
15870 463
15875 463
15880 463
15885 463
15890 463
15895 463
15900 463
15905 462
15910 462
15915 462
15920 462
15925 462
15930 462
15935 461
15940 461
15945 461
15950 461
15955 460
15960 460
15965 460
15970 460
15975 460
15980 460
15985 460
15990 459
15995 459
16000 459
16005 459
16010 459
16015 459
16020 459
16025 459
16030 458
16035 458
16040 458
16045 458
16050 458
16055 458
16060 457
16065 457
16070 457
16075 456
16080 456
16085 456
16090 455
16095 455
16100 454
16105 454
16110 454
16115 453
16120 453
16125 452
16130 452
16135 452
16140 451
16145 451
16150 450
16155 450
16160 450
16165 449
16170 449
16175 449
16180 449
16185 448
16190 448
16195 448
16200 448
16205 447
16210 447
16215 446
16220 446
16225 446
16230 445
16235 445
16240 444
16245 444
16250 444
16255 443
16260 443
16265 442
16270 442
16275 442
16280 441
16285 441
16290 440
16295 440
16300 440
16305 440
16310 440
16315 439
16320 439
16325 439
16330 438
16335 438
16340 438
16345 438
16350 437
16355 437
16360 436
16365 436
16370 436
16375 435
16380 435
16385 435
16390 434
16395 434
16400 433
16405 433
16410 432
16415 432
16420 431
16425 430
16430 430
16435 429
16440 429
16445 428
16450 427
16455 427
16460 426
16465 426
16470 425
16475 425
16480 424
16485 424
16490 424
16495 423
16500 423
16505 422
16510 422
16515 422
16520 421
16525 421
16530 421
16535 420
16540 420
16545 420
16550 420
16555 419
16560 419
16565 418
16570 418
16575 417
16580 416
16585 416
16590 415
16595 414
16600 414
16605 413
16610 412
16615 412
16620 411
16625 411
16630 410
16635 409
16640 409
16645 408
16650 408
16655 407
16660 407
16665 406
16670 406
16675 405
16680 405
16685 404
16690 404
16695 403
16700 402
16705 402
16710 401
16715 401
16720 400
16725 400
16730 399
16735 399
16740 398
16745 398
16750 397
16755 396
16760 396
16765 395
16770 395
16775 394
16780 394
16785 393
16790 392
16795 391
16800 390
16805 389
16810 388
16815 388
16820 387
16825 386
16830 386
16835 384
16840 384
16845 383
16850 382
16855 381
16860 380
16865 379
16870 378
16875 377
16880 376
16885 375
16890 374
16895 373
16900 372
16905 371
16910 370
16915 369
16920 368
16925 367
16930 366
16935 365
16940 364
16945 363
16950 362
16955 361
16960 360
16965 359
16970 358
16975 358
16980 357
16985 356
16990 355
16995 354
17000 354
17005 353
17010 352
17015 352
17020 351
17025 350
17030 349
17035 348
17040 347
17045 346
17050 345
17055 344
17060 343
17065 342
17070 341
17075 340
17080 339
17085 338
17090 337
17095 336
17100 334
17105 333
17110 332
17115 330
17120 329
17125 328
17130 328
17135 327
17140 325
17145 325
17150 324
17155 323
17160 322
17165 321
17170 320
17175 320
17180 319
17185 318
17190 317
17195 316
17200 315
17205 314
17210 313
17215 312
17220 311
17225 310
17230 309
17235 309
17240 308
17245 307
17250 307
17255 306
17260 305
17265 304
17270 303
17275 302
17280 301
17285 301
17290 300
17295 299
17300 298
17305 298
17310 297
17315 297
17320 296
17325 296
17330 296
17335 295
17340 295
17345 294
17350 294
17355 294
17360 294
17365 293
17370 293
17375 293
17380 292
17385 291
17390 291
17395 290
17400 289
17405 288
17410 287
17415 286
17420 285
17425 284
17430 284
17435 283
17440 282
17445 281
17450 280
17455 280
17460 279
17465 278
17470 278
17475 277
17480 276
17485 276
17490 275
17495 274
17500 273
17505 272
17510 271
17515 270
17520 269
17525 268
17530 267
17535 266
17540 265
17545 264
17550 262
17555 261
17560 259
17565 258
17570 257
17575 256
17580 255
17585 254
17590 253
17595 252
17600 252
17605 251
17610 250
17615 250
17620 249
17625 248
17630 248
17635 247
17640 246
17645 246
17650 245
17655 245
17660 244
17665 243
17670 243
17675 242
17680 242
17685 242
17690 241
17695 240
17700 240
17705 240
17710 239
17715 239
17720 239
17725 238
17730 238
17735 238
17740 237
17745 236
17750 236
17755 235
17760 234
17765 232
17770 231
17775 230
17780 229
17785 228
17790 226
17795 225
17800 224
17805 223
17810 222
17815 221
17820 220
17825 218
17830 217
17835 216
17840 215
17845 214
17850 213
17855 212
17860 212
17865 211
17870 210
17875 209
17880 208
17885 207
17890 205
17895 204
17900 203
17905 202
17910 201
17915 200
17920 199
17925 198
17930 197
17935 196
17940 195
17945 194
17950 193
17955 192
17960 192
17965 191
17970 190
17975 190
17980 189
17985 188
17990 188
17995 187
18000 186
18005 186
18010 185
18015 184
18020 184
18025 183
18030 183
18035 182
18040 181
18045 181
18050 180
18055 180
18060 179
18065 178
18070 178
18075 177
18080 176
18085 176
18090 175
18095 174
18100 174
18105 174
18110 173
18115 172
18120 172
18125 172
18130 172
18135 171
18140 171
18145 170
18150 169
18155 169
18160 168
18165 168
18170 167
18175 166
18180 165
18185 165
18190 164
18195 163
18200 163
18205 162
18210 161
18215 161
18220 160
18225 160
18230 159
18235 158
18240 158
18245 157
18250 156
18255 156
18260 156
18265 155
18270 154
18275 154
18280 154
18285 153
18290 153
18295 152
18300 152
18305 152
18310 151
18315 151
18320 150
18325 150
18330 150
18335 150
18340 149
18345 149
18350 149
18355 148
18360 148
18365 148
18370 148
18375 147
18380 147
18385 146
18390 146
18395 146
18400 145
18405 145
18410 144
18415 144
18420 144
18425 143
18430 143
18435 143
18440 142
18445 142
18450 142
18455 142
18460 141
18465 141
18470 141
18475 140
18480 140
18485 140
18490 140
18495 139
18500 139
18505 139
18510 138
18515 138
18520 138
18525 138
18530 137
18535 137
18540 137
18545 136
18550 136
18555 136
18560 136
18565 135
18570 135
18575 135
18580 135
18585 134
18590 134
18595 134
18600 134
18605 133
18610 133
18615 132
18620 132
18625 132
18630 132
18635 132
18640 132
18645 131
18650 131
18655 131
18660 131
18665 131
18670 131
18675 131
18680 130
18685 130
18690 130
18695 130
18700 130
18705 130
18710 130
18715 130
18720 130
18725 130
18730 129
18735 129
18740 129
18745 129
18750 129
18755 129
18760 129
18765 128
18770 128
18775 128
18780 128
18785 128
18790 128
18795 128
18800 128
18805 128
18810 128
18815 128
18820 128
18825 128
18830 128
18835 128
18840 127
18845 127
18850 127
18855 127
18860 127
18865 127
18870 127
18875 127
18880 127
18885 127
18890 127
18895 127
18900 127
18905 128
18910 128
18915 128
18920 128
18925 128
18930 128
18935 128
18940 128
18945 128
18950 128
18955 128
18960 128
18965 128
18970 128
18975 128
18980 128
18985 128
18990 128
18995 128
19000 128
19005 128
19010 128
19015 128
19020 128
19025 128
19030 128
19035 128
19040 128
19045 128
19050 128
19055 129
19060 129
19065 129
19070 129
19075 129
19080 129
19085 129
19090 129
19095 129
19100 129
19105 129
19110 130
19115 130
19120 130
19125 130
19130 130
19135 131
19140 131
19145 132
19150 132
19155 132
19160 132
19165 133
19170 133
19175 133
19180 134
19185 134
19190 134
19195 135
19200 135
19205 135
19210 136
19215 136
19220 136
19225 136
19230 136
19235 137
19240 137
19245 137
19250 138
19255 138
19260 138
19265 139
19270 139
19275 139
19280 140
19285 140
19290 140
19295 141
19300 141
19305 142
19310 142
19315 143
19320 143
19325 144
19330 144
19335 144
19340 145
19345 145
19350 146
19355 146
19360 146
19365 147
19370 147
19375 147
19380 147
19385 148
19390 148
19395 148
19400 148
19405 149
19410 149
19415 149
19420 149
19425 150
19430 150
19435 150
19440 151
19445 151
19450 151
19455 152
19460 152
19465 153
19470 154
19475 154
19480 155
19485 155
19490 156
19495 156
19500 157
19505 157
19510 158
19515 158
19520 159
19525 159
19530 160
19535 160
19540 161
19545 162
19550 162
19555 163
19560 164
19565 164
19570 165
19575 166
19580 166
19585 167
19590 167
19595 168
19600 168
19605 169
19610 169
19615 170
19620 171
19625 171
19630 172
19635 173
19640 174
19645 174
19650 175
19655 176
19660 176
19665 177
19670 178
19675 178
19680 178
19685 179
19690 180
19695 180
19700 181
19705 181
19710 182
19715 182
19720 183
19725 183
19730 184
19735 184
19740 185
19745 186
19750 187
19755 187
19760 188
19765 188
19770 189
19775 190
19780 191
19785 192
19790 192
19795 193
19800 193
19805 194
19810 195
19815 196
19820 197
19825 198
19830 199
19835 200
19840 202
19845 203
19850 204
19855 205
19860 206
19865 207
19870 208
19875 208
19880 209
19885 210
19890 211
19895 212
19900 213
19905 214
19910 214
19915 216
19920 217
19925 218
19930 219
19935 220
19940 220
19945 221
19950 222
19955 223
19960 224
19965 225
19970 226
19975 227
19980 227
19985 228
19990 228
19995 229
20000 229
20005 230
20010 230
20015 230
20020 231
20025 232
20030 232
20035 233
20040 234
20045 235
20050 235
20055 236
20060 237
20065 238
20070 238
20075 239
20080 240
20085 240
20090 241
20095 242
20100 242
20105 243
20110 244
20115 244
20120 245
20125 246
20130 246
20135 248
20140 248
20145 249
20150 250
20155 251
20160 252
20165 252
20170 253
20175 254
20180 254
20185 255
20190 256
20195 257
20200 258
20205 258
20210 259
20215 260
20220 260
20225 261
20230 262
20235 263
20240 264
20245 264
20250 265
20255 265
20260 266
20265 266
20270 267
20275 267
20280 268
20285 268
20290 269
20295 270
20300 270
20305 271
20310 272
20315 273
20320 273
20325 274
20330 274
20335 275
20340 276
20345 277
20350 278
20355 278
20360 279
20365 280
20370 281
20375 282
20380 283
20385 284
20390 284
20395 285
20400 286
20405 286
20410 287
20415 287
20420 288
20425 288
20430 289
20435 290
20440 291
20445 292
20450 294
20455 295
20460 296
20465 298
20470 299
20475 300
20480 302
20485 303
20490 305
20495 306
20500 308
20505 310
20510 311
20515 313
20520 314
20525 316
20530 318
20535 320
20540 322
20545 324
20550 325
20555 327
20560 328
20565 330
20570 331
20575 332
20580 334
20585 334
20590 336
20595 337
20600 338
20605 338
20610 339
20615 340
20620 341
20625 342
20630 343
20635 344
20640 345
20645 346
20650 348
20655 349
20660 351
20665 352
20670 353
20675 354
20680 355
20685 357
20690 358
20695 359
20700 360
20705 361
20710 362
20715 364
20720 365
20725 367
20730 368
20735 370
20740 371
20745 372
20750 374
20755 375
20760 376
20765 378
20770 379
20775 380
20780 381
20785 382
20790 384
20795 385
20800 386
20805 387
20810 388
20815 389
20820 390
20825 391
20830 392
20835 392
20840 393
20845 394
20850 394
20855 395
20860 396
20865 396
20870 396
20875 397
20880 398
20885 398
20890 399
20895 399
20900 400
20905 400
20910 401
20915 402
20920 402
20925 403
20930 404
20935 404
20940 405
20945 405
20950 406
20955 407
20960 408
20965 408
20970 409
20975 410
20980 411
20985 412
20990 413
20995 414
21000 415
21005 416
21010 417
21015 418
21020 419
21025 420
21030 420
21035 421
21040 422
21045 423
21050 423
21055 424
21060 425
21065 426
21070 427
21075 428
21080 428
21085 429
21090 430
21095 430
21100 431
21105 432
21110 432
21115 432
21120 433
21125 434
21130 434
21135 435
21140 436
21145 436
21150 437
21155 438
21160 438
21165 439
21170 439
21175 440
21180 440
21185 441
21190 441
21195 442
21200 442
21205 443
21210 443
21215 444
21220 444
21225 445
21230 446
21235 446
21240 446
21245 447
21250 448
21255 448
21260 449
21265 449
21270 450
21275 450
21280 451
21285 452
21290 453
21295 453
21300 454
21305 455
21310 456
21315 456
21320 457
21325 457
21330 458
21335 459
21340 460
21345 460
21350 461
21355 462
21360 462
21365 463
21370 464
21375 465
21380 466
21385 466
21390 467
21395 468
21400 468
21405 468
21410 469
21415 470
21420 470
21425 470
21430 471
21435 472
21440 472
21445 473
21450 473
21455 474
21460 474
21465 474
21470 475
21475 476
21480 477
21485 477
21490 478
21495 478
21500 479
21505 480
21510 480
21515 481
21520 481
21525 482
21530 482
21535 482
21540 483
21545 484
21550 484
21555 485
21560 485
21565 486
21570 486
21575 487
21580 487
21585 488
21590 488
21595 489
21600 489
21605 490
21610 490
21615 490
21620 491
21625 491
21630 491
21635 491
21640 492
21645 492
21650 492
21655 492
21660 492
21665 492
21670 493
21675 493
21680 493
21685 493
21690 494
21695 494
21700 494
21705 494
21710 495
21715 495
21720 495
21725 495
21730 496
21735 496
21740 496
21745 496
21750 496
21755 496
21760 497
21765 497
21770 497
21775 498
21780 498
21785 498
21790 498
21795 499
21800 499
21805 499
21810 499
21815 500
21820 500
21825 500
21830 500
21835 500
21840 500
21845 500
21850 501
21855 501
21860 501
21865 501
21870 501
21875 502
21880 502
21885 502
21890 502
21895 502
21900 502
21905 502
21910 502
21915 502
21920 502
21925 502
21930 502
21935 502
21940 502
21945 502
21950 502
21955 502
21960 502
21965 502
21970 502
21975 502
21980 502
21985 502
21990 502
21995 502
22000 502
22005 502
22010 502
22015 502
22020 502
22025 502
22030 502
22035 502
22040 502
22045 502
22050 502
22055 502
22060 502
22065 502
22070 502
22075 502
22080 502
22085 502
22090 502
22095 502
22100 502
22105 502
22110 502
22115 502
22120 502
22125 502
22130 502
22135 502
22140 502
22145 502
22150 502
22155 502
22160 502
22165 502
22170 502
22175 502
22180 502
22185 502
22190 502
22195 502
22200 502
22205 502
22210 502
22215 501
22220 501
22225 501
22230 501
22235 501
22240 500
22245 500
22250 500
22255 500
22260 500
22265 499
22270 499
22275 499
22280 499
22285 498
22290 498
22295 498
22300 498
22305 498
22310 497
22315 497
22320 497
22325 497
22330 496
22335 496
22340 496
22345 496
22350 496
22355 496
22360 495
22365 495
22370 495
22375 494
22380 494
22385 494
22390 493
22395 493
22400 492
22405 492
22410 492
22415 491
22420 491
22425 490
22430 490
22435 490
22440 489
22445 489
22450 489
22455 488
22460 488
22465 488
22470 488
22475 487
22480 487
22485 486
22490 486
22495 486
22500 485
22505 484
22510 484
22515 484
22520 483
22525 482
22530 482
22535 481
22540 481
22545 480
22550 479
22555 478
22560 478
22565 477
22570 476
22575 476
22580 476
22585 475
22590 474
22595 474
22600 473
22605 473
22610 472
22615 472
22620 471
22625 470
22630 470
22635 469
22640 468
22645 468
22650 467
22655 466
22660 465
22665 464
22670 464
22675 462
22680 462
22685 461
22690 460
22695 459
22700 459
22705 458
22710 458
22715 457
22720 457
22725 456
22730 456
22735 456
22740 455
22745 455
22750 454
22755 454
22760 453
22765 452
22770 452
22775 451
22780 450
22785 450
22790 449
22795 448
22800 448
22805 447
22810 446
22815 446
22820 445
22825 444
22830 444
22835 443
22840 443
22845 442
22850 442
22855 441
22860 440
22865 439
22870 438
22875 437
22880 436
22885 436
22890 435
22895 434
22900 433
22905 432
22910 432
22915 431
22920 430
22925 430
22930 429
22935 429
22940 428
22945 428
22950 428
22955 427
22960 427
22965 426
22970 425
22975 424
22980 423
22985 422
22990 422
22995 420
23000 420
23005 418
23010 418
23015 417
23020 416
23025 414
23030 413
23035 412
23040 411
23045 409
23050 407
23055 406
23060 404
23065 403
23070 402
23075 400
23080 399
23085 397
23090 396
23095 395
23100 394
23105 392
23110 391
23115 390
23120 389
23125 388
23130 387
23135 386
23140 385
23145 384
23150 382
23155 381
23160 380
23165 380
23170 378
23175 378
23180 377
23185 376
23190 375
23195 374
23200 373
23205 372
23210 372
23215 371
23220 370
23225 370
23230 369
23235 368
23240 368
23245 367
23250 366
23255 365
23260 364
23265 364
23270 363
23275 362
23280 361
23285 361
23290 360
23295 360
23300 359
23305 358
23310 357
23315 357
23320 356
23325 355
23330 355
23335 354
23340 353
23345 352
23350 352
23355 351
23360 350
23365 349
23370 348
23375 347
23380 346
23385 346
23390 345
23395 344
23400 344
23405 343
23410 342
23415 341
23420 340
23425 338
23430 337
23435 335
23440 334
23445 333
23450 332
23455 330
23460 330
23465 328
23470 328
23475 327
23480 326
23485 325
23490 324
23495 323
23500 322
23505 321
23510 320
23515 319
23520 318
23525 318
23530 317
23535 316
23540 315
23545 314
23550 314
23555 313
23560 312
23565 312
23570 311
23575 311
23580 310
23585 310
23590 309
23595 308
23600 307
23605 307
23610 306
23615 305
23620 304
23625 303
23630 302
23635 301
23640 301
23645 300
23650 299
23655 298
23660 298
23665 297
23670 296
23675 296
23680 295
23685 294
23690 293
23695 292
23700 292
23705 290
23710 290
23715 288
23720 288
23725 287
23730 286
23735 284
23740 284
23745 283
23750 282
23755 281
23760 280
23765 279
23770 278
23775 277
23780 276
23785 276
23790 275
23795 274
23800 274
23805 273
23810 272
23815 272
23820 271
23825 271
23830 270
23835 270
23840 269
23845 268
23850 267
23855 266
23860 266
23865 265
23870 264
23875 263
23880 262
23885 261
23890 260
23895 260
23900 259
23905 258
23910 258
23915 257
23920 256
23925 256
23930 255
23935 254
23940 254
23945 253
23950 252
23955 251
23960 250
23965 250
23970 249
23975 248
23980 248
23985 247
23990 246
23995 245
24000 245
24005 244
24010 244
24015 243
24020 242
24025 242
24030 241
24035 241
24040 240
24045 239
24050 238
24055 238
24060 237
24065 237
24070 236
24075 235
24080 234
24085 233
24090 232
24095 231
24100 230
24105 229
24110 228
24115 227
24120 226
24125 224
24130 224
24135 222
24140 221
24145 221
24150 220
24155 219
24160 218
24165 218
24170 217
24175 216
24180 215
24185 215
24190 214
24195 214
24200 213
24205 212
24210 211
24215 211
24220 210
24225 209
24230 208
24235 208
24240 207
24245 206
24250 205
24255 204
24260 203
24265 202
24270 201
24275 200
24280 199
24285 198
24290 197
24295 196
24300 195
24305 194
24310 192
24315 192
24320 190
24325 189
24330 188
24335 187
24340 186
24345 185
24350 184
24355 184
24360 183
24365 182
24370 182
24375 181
24380 180
24385 179
24390 179
24395 178
24400 177
24405 176
24410 176
24415 175
24420 174
24425 173
24430 172
24435 171
24440 170
24445 169
24450 168
24455 167
24460 166
24465 165
24470 164
24475 164
24480 163
24485 162
24490 162
24495 161
24500 161
24505 160
24510 160
24515 159
24520 159
24525 159
24530 158
24535 158
24540 157
24545 157
24550 156
24555 156
24560 155
24565 155
24570 154
24575 154
24580 153
24585 153
24590 152
24595 152
24600 151
24605 150
24610 150
24615 149
24620 148
24625 148
24630 147
24635 147
24640 146
24645 146
24650 145
24655 144
24660 144
24665 143
24670 143
24675 142
24680 142
24685 141
24690 140
24695 139
24700 139
24705 138
24710 138
24715 137
24720 137
24725 136
24730 136
24735 135
24740 134
24745 134
24750 133
24755 133
24760 132
24765 132
24770 131
24775 131
24780 131
24785 130
24790 130
24795 130
24800 129
24805 129
24810 128
24815 128
24820 128
24825 128
24830 127
24835 127
24840 126
24845 126
24850 126
24855 126
24860 125
24865 125
24870 125
24875 124
24880 124
24885 124
24890 124
24895 123
24900 123
24905 123
24910 123
24915 122
24920 122
24925 122
24930 122
24935 122
24940 122
24945 122
24950 121
24955 121
24960 121
24965 121
24970 121
24975 121
24980 121
24985 121
24990 121
24995 120
25000 120
25005 120
25010 120
25015 120
25020 120
25025 120
25030 120
25035 120
25040 120
25045 120
25050 120
25055 120
25060 119
25065 119
25070 119
25075 119
25080 119
25085 119
25090 119
25095 119
25100 119
25105 119
25110 119
25115 119
25120 119
25125 119
25130 120
25135 120
25140 120
25145 120
25150 120
25155 120
25160 120
25165 120
25170 120
25175 120
25180 120
25185 120
25190 120
25195 120
25200 120
25205 120
25210 120
25215 120
25220 120
25225 120
25230 120
25235 120
25240 120
25245 120
25250 120
25255 120
25260 120
25265 120
25270 120
25275 120
25280 120
25285 120
25290 120
25295 120
25300 121
25305 121
25310 121
25315 121
25320 122
25325 122
25330 122
25335 122
25340 122
25345 122
25350 122
25355 123
25360 123
25365 123
25370 123
25375 123
25380 123
25385 124
25390 124
25395 124
25400 124
25405 124
25410 124
25415 124
25420 124
25425 125
25430 125
25435 125
25440 125
25445 126
25450 126
25455 126
25460 126
25465 126
25470 127
25475 127
25480 127
25485 128
25490 128
25495 128
25500 128
25505 129
25510 129
25515 129
25520 130
25525 130
25530 130
25535 130
25540 131
25545 131
25550 131
25555 132
25560 132
25565 132
25570 132
25575 133
25580 133
25585 133
25590 134
25595 134
25600 134
25605 134
25610 135
25615 135
25620 135
25625 136
25630 136
25635 136
25640 137
25645 137
25650 138
25655 138
25660 139
25665 140
25670 140
25675 140
25680 141
25685 141
25690 141
25695 142
25700 142
25705 142
25710 143
25715 143
25720 144
25725 145
25730 145
25735 146
25740 147
25745 147
25750 148
25755 149
25760 150
25765 150
25770 151
25775 152
25780 153
25785 154
25790 155
25795 156
25800 158
25805 158
25810 159
25815 160
25820 161
25825 162
25830 163
25835 164
25840 165
25845 166
25850 167
25855 168
25860 169
25865 169
25870 170
25875 170
25880 171
25885 172
25890 172
25895 173
25900 173
25905 174
25910 174
25915 175
25920 176
25925 177
25930 178
25935 178
25940 179
25945 180
25950 181
25955 182
25960 182
25965 183
25970 184
25975 185
25980 186
25985 187
25990 188
25995 189
26000 190
26005 191
26010 192
26015 192
26020 193
26025 194
26030 195
26035 196
26040 197
26045 198
26050 199
26055 200
26060 200
26065 201
26070 202
26075 204
26080 204
26085 206
26090 207
26095 208
26100 208
26105 209
26110 210
26115 211
26120 212
26125 212
26130 213
26135 214
26140 215
26145 216
26150 216
26155 217
26160 218
26165 219
26170 220
26175 221
26180 222
26185 223
26190 225
26195 226
26200 227
26205 228
26210 229
26215 231
26220 232
26225 233
26230 234
26235 236
26240 237
26245 238
26250 239
26255 240
26260 241
26265 242
26270 242
26275 243
26280 244
26285 244
26290 245
26295 246
26300 246
26305 247
26310 247
26315 248
26320 248
26325 249
26330 250
26335 250
26340 251
26345 252
26350 252
26355 253
26360 253
26365 254
26370 254
26375 255
26380 255
26385 256
26390 256
26395 256
26400 257
26405 257
26410 258
26415 258
26420 258
26425 259
26430 259
26435 260
26440 261
26445 262
26450 262
26455 264
26460 264
26465 266
26470 267
26475 268
26480 269
26485 270
26490 270
26495 271
26500 272
26505 273
26510 274
26515 275
26520 276
26525 278
26530 279
26535 280
26540 281
26545 283
26550 284
26555 285
26560 286
26565 287
26570 288
26575 290
26580 291
26585 292
26590 292
26595 293
26600 294
26605 294
26610 295
26615 296
26620 296
26625 297
26630 298
26635 299
26640 300
26645 300
26650 301
26655 301
26660 302
26665 303
26670 303
26675 304
26680 305
26685 306
26690 306
26695 307
26700 308
26705 308
26710 309
26715 310
26720 311
26725 312
26730 314
26735 314
26740 316
26745 317
26750 318
26755 319
26760 320
26765 321
26770 322
26775 323
26780 324
26785 325
26790 326
26795 327
26800 328
26805 329
26810 330
26815 330
26820 332
26825 332
26830 333
26835 334
26840 334
26845 335
26850 336
26855 337
26860 338
26865 338
26870 339
26875 340
26880 342
26885 343
26890 344
26895 345
26900 346
26905 347
26910 348
26915 349
26920 350
26925 351
26930 351
26935 352
26940 353
26945 354
26950 355
26955 355
26960 356
26965 357
26970 357
26975 358
26980 358
26985 359
26990 359
26995 360
27000 361
27005 361
27010 362
27015 363
27020 364
27025 365
27030 366
27035 367
27040 368
27045 369
27050 369
27055 370
27060 371
27065 371
27070 372
27075 372
27080 373
27085 374
27090 374
27095 375
27100 376
27105 376
27110 377
27115 378
27120 380
27125 381
27130 382
27135 383
27140 385
27145 386
27150 387
27155 389
27160 390
27165 391
27170 392
27175 393
27180 394
27185 395
27190 396
27195 397
27200 397
27205 398
27210 399
27215 400
27220 400
27225 401
27230 402
27235 402
27240 403
27245 404
27250 405
27255 406
27260 406
27265 408
27270 408
27275 409
27280 410
27285 411
27290 412
27295 413
27300 414
27305 415
27310 416
27315 416
27320 417
27325 418
27330 419
27335 420
27340 421
27345 421
27350 422
27355 423
27360 424
27365 425
27370 426
27375 427
27380 428
27385 429
27390 430
27395 431
27400 432
27405 434
27410 435
27415 436
27420 437
27425 438
27430 439
27435 440
27440 441
27445 442
27450 443
27455 444
27460 445
27465 446
27470 447
27475 448
27480 448
27485 449
27490 450
27495 451
27500 452
27505 453
27510 454
27515 456
27520 457
27525 458
27530 459
27535 461
27540 462
27545 463
27550 464
27555 464
27560 465
27565 466
27570 467
27575 467
27580 468
27585 469
27590 469
27595 470
27600 471
27605 471
27610 472
27615 472
27620 473
27625 473
27630 474
27635 474
27640 475
27645 476
27650 476
27655 476
27660 477
27665 478
27670 478
27675 479
27680 479
27685 480
27690 480
27695 481
27700 481
27705 482
27710 482
27715 483
27720 484
27725 484
27730 485
27735 486
27740 486
27745 487
27750 487
27755 488
27760 488
27765 489
27770 490
27775 490
27780 491
27785 491
27790 492
27795 492
27800 493
27805 493
27810 494
27815 494
27820 495
27825 496
27830 496
27835 496
27840 497
27845 498
27850 498
27855 498
27860 499
27865 499
27870 499
27875 500
27880 500
27885 500
27890 501
27895 502
27900 502
27905 503
27910 503
27915 504
27920 504
27925 505
27930 505
27935 506
27940 506
27945 506
27950 507
27955 507
27960 508
27965 508
27970 508
27975 509
27980 509
27985 509
27990 509
27995 509
28000 510
28005 510
28010 510
28015 510
28020 511
28025 511
28030 511
28035 512
28040 512
28045 512
28050 513
28055 513
28060 513
28065 513
28070 514
28075 514
28080 514
28085 514
28090 514
28095 514
28100 514
28105 514
28110 514
28115 514
28120 515
28125 515
28130 515
28135 515
28140 515
28145 515
28150 515
28155 515
28160 515
28165 515
28170 516
28175 516
28180 516
28185 516
28190 516
28195 516
28200 516
28205 516
28210 516
28215 516
28220 516
28225 516
28230 516
28235 516
28240 516
28245 516
28250 516
28255 516
28260 516
28265 516
28270 516
28275 516
28280 516
28285 516
28290 516
28295 516
28300 516
28305 516
28310 516
28315 516
28320 516
28325 516
28330 516
28335 516
28340 516
28345 516
28350 516
28355 516
28360 516
28365 516
28370 516
28375 516
28380 516
28385 516
28390 516
28395 516
28400 515
28405 515
28410 515
28415 515
28420 515
28425 515
28430 515
28435 515
28440 515
28445 515
28450 514
28455 514
28460 514
28465 514
28470 514
28475 514
28480 514
28485 514
28490 514
28495 513
28500 513
28505 513
28510 513
28515 513
28520 512
28525 512
28530 512
28535 512
28540 512
28545 512
28550 512
28555 512
28560 512
28565 512
28570 512
28575 512
28580 512
28585 511
28590 511
28595 511
28600 511
28605 510
28610 510
28615 510
28620 510
28625 510
28630 510
28635 509
28640 509
28645 509
28650 508
28655 508
28660 508
28665 508
28670 508
28675 508
28680 508
28685 508
28690 507
28695 507
28700 507
28705 506
28710 506
28715 506
28720 506
28725 506
28730 505
28735 505
28740 505
28745 504
28750 504
28755 504
28760 504
28765 503
28770 503
28775 503
28780 502
28785 502
28790 501
28795 501
28800 500
28805 500
28810 500
28815 499
28820 499
28825 499
28830 498
28835 498
28840 498
28845 498
28850 497
28855 497
28860 497
28865 497
28870 496
28875 496
28880 496
28885 496
28890 496
28895 495
28900 495
28905 495
28910 494
28915 494
28920 494
28925 494
28930 493
28935 493
28940 493
28945 492
28950 492
28955 491
28960 491
28965 490
28970 490
28975 489
28980 488
28985 488
28990 488
28995 487
29000 486
29005 486
29010 485
29015 485
29020 484
29025 483
29030 482
29035 482
29040 481
29045 481
29050 480
29055 480
29060 478
29065 478
29070 477
29075 476
29080 476
29085 475
29090 474
29095 474
29100 474
29105 473
29110 472
29115 472
29120 471
29125 471
29130 470
29135 469
29140 469
29145 468
29150 468
29155 467
29160 466
29165 465
29170 465
29175 464
29180 463
29185 462
29190 462
29195 461
29200 460
29205 459
29210 458
29215 457
29220 456
29225 456
29230 454
29235 454
29240 453
29245 452
29250 451
29255 450
29260 449
29265 448
29270 448
29275 446
29280 446
29285 444
29290 444
29295 442
29300 441
29305 440
29310 440
29315 438
29320 438
29325 437
29330 436
29335 435
29340 434
29345 433
29350 432
29355 431
29360 430
29365 430
29370 429
29375 428
29380 428
29385 427
29390 426
29395 425
29400 424
29405 424
29410 423
29415 422
29420 422
29425 421
29430 420
29435 419
29440 418
29445 417
29450 416
29455 416
29460 415
29465 414
29470 413
29475 412
29480 412
29485 410
29490 410
29495 409
29500 408
29505 407
29510 407
29515 406
29520 405
29525 405
29530 404
29535 403
29540 402
29545 402
29550 401
29555 400
29560 399
29565 399
29570 398
29575 397
29580 396
29585 396
29590 395
29595 394
29600 393
29605 392
29610 392
29615 391
29620 390
29625 390
29630 389
29635 389
29640 388
29645 388
29650 387
29655 386
29660 385
29665 385
29670 384
29675 383
29680 383
29685 382
29690 382
29695 381
29700 380
29705 380
29710 379
29715 379
29720 378
29725 378
29730 377
29735 377
29740 376
29745 376
29750 375
29755 374
29760 374
29765 373
29770 372
29775 372
29780 371
29785 371
29790 370
29795 370
29800 369
29805 368
29810 368
29815 367
29820 366
29825 366
29830 366
29835 365
29840 365
29845 364
29850 364
29855 363
29860 362
29865 361
29870 360
29875 359
29880 358
29885 357
29890 356
29895 354
29900 353
29905 352
29910 351
29915 350
29920 349
29925 348
29930 346
29935 345
29940 343
29945 342
29950 340
29955 339
29960 338
29965 336
29970 335
29975 334
29980 333
29985 332
29990 330
29995 329
