10 0
14 0
18 0
22 0
26 0
30 0
34 0
38 0
42 0
46 0
50 0
54 0
58 0
62 0
66 0
70 1
74 1
78 1
82 1
86 1
90 1
94 1
98 1
102 1
106 1
110 1
114 1
118 1
122 1
126 1
130 1
134 1
138 2
142 2
146 2
150 3
154 3
158 4
162 4
166 4
170 5
174 6
178 6
182 7
186 8
190 9
194 10
198 10
202 11
206 12
210 13
214 14
218 15
222 16
226 18
230 19
234 20
238 21
242 22
246 24
250 25
254 26
258 28
262 29
266 30
270 32
274 33
278 35
282 36
286 38
290 39
294 41
298 42
302 44
306 45
310 47
314 49
318 50
322 52
326 54
330 55
334 57
338 59
342 61
346 62
350 64
354 66
358 68
362 70
366 71
370 73
374 75
378 77
382 79
386 81
390 82
394 84
398 86
402 88
406 90
410 92
414 94
418 96
422 98
426 100
430 102
434 104
438 106
442 108
446 110
450 112
454 114
458 116
462 118
466 120
470 122
474 124
478 126
482 128
486 130
490 132
494 134
498 136
502 138
506 140
510 142
514 144
518 146
522 149
526 151
530 153
534 155
538 157
542 159
546 161
550 163
554 166
558 168
562 170
566 172
570 174
574 176
578 178
582 180
586 183
590 185
594 187
598 189
602 191
606 193
610 196
614 198
618 200
622 202
626 204
630 206
634 208
638 211
642 213
646 215
650 217
654 220
658 222
662 224
666 226
670 228
674 230
678 233
682 235
686 237
690 239
694 242
698 244
702 246
706 248
710 250
714 252
718 255
722 257
726 259
730 261
734 264
738 266
742 268
746 270
750 272
754 275
758 277
762 279
766 281
770 284
774 286
778 288
782 290
786 293
790 295
794 297
798 299
802 302
806 304
810 306
814 308
818 311
822 313
826 315
830 318
834 320
838 322
842 324
846 327
850 329
854 331
858 334
862 336
866 338
870 340
874 343
878 345
882 347
886 350
890 352
894 354
898 356
902 359
906 361
910 363
914 366
918 368
922 370
926 372
930 375
934 377
938 379
942 382
946 384
950 386
954 388
958 391
962 393
966 396
970 398
974 400
978 402
982 405
986 407
990 409
994 412
998 414
1002 416
1006 418
1010 421
1014 423
1018 425
1022 428
1026 430
1030 432
1034 434
1038 437
1042 439
1046 441
1050 444
1054 446
1058 448
1062 450
1066 453
1070 455
1074 457
1078 460
1082 462
1086 464
1090 466
1094 468
1098 471
1102 473
1106 475
1110 478
1114 480
1118 482
1122 485
1126 487
1130 489
1134 492
1138 494
1142 496
1146 498
1150 501
1154 503
1158 505
1162 508
1166 510
1170 512
1174 514
1178 517
1182 519
1186 521
1190 524
1194 526
1198 528
1202 530
1206 533
1210 535
1214 537
1218 540
1222 542
1226 544
1230 546
1234 549
1238 551
1242 553
1246 556
1250 558
1254 560
1258 562
1262 565
1266 567
1270 569
1274 572
1278 574
1282 576
1286 579
1290 581
1294 583
1298 586
1302 588
1306 590
1310 592
1314 594
1318 597
1322 599
1326 601
1330 604
1334 606
1338 608
1342 610
1346 613
1350 615
1354 617
1358 620
1362 622
1366 624
1370 626
1374 629
1378 631
1382 633
1386 636
1390 638
1394 640
1398 642
1402 645
1406 647
1410 649
1414 652
1418 654
1422 656
1426 659
1430 661
1434 663
1438 666
1442 668
1446 670
1450 672
1454 675
1458 677
1462 680
1466 682
1470 684
1474 687
1478 689
1482 691
1486 694
1490 696
1494 698
1498 701
1502 703
1506 705
1510 708
1514 710
1518 712
1522 715
1526 717
1530 719
1534 722
1538 724
1542 726
1546 729
1550 731
1554 733
1558 736
1562 738
1566 740
1570 743
1574 745
1578 747
1582 750
1586 752
1590 754
1594 757
1598 759
1602 761
1606 764
1610 766
1614 768
1618 771
1622 773
1626 775
1630 778
1634 780
1638 782
1642 785
1646 787
1650 789
1654 792
1658 794
1662 796
1666 798
1670 801
1674 803
1678 805
1682 808
1686 810
1690 812
1694 814
1698 817
1702 819
1706 821
1710 824
1714 826
1718 828
1722 830
1726 833
1730 835
1734 837
1738 840
1742 842
1746 844
1750 847
1754 849
1758 851
1762 854
1766 856
1770 858
1774 860
1778 863
1782 865
1786 867
1790 870
1794 872
1798 874
1802 877
1806 879
1810 881
1814 884
1818 886
1822 888
1826 890
1830 893
1834 895
1838 897
1842 900
1846 902
1850 904
1854 906
1858 909
1862 911
1866 913
1870 916
1874 918
1878 920
1882 922
1886 925
1890 927
1894 929
1898 932
1902 934
1906 936
1910 938
1914 941
1918 943
1922 945
1926 948
1930 950
1934 952
1938 954
1942 957
1946 959
1950 962
1954 964
1958 966
1962 968
1966 971
1970 973
1974 975
1978 977
1982 980
1986 982
1990 984
1994 986
1998 989
2002 991
2006 993
2010 996
2014 998
2018 1000
2022 1002
2026 1005
2030 1007
2034 1009
2038 1012
2042 1014
2046 1016
2050 1018
2054 1021
2058 1023
2062 1025
2066 1028
2070 1030
2074 1032
2078 1035
2082 1037
2086 1039
2090 1042
2094 1044
2098 1046
2102 1049
2106 1051
2110 1053
2114 1056
2118 1058
2122 1060
2126 1063
2130 1065
2134 1067
2138 1070
2142 1072
2146 1074
2150 1077
2154 1079
2158 1081
2162 1084
2166 1086
2170 1088
2174 1091
2178 1093
2182 1095
2186 1098
2190 1100
2194 1102
2198 1105
2202 1107
2206 1109
2210 1112
2214 1114
2218 1116
2222 1119
2226 1121
2230 1123
2234 1126
2238 1128
2242 1130
2246 1133
2250 1135
2254 1138
2258 1140
2262 1142
2266 1144
2270 1147
2274 1149
2278 1151
2282 1154
2286 1156
2290 1158
2294 1161
2298 1163
2302 1165
2306 1168
2310 1170
2314 1172
2318 1174
2322 1177
2326 1179
2330 1181
2334 1184
2338 1186
2342 1188
2346 1190
2350 1193
2354 1195
2358 1197
2362 1200
2366 1202
2370 1204
2374 1207
2378 1209
2382 1211
2386 1214
2390 1216
2394 1218
2398 1221
2402 1223
2406 1225
2410 1228
2414 1230
2418 1232
2422 1234
2426 1237
2430 1239
2434 1241
2438 1244
2442 1246
2446 1248
2450 1250
2454 1253
2458 1255
2462 1258
2466 1260
2470 1262
2474 1264
2478 1266
2482 1269
2486 1271
2490 1273
2494 1276
2498 1278
2502 1280
2506 1283
2510 1285
2514 1287
2518 1289
2522 1292
2526 1294
2530 1296
2534 1298
2538 1301
2542 1303
2546 1305
2550 1308
2554 1310
2558 1312
2562 1314
2566 1317
2570 1319
2574 1321
2578 1324
2582 1326
2586 1328
2590 1330
2594 1333
2598 1335
2602 1337
2606 1340
2610 1342
2614 1344
2618 1346
2622 1349
2626 1351
2630 1353
2634 1355
2638 1358
2642 1360
2646 1362
2650 1364
2654 1367
2658 1369
2662 1371
2666 1374
2670 1376
2674 1378
2678 1381
2682 1383
2686 1385
2690 1388
2694 1390
2698 1392
2702 1394
2706 1397
2710 1399
2714 1402
2718 1404
2722 1406
2726 1408
2730 1411
2734 1413
2738 1416
2742 1418
2746 1420
2750 1423
2754 1425
2758 1427
2762 1430
2766 1432
2770 1434
2774 1436
2778 1439
2782 1441
2786 1443
2790 1446
2794 1448
2798 1450
2802 1453
2806 1455
2810 1457
2814 1460
2818 1462
2822 1464
2826 1466
2830 1469
2834 1471
2838 1473
2842 1476
2846 1478
2850 1480
2854 1483
2858 1485
2862 1487
2866 1490
2870 1492
2874 1494
2878 1496
2882 1499
2886 1501
2890 1503
2894 1506
2898 1508
2902 1510
2906 1512
2910 1515
2914 1517
2918 1520
2922 1522
2926 1524
2930 1526
2934 1529
2938 1531
2942 1533
2946 1535
2950 1538
2954 1540
2958 1542
2962 1545
2966 1547
2970 1549
2974 1551
2978 1554
2982 1556
2986 1558
2990 1561
2994 1563
2998 1565
3002 1568
3006 1570
3010 1572
3014 1574
3018 1577
3022 1579
3026 1581
3030 1584
3034 1586
3038 1588
3042 1590
3046 1593
3050 1595
3054 1597
3058 1600
3062 1602
3066 1604
3070 1606
3074 1608
3078 1611
3082 1613
3086 1615
3090 1618
3094 1620
3098 1622
3102 1624
3106 1627
3110 1629
3114 1631
3118 1634
3122 1636
3126 1638
3130 1640
3134 1643
3138 1645
3142 1647
3146 1649
3150 1652
3154 1654
3158 1656
3162 1658
3166 1661
3170 1663
3174 1665
3178 1668
3182 1670
3186 1672
3190 1674
3194 1677
3198 1679
3202 1681
3206 1683
3210 1686
3214 1688
3218 1690
3222 1692
3226 1695
3230 1697
3234 1699
3238 1701
3242 1704
3246 1706
3250 1708
3254 1710
3258 1713
3262 1715
3266 1717
3270 1720
3274 1722
3278 1724
3282 1726
3286 1728
3290 1731
3294 1733
3298 1735
3302 1738
3306 1740
3310 1742
3314 1744
3318 1747
3322 1749
3326 1751
3330 1754
3334 1756
3338 1758
3342 1761
3346 1763
3350 1765
3354 1768
3358 1770
3362 1772
3366 1774
3370 1777
3374 1779
3378 1781
3382 1784
3386 1786
3390 1788
3394 1791
3398 1793
3402 1795
3406 1798
3410 1800
3414 1802
3418 1804
3422 1807
3426 1809
3430 1811
3434 1814
3438 1816
3442 1818
3446 1821
3450 1823
3454 1825
3458 1828
3462 1830
3466 1832
3470 1835
3474 1837
3478 1839
3482 1842
3486 1844
3490 1846
3494 1848
3498 1851
3502 1853
3506 1856
3510 1858
3514 1860
3518 1862
3522 1864
3526 1867
3530 1869
3534 1871
3538 1874
3542 1876
3546 1878
3550 1880
3554 1883
3558 1885
3562 1887
3566 1890
3570 1892
3574 1894
3578 1896
3582 1899
3586 1901
3590 1903
3594 1906
3598 1908
3602 1910
3606 1912
3610 1915
3614 1917
3618 1919
3622 1922
3626 1924
3630 1926
3634 1928
3638 1931
3642 1933
3646 1935
3650 1938
3654 1940
3658 1942
3662 1944
3666 1947
3670 1949
3674 1951
3678 1954
3682 1956
3686 1958
3690 1960
3694 1962
3698 1965
3702 1967
3706 1969
3710 1972
3714 1974
3718 1976
3722 1978
3726 1981
3730 1983
3734 1985
3738 1987
3742 1990
3746 1992
3750 1994
3754 1996
3758 1999
3762 2001
3766 2003
3770 2005
3774 2008
3778 2010
3782 2012
3786 2014
3790 2017
3794 2019
3798 2021
3802 2023
3806 2026
3810 2028
3814 2030
3818 2032
3822 2035
3826 2037
3830 2039
3834 2041
3838 2044
3842 2046
3846 2048
3850 2050
3854 2053
3858 2055
3862 2057
3866 2059
3870 2062
3874 2064
3878 2066
3882 2069
3886 2071
3890 2073
3894 2075
3898 2078
3902 2080
3906 2082
3910 2084
3914 2087
3918 2089
3922 2091
3926 2094
3930 2096
3934 2098
3938 2101
3942 2103
3946 2105
3950 2108
3954 2110
3958 2112
3962 2114
3966 2117
3970 2119
3974 2121
3978 2124
3982 2126
3986 2128
3990 2130
3994 2133
3998 2135
4002 2138
4006 2140
4010 2142
4014 2144
4018 2147
4022 2149
4026 2151
4030 2154
4034 2156
4038 2158
4042 2160
4046 2163
4050 2165
4054 2168
4058 2170
4062 2172
4066 2174
4070 2177
4074 2179
4078 2181
4082 2184
4086 2186
4090 2188
4094 2191
4098 2193
4102 2195
4106 2198
4110 2200
4114 2202
4118 2205
4122 2207
4126 2209
4130 2212
4134 2214
4138 2216
4142 2218
4146 2221
4150 2223
4154 2225
4158 2228
4162 2230
4166 2232
4170 2234
4174 2237
4178 2239
4182 2241
4186 2244
4190 2246
4194 2248
4198 2250
4202 2253
4206 2255
4210 2257
4214 2260
4218 2262
4222 2264
4226 2267
4230 2269
4234 2271
4238 2274
4242 2276
4246 2278
4250 2280
4254 2283
4258 2285
4262 2287
4266 2290
4270 2292
4274 2294
4278 2296
4282 2299
4286 2301
4290 2303
4294 2306
4298 2308
4302 2310
4306 2312
4310 2315
4314 2317
4318 2319
4322 2321
4326 2324
4330 2326
4334 2328
4338 2330
4342 2333
4346 2335
4350 2337
4354 2339
4358 2342
4362 2344
4366 2346
4370 2348
4374 2350
4378 2353
4382 2355
4386 2357
4390 2360
4394 2362
4398 2364
4402 2366
4406 2368
4410 2371
4414 2373
4418 2375
4422 2378
4426 2380
4430 2382
4434 2384
4438 2387
4442 2389
4446 2391
4450 2393
4454 2396
4458 2398
4462 2400
4466 2402
4470 2405
4474 2407
4478 2409
4482 2411
4486 2414
4490 2416
4494 2418
4498 2420
4502 2422
4506 2425
4510 2427
4514 2429
4518 2432
4522 2434
4526 2436
4530 2438
4534 2440
4538 2443
4542 2445
4546 2447
4550 2450
4554 2452
4558 2454
4562 2456
4566 2459
4570 2461
4574 2463
4578 2466
4582 2468
4586 2470
4590 2472
4594 2475
4598 2477
4602 2480
4606 2482
4610 2484
4614 2486
4618 2489
4622 2491
4626 2493
4630 2495
4634 2498
4638 2500
4642 2502
4646 2505
4650 2507
4654 2509
4658 2511
4662 2514
4666 2516
4670 2518
4674 2520
4678 2523
4682 2525
4686 2527
4690 2530
4694 2532
4698 2534
4702 2537
4706 2539
4710 2541
4714 2544
4718 2546
4722 2548
4726 2550
4730 2553
4734 2555
4738 2558
4742 2560
4746 2562
4750 2564
4754 2567
4758 2569
4762 2572
4766 2574
4770 2576
4774 2578
4778 2581
4782 2583
4786 2585
4790 2588
4794 2590
4798 2592
4802 2594
4806 2597
4810 2599
4814 2601
4818 2604
4822 2606
4826 2608
4830 2610
4834 2612
4838 2615
4842 2617
4846 2619
4850 2622
4854 2624
4858 2626
4862 2628
4866 2631
4870 2633
4874 2635
4878 2638
4882 2640
4886 2642
4890 2645
4894 2647
4898 2649
4902 2652
4906 2654
4910 2656
4914 2658
4918 2661
4922 2663
4926 2665
4930 2668
4934 2670
4938 2672
4942 2674
4946 2676
4950 2679
4954 2681
4958 2683
4962 2686
4966 2688
4970 2690
4974 2692
4978 2694
4982 2697
4986 2699
4990 2701
4994 2703
4998 2706
5002 2708
5006 2710
5010 2712
5014 2715
5018 2717
5022 2719
5026 2721
5030 2724
5034 2726
5038 2728
5042 2730
5046 2733
5050 2735
5054 2737
5058 2740
5062 2742
5066 2744
5070 2746
5074 2748
5078 2751
5082 2753
5086 2755
5090 2758
5094 2760
5098 2762
5102 2764
5106 2766
5110 2769
5114 2771
5118 2773
5122 2775
5126 2778
5130 2780
5134 2782
5138 2784
5142 2787
5146 2789
5150 2791
5154 2793
5158 2796
5162 2798
5166 2800
5170 2802
5174 2804
5178 2807
5182 2809
5186 2811
5190 2814
5194 2816
5198 2818
5202 2820
5206 2823
5210 2825
5214 2827
5218 2830
5222 2832
5226 2834
5230 2837
5234 2839
5238 2841
5242 2844
5246 2846
5250 2848
5254 2850
5258 2852
5262 2855
5266 2857
5270 2859
5274 2862
5278 2864
5282 2866
5286 2868
5290 2871
5294 2873
5298 2875
5302 2877
5306 2880
5310 2882
5314 2884
5318 2886
5322 2889
5326 2891
5330 2893
5334 2896
5338 2898
5342 2900
5346 2903
5350 2905
5354 2907
5358 2910
5362 2912
5366 2914
5370 2916
5374 2919
5378 2921
5382 2923
5386 2926
5390 2928
5394 2930
5398 2933
5402 2935
5406 2937
5410 2940
5414 2942
5418 2944
5422 2946
5426 2948
5430 2951
5434 2953
5438 2955
5442 2958
5446 2960
5450 2962
5454 2964
5458 2967
5462 2969
5466 2971
5470 2973
5474 2976
5478 2978
5482 2980
5486 2982
5490 2985
5494 2987
5498 2989
5502 2992
5506 2994
5510 2996
5514 2998
5518 3001
5522 3003
5526 3005
5530 3008
5534 3010
5538 3012
5542 3014
5546 3017
5550 3019
5554 3021
5558 3024
5562 3026
5566 3028
5570 3030
5574 3033
5578 3035
5582 3037
5586 3039
5590 3042
5594 3044
5598 3046
5602 3048
5606 3050
5610 3053
5614 3055
5618 3057
5622 3059
5626 3062
5630 3064
5634 3066
5638 3068
5642 3070
5646 3073
5650 3075
5654 3077
5658 3080
5662 3082
5666 3084
5670 3086
5674 3088
5678 3091
5682 3093
5686 3095
5690 3098
5694 3100
5698 3102
5702 3104
5706 3107
5710 3109
5714 3111
5718 3113
5722 3115
5726 3118
5730 3120
5734 3122
5738 3124
5742 3126
5746 3129
5750 3131
5754 3133
5758 3135
5762 3138
5766 3140
5770 3142
5774 3144
5778 3146
5782 3149
5786 3151
5790 3153
5794 3155
5798 3158
5802 3160
5806 3162
5810 3164
5814 3166
5818 3169
5822 3171
5826 3173
5830 3176
5834 3178
5838 3180
5842 3182
5846 3184
5850 3187
5854 3189
5858 3191
5862 3194
5866 3196
5870 3198
5874 3200
5878 3203
5882 3205
5886 3207
5890 3210
5894 3212
5898 3214
5902 3216
5906 3219
5910 3221
5914 3223
5918 3226
5922 3228
5926 3230
5930 3232
5934 3234
5938 3237
5942 3239
5946 3241
5950 3244
5954 3246
5958 3248
5962 3250
5966 3253
5970 3255
5974 3257
5978 3260
5982 3262
5986 3264
5990 3266
5994 3269
5998 3271
6002 3274
6006 3276
6010 3278
6014 3280
6018 3283
6022 3285
6026 3287
6030 3290
6034 3292
6038 3294
6042 3297
6046 3299
6050 3301
6054 3304
6058 3306
6062 3308
6066 3310
6070 3312
6074 3315
6078 3317
6082 3319
6086 3322
6090 3324
6094 3326
6098 3328
6102 3330
6106 3333
6110 3335
6114 3337
6118 3339
6122 3342
6126 3344
6130 3346
6134 3348
6138 3351
6142 3353
6146 3355
6150 3357
6154 3360
6158 3362
6162 3364
6166 3367
6170 3369
6174 3371
6178 3374
6182 3376
6186 3378
6190 3380
6194 3382
6198 3385
6202 3387
6206 3389
6210 3392
6214 3394
6218 3396
6222 3398
6226 3400
6230 3403
6234 3405
6238 3407
6242 3409
6246 3412
6250 3414
6254 3416
6258 3418
6262 3420
6266 3423
6270 3425
6274 3427
6278 3429
6282 3432
6286 3434
6290 3436
6294 3438
6298 3440
6302 3443
6306 3445
6310 3447
6314 3449
6318 3452
6322 3454
6326 3456
6330 3458
6334 3461
6338 3463
6342 3465
6346 3467
6350 3470
6354 3472
6358 3474
6362 3476
6366 3478
6370 3481
6374 3483
6378 3485
6382 3488
6386 3490
6390 3492
6394 3494
6398 3496
6402 3498
6406 3501
6410 3503
6414 3505
6418 3507
6422 3510
6426 3512
6430 3514
6434 3516
6438 3518
6442 3521
6446 3523
6450 3525
6454 3527
6458 3530
6462 3532
6466 3534
6470 3536
6474 3539
6478 3541
6482 3543
6486 3545
6490 3548
6494 3550
6498 3552
6502 3555
6506 3557
6510 3559
6514 3562
6518 3564
6522 3566
6526 3568
6530 3571
6534 3573
6538 3575
6542 3578
6546 3580
6550 3582
6554 3584
6558 3586
6562 3589
6566 3591
6570 3593
6574 3596
6578 3598
6582 3600
6586 3602
6590 3604
6594 3607
6598 3609
6602 3611
6606 3614
6610 3616
6614 3618
6618 3620
6622 3623
6626 3625
6630 3627
6634 3630
6638 3632
6642 3634
6646 3637
6650 3639
6654 3641
6658 3644
6662 3646
6666 3648
6670 3650
6674 3653
6678 3655
6682 3657
6686 3660
6690 3662
6694 3664
6698 3666
6702 3669
6706 3671
6710 3673
6714 3676
6718 3678
6722 3680
6726 3682
6730 3684
6734 3687
6738 3689
6742 3691
6746 3694
6750 3696
6754 3698
6758 3700
6762 3702
6766 3705
6770 3707
6774 3709
6778 3712
6782 3714
6786 3716
6790 3718
6794 3721
6798 3723
6802 3725
6806 3728
6810 3730
6814 3732
6818 3734
6822 3737
6826 3739
6830 3741
6834 3744
6838 3746
6842 3748
6846 3751
6850 3753
6854 3755
6858 3757
6862 3760
6866 3762
6870 3764
6874 3766
6878 3768
6882 3771
6886 3773
6890 3775
6894 3777
6898 3780
6902 3782
6906 3784
6910 3786
6914 3788
6918 3791
6922 3793
6926 3795
6930 3797
6934 3800
6938 3802
6942 3804
6946 3806
6950 3808
6954 3811
6958 3813
6962 3815
6966 3817
6970 3820
6974 3822
6978 3824
6982 3826
6986 3829
6990 3831
6994 3833
6998 3835
7002 3838
7006 3840
7010 3842
7014 3844
7018 3846
7022 3849
7026 3851
7030 3853
7034 3855
7038 3857
7042 3860
7046 3862
7050 3864
7054 3866
7058 3868
7062 3871
7066 3873
7070 3875
7074 3877
7078 3880
7082 3882
7086 3884
7090 3886
7094 3888
7098 3891
7102 3893
7106 3895
7110 3898
7114 3900
7118 3902
7122 3904
7126 3907
7130 3909
7134 3911
7138 3914
7142 3916
7146 3918
7150 3920
7154 3923
7158 3925
7162 3927
7166 3930
7170 3932
7174 3934
7178 3936
7182 3939
7186 3941
7190 3943
7194 3946
7198 3948
7202 3950
7206 3952
7210 3955
7214 3957
7218 3959
7222 3962
7226 3964
7230 3966
7234 3968
7238 3971
7242 3973
7246 3975
7250 3977
7254 3980
7258 3982
7262 3984
7266 3987
7270 3989
7274 3991
7278 3994
7282 3996
7286 3998
7290 4000
7294 4003
7298 4005
7302 4007
7306 4010
7310 4012
7314 4014
7318 4016
7322 4019
7326 4021
7330 4023
7334 4025
7338 4028
7342 4030
7346 4032
7350 4034
7354 4037
7358 4039
7362 4041
7366 4044
7370 4046
7374 4048
7378 4050
7382 4053
7386 4055
7390 4057
7394 4060
7398 4062
7402 4064
7406 4066
7410 4069
7414 4071
7418 4073
7422 4076
7426 4078
7430 4080
7434 4082
7438 4085
7442 4087
7446 4089
7450 4092
7454 4094
7458 4096
7462 4098
7466 4101
7470 4103
7474 4105
7478 4108
7482 4110
7486 4112
7490 4114
7494 4116
7498 4119
7502 4121
7506 4123
7510 4125
7514 4128
7518 4130
7522 4132
7526 4134
7530 4136
7534 4139
7538 4141
7542 4143
7546 4145
7550 4148
7554 4150
7558 4152
7562 4154
7566 4157
7570 4159
7574 4161
7578 4163
7582 4166
7586 4168
7590 4170
7594 4172
7598 4174
7602 4176
7606 4179
7610 4181
7614 4183
7618 4186
7622 4188
7626 4190
7630 4192
7634 4194
7638 4196
7642 4199
7646 4201
7650 4203
7654 4205
7658 4208
7662 4210
7666 4212
7670 4214
7674 4216
7678 4218
7682 4221
7686 4223
7690 4225
7694 4228
7698 4230
7702 4232
7706 4234
7710 4236
7714 4239
7718 4241
7722 4243
7726 4245
7730 4248
7734 4250
7738 4252
7742 4254
7746 4256
7750 4259
7754 4261
7758 4263
7762 4266
7766 4268
7770 4270
7774 4272
7778 4275
7782 4277
7786 4279
7790 4282
7794 4284
7798 4286
7802 4288
7806 4291
7810 4293
7814 4295
7818 4298
7822 4300
7826 4302
7830 4304
7834 4306
7838 4309
7842 4311
7846 4313
7850 4315
7854 4318
7858 4320
7862 4322
7866 4324
7870 4327
7874 4329
7878 4331
7882 4334
7886 4336
7890 4338
7894 4340
7898 4343
7902 4345
7906 4347
7910 4350
7914 4352
7918 4354
7922 4356
7926 4359
7930 4361
7934 4363
7938 4366
7942 4368
7946 4370
7950 4372
7954 4375
7958 4377
7962 4379
7966 4382
7970 4384
7974 4386
7978 4388
7982 4390
7986 4393
7990 4395
7994 4397
7998 4400
8002 4402
8006 4404
8010 4406
8014 4409
8018 4411
8022 4413
8026 4416
8030 4418
8034 4420
8038 4422
8042 4425
8046 4427
8050 4429
8054 4432
8058 4434
8062 4436
8066 4438
8070 4441
8074 4443
8078 4445
8082 4448
8086 4450
8090 4452
8094 4454
8098 4457
8102 4459
8106 4461
8110 4464
8114 4466
8118 4468
8122 4470
8126 4472
8130 4475
8134 4477
8138 4479
8142 4481
8146 4484
8150 4486
8154 4488
8158 4490
8162 4493
8166 4495
8170 4497
8174 4499
8178 4502
8182 4504
8186 4506
8190 4508
8194 4510
8198 4512
8202 4515
8206 4517
8210 4519
8214 4522
8218 4524
8222 4526
8226 4528
8230 4530
8234 4532
8238 4535
8242 4537
8246 4539
8250 4542
8254 4544
8258 4546
8262 4548
8266 4550
8270 4552
8274 4555
8278 4557
8282 4559
8286 4561
8290 4564
8294 4566
8298 4568
8302 4570
8306 4572
8310 4575
8314 4577
8318 4579
8322 4581
8326 4583
8330 4586
8334 4588
8338 4590
8342 4592
8346 4594
8350 4597
8354 4599
8358 4601
8362 4603
8366 4606
8370 4608
8374 4610
8378 4612
8382 4615
8386 4617
8390 4619
8394 4621
8398 4624
8402 4626
8406 4628
8410 4630
8414 4633
8418 4635
8422 4637
8426 4640
8430 4642
8434 4644
8438 4646
8442 4648
8446 4651
8450 4653
8454 4655
8458 4658
8462 4660
8466 4662
8470 4664
8474 4667
8478 4669
8482 4671
8486 4673
8490 4676
8494 4678
8498 4680
8502 4682
8506 4685
8510 4687
8514 4689
8518 4691
8522 4694
8526 4696
8530 4698
8534 4700
8538 4703
8542 4705
8546 4707
8550 4710
8554 4712
8558 4714
8562 4716
8566 4719
8570 4721
8574 4723
8578 4726
8582 4728
8586 4730
8590 4733
8594 4735
8598 4737
8602 4739
8606 4742
8610 4744
8614 4746
8618 4748
8622 4751
8626 4753
8630 4755
8634 4758
8638 4760
8642 4762
8646 4764
8650 4766
8654 4769
8658 4771
8662 4773
8666 4776
8670 4778
8674 4780
8678 4782
8682 4785
8686 4787
8690 4789
8694 4792
8698 4794
8702 4796
8706 4798
8710 4801
8714 4803
8718 4805
8722 4808
8726 4810
8730 4812
8734 4814
8738 4817
8742 4819
8746 4821
8750 4823
8754 4826
8758 4828
8762 4830
8766 4832
8770 4835
8774 4837
8778 4839
8782 4841
8786 4844
8790 4846
8794 4848
8798 4850
8802 4852
8806 4855
8810 4857
8814 4859
8818 4861
8822 4863
8826 4866
8830 4868
8834 4870
8838 4872
8842 4874
8846 4877
8850 4879
8854 4881
8858 4883
8862 4886
8866 4888
8870 4890
8874 4892
8878 4894
8882 4897
8886 4899
8890 4901
8894 4903
8898 4906
8902 4908
8906 4910
8910 4912
8914 4914
8918 4916
8922 4919
8926 4921
8930 4923
8934 4925
8938 4928
8942 4930
8946 4932
8950 4934
8954 4936
8958 4938
8962 4941
8966 4943
8970 4945
8974 4947
8978 4950
8982 4952
8986 4954
8990 4956
8994 4958
8998 4960
9002 4963
9006 4965
9010 4967
9014 4969
9018 4972
9022 4974
9026 4976
9030 4978
9034 4980
9038 4983
9042 4985
9046 4987
9050 4989
9054 4992
9058 4994
9062 4996
9066 4998
9070 5001
9074 5003
9078 5005
9082 5008
9086 5010
9090 5012
9094 5014
9098 5016
9102 5019
9106 5021
9110 5023
9114 5026
9118 5028
9122 5030
9126 5032
9130 5034
9134 5037
9138 5039
9142 5041
9146 5043
9150 5046
9154 5048
9158 5050
9162 5052
9166 5055
9170 5057
9174 5059
9178 5062
9182 5064
9186 5066
9190 5068
9194 5071
9198 5073
9202 5075
9206 5078
9210 5080
9214 5082
9218 5084
9222 5087
9226 5089
9230 5091
9234 5094
9238 5096
9242 5098
9246 5100
9250 5103
9254 5105
9258 5107
9262 5109
9266 5112
9270 5114
9274 5116
9278 5118
9282 5121
9286 5123
9290 5125
9294 5127
9298 5130
9302 5132
9306 5134
9310 5136
9314 5139
9318 5141
9322 5143
9326 5146
9330 5148
9334 5150
9338 5152
9342 5154
9346 5157
9350 5159
9354 5161
9358 5164
9362 5166
9366 5168
9370 5170
9374 5173
9378 5175
9382 5177
9386 5179
9390 5182
9394 5184
9398 5186
9402 5188
9406 5191
9410 5193
9414 5195
9418 5198
9422 5200
9426 5202
9430 5204
9434 5206
9438 5208
9442 5211
9446 5213
9450 5215
9454 5217
9458 5220
9462 5222
9466 5224
9470 5226
9474 5228
9478 5231
9482 5233
9486 5235
9490 5237
9494 5240
9498 5242
9502 5244
9506 5246
9510 5248
9514 5250
9518 5253
9522 5255
9526 5257
9530 5260
9534 5262
9538 5264
9542 5266
9546 5268
9550 5270
9554 5273
9558 5275
9562 5277
9566 5279
9570 5281
9574 5284
9578 5286
9582 5288
9586 5290
9590 5292
9594 5294
9598 5296
9602 5299
9606 5301
9610 5303
9614 5305
9618 5307
9622 5310
9626 5312
9630 5314
9634 5316
9638 5318
9642 5320
9646 5323
9650 5325
9654 5327
9658 5329
9662 5332
9666 5334
9670 5336
9674 5338
9678 5340
9682 5343
9686 5345
9690 5347
9694 5350
9698 5352
9702 5354
9706 5356
9710 5358
9714 5361
9718 5363
9722 5365
9726 5368
9730 5370
9734 5372
9738 5374
9742 5376
9746 5379
9750 5381
9754 5383
9758 5386
9762 5388
9766 5390
9770 5392
9774 5394
9778 5397
9782 5399
9786 5401
9790 5404
9794 5406
9798 5408
9802 5410
9806 5412
9810 5415
9814 5417
9818 5419
9822 5422
9826 5424
9830 5426
9834 5428
9838 5431
9842 5433
9846 5435
9850 5438
9854 5440
9858 5442
9862 5444
9866 5447
9870 5449
9874 5451
9878 5454
9882 5456
9886 5458
9890 5460
9894 5462
9898 5465
9902 5467
9906 5469
9910 5471
9914 5474
9918 5476
9922 5478
9926 5480
9930 5482
9934 5485
9938 5487
9942 5489
9946 5491
9950 5494
9954 5496
9958 5498
9962 5500
9966 5502
9970 5505
9974 5507
9978 5509
9982 5512
9986 5514
9990 5516
9994 5518
9998 5521
10002 5523
10006 5525
10010 5527
10014 5530
10018 5532
10022 5534
10026 5536
10030 5539
10034 5541
10038 5543
10042 5546
10046 5548
10050 5550
10054 5552
10058 5554
10062 5557
10066 5559
10070 5561
10074 5563
10078 5566
10082 5568
10086 5570
10090 5572
10094 5574
10098 5577
10102 5579
10106 5581
10110 5583
10114 5585
10118 5588
10122 5590
10126 5592
10130 5594
10134 5597
10138 5599
10142 5601
10146 5603
10150 5605
10154 5608
10158 5610
10162 5612
10166 5614
10170 5616
10174 5619
10178 5621
10182 5623
10186 5625
10190 5628
10194 5630
10198 5632
10202 5634
10206 5636
10210 5638
10214 5641
10218 5643
10222 5645
10226 5647
10230 5649
10234 5652
10238 5654
10242 5656
10246 5658
10250 5660
10254 5662
10258 5665
10262 5667
10266 5669
10270 5671
10274 5673
10278 5676
10282 5678
10286 5680
10290 5682
10294 5684
10298 5686
10302 5689
10306 5691
10310 5693
10314 5695
10318 5698
10322 5700
10326 5702
10330 5704
10334 5706
10338 5709
10342 5711
10346 5713
10350 5716
10354 5718
10358 5720
10362 5722
10366 5724
10370 5727
10374 5729
10378 5731
10382 5733
10386 5736
10390 5738
10394 5740
10398 5742
10402 5745
10406 5747
10410 5749
10414 5751
10418 5754
10422 5756
10426 5758
10430 5760
10434 5763
10438 5765
10442 5767
10446 5769
10450 5772
10454 5774
10458 5776
10462 5778
10466 5781
10470 5783
10474 5785
10478 5787
10482 5790
10486 5792
10490 5794
10494 5796
10498 5799
10502 5801
10506 5803
10510 5806
10514 5808
10518 5810
10522 5812
10526 5815
10530 5817
10534 5819
10538 5821
10542 5824
10546 5826
10550 5828
10554 5830
10558 5832
10562 5835
10566 5837
10570 5839
10574 5841
10578 5844
10582 5846
10586 5848
10590 5850
10594 5852
10598 5855
10602 5857
10606 5859
10610 5862
10614 5864
10618 5866
10622 5868
10626 5870
10630 5873
10634 5875
10638 5877
10642 5880
10646 5882
10650 5884
10654 5886
10658 5889
10662 5891
10666 5893
10670 5896
10674 5898
10678 5900
10682 5902
10686 5904
10690 5907
10694 5909
10698 5911
10702 5914
10706 5916
10710 5918
10714 5920
10718 5922
10722 5924
10726 5927
10730 5929
10734 5931
10738 5933
10742 5936
10746 5938
10750 5940
10754 5942
10758 5944
10762 5946
10766 5949
10770 5951
10774 5953
10778 5956
10782 5958
10786 5960
10790 5962
10794 5964
10798 5966
10802 5968
10806 5971
10810 5973
10814 5975
10818 5978
10822 5980
10826 5982
10830 5984
10834 5986
10838 5988
10842 5991
10846 5993
10850 5995
10854 5997
10858 5999
10862 6002
10866 6004
10870 6006
10874 6008
10878 6010
10882 6012
10886 6014
10890 6017
10894 6019
10898 6021
10902 6023
10906 6025
10910 6027
10914 6030
10918 6032
10922 6034
10926 6036
10930 6038
10934 6040
10938 6043
10942 6045
10946 6047
10950 6049
10954 6052
10958 6054
10962 6056
10966 6058
10970 6060
10974 6063
10978 6065
10982 6067
10986 6070
10990 6072
10994 6074
10998 6076
11002 6078
11006 6081
11010 6083
11014 6085
11018 6087
11022 6090
11026 6092
11030 6094
11034 6096
11038 6099
11042 6101
11046 6103
11050 6105
11054 6108
11058 6110
11062 6112
11066 6114
11070 6116
11074 6118
11078 6121
11082 6123
11086 6125
11090 6128
11094 6130
11098 6132
11102 6134
11106 6137
11110 6139
11114 6141
11118 6144
11122 6146
11126 6148
11130 6150
11134 6153
11138 6155
11142 6157
11146 6159
11150 6162
11154 6164
11158 6166
11162 6168
11166 6171
11170 6173
11174 6175
11178 6178
11182 6180
11186 6182
11190 6184
11194 6186
11198 6189
11202 6191
11206 6193
11210 6195
11214 6198
11218 6200
11222 6202
11226 6204
11230 6206
11234 6209
11238 6211
11242 6213
11246 6215
11250 6218
11254 6220
11258 6222
11262 6224
11266 6227
11270 6229
11274 6231
11278 6234
11282 6236
11286 6238
11290 6240
11294 6243
11298 6245
11302 6247
11306 6250
11310 6252
11314 6254
11318 6256
11322 6258
11326 6261
11330 6263
11334 6265
11338 6268
11342 6270
11346 6272
11350 6274
11354 6277
11358 6279
11362 6281
11366 6283
11370 6286
11374 6288
11378 6290
11382 6292
11386 6294
11390 6297
11394 6299
11398 6301
11402 6303
11406 6305
11410 6308
11414 6310
11418 6312
11422 6314
11426 6317
11430 6319
11434 6321
11438 6323
11442 6326
11446 6328
11450 6330
11454 6332
11458 6334
11462 6337
11466 6339
11470 6341
11474 6343
11478 6346
11482 6348
11486 6350
11490 6352
11494 6354
11498 6356
11502 6358
11506 6361
11510 6363
11514 6365
11518 6367
11522 6370
11526 6372
11530 6374
11534 6376
11538 6378
11542 6380
11546 6382
11550 6385
11554 6387
11558 6389
11562 6391
11566 6394
11570 6396
11574 6398
11578 6400
11582 6402
11586 6404
11590 6407
11594 6409
11598 6411
11602 6414
11606 6416
11610 6418
11614 6420
11618 6422
11622 6425
11626 6427
11630 6429
11634 6431
11638 6434
11642 6436
11646 6438
11650 6440
11654 6443
11658 6445
11662 6447
11666 6449
11670 6452
11674 6454
11678 6456
11682 6458
11686 6460
11690 6463
11694 6465
11698 6467
11702 6469
11706 6472
11710 6474
11714 6476
11718 6478
11722 6480
11726 6483
11730 6485
11734 6487
11738 6490
11742 6492
11746 6494
11750 6496
11754 6498
11758 6501
11762 6503
11766 6505
11770 6508
11774 6510
11778 6512
11782 6514
11786 6517
11790 6519
11794 6521
11798 6524
11802 6526
11806 6528
11810 6531
11814 6533
11818 6535
11822 6538
11826 6540
11830 6542
11834 6544
11838 6546
11842 6549
11846 6551
11850 6553
11854 6556
11858 6558
11862 6560
11866 6562
11870 6564
11874 6567
11878 6569
11882 6571
11886 6573
11890 6576
11894 6578
11898 6580
11902 6582
11906 6585
11910 6587
11914 6589
11918 6591
11922 6594
11926 6596
11930 6598
11934 6600
11938 6603
11942 6605
11946 6607
11950 6610
11954 6612
11958 6614
11962 6616
11966 6618
11970 6621
11974 6623
11978 6625
11982 6628
11986 6630
11990 6632
11994 6634
11998 6637
12002 6639
12006 6641
12010 6643
12014 6646
12018 6648
12022 6650
12026 6652
12030 6654
12034 6657
12038 6659
12042 6661
12046 6663
12050 6665
12054 6668
12058 6670
12062 6672
12066 6674
12070 6676
12074 6678
12078 6681
12082 6683
12086 6685
12090 6687
12094 6690
12098 6692
12102 6694
12106 6696
12110 6698
12114 6701
12118 6703
12122 6705
12126 6707
12130 6709
12134 6712
12138 6714
12142 6716
12146 6718
12150 6720
12154 6722
12158 6725
12162 6727
12166 6729
12170 6731
12174 6734
12178 6736
12182 6738
12186 6740
12190 6742
12194 6744
12198 6746
12202 6749
12206 6751
12210 6753
12214 6755
12218 6757
12222 6760
12226 6762
12230 6764
12234 6766
12238 6768
12242 6770
12246 6773
12250 6775
12254 6777
12258 6779
12262 6782
12266 6784
12270 6786
12274 6788
12278 6790
12282 6793
12286 6795
12290 6797
12294 6800
12298 6802
12302 6804
12306 6806
12310 6808
12314 6811
12318 6813
12322 6815
12326 6817
12330 6820
12334 6822
12338 6824
12342 6826
12346 6828
12350 6831
12354 6833
12358 6835
12362 6837
12366 6840
12370 6842
12374 6844
12378 6846
12382 6849
12386 6851
12390 6853
12394 6855
12398 6858
12402 6860
12406 6862
12410 6864
12414 6867
12418 6869
12422 6871
12426 6874
12430 6876
12434 6878
12438 6880
12442 6882
12446 6885
12450 6887
12454 6889
12458 6892
12462 6894
12466 6896
12470 6898
12474 6901
12478 6903
12482 6905
12486 6908
12490 6910
12494 6912
12498 6914
12502 6916
12506 6919
12510 6921
12514 6923
12518 6925
12522 6928
12526 6930
12530 6932
12534 6934
12538 6936
12542 6939
12546 6941
12550 6943
12554 6946
12558 6948
12562 6950
12566 6952
12570 6954
12574 6957
12578 6959
12582 6961
12586 6964
12590 6966
12594 6968
12598 6970
12602 6972
12606 6975
12610 6977
12614 6979
12618 6982
12622 6984
12626 6986
12630 6988
12634 6991
12638 6993
12642 6995
12646 6997
12650 7000
12654 7002
12658 7004
12662 7006
12666 7008
12670 7010
12674 7013
12678 7015
12682 7017
12686 7019
12690 7022
12694 7024
12698 7026
12702 7028
12706 7030
12710 7032
12714 7035
12718 7037
12722 7039
12726 7041
12730 7044
12734 7046
12738 7048
12742 7050
12746 7052
12750 7055
12754 7057
12758 7059
12762 7061
12766 7064
12770 7066
12774 7068
12778 7070
12782 7072
12786 7074
12790 7077
12794 7079
12798 7081
12802 7083
12806 7086
12810 7088
12814 7090
12818 7092
12822 7094
12826 7096
12830 7098
12834 7101
12838 7103
12842 7105
12846 7107
12850 7110
12854 7112
12858 7114
12862 7116
12866 7118
12870 7120
12874 7122
12878 7125
12882 7127
12886 7129
12890 7132
12894 7134
12898 7136
12902 7138
12906 7140
12910 7142
12914 7145
12918 7147
12922 7149
12926 7151
12930 7154
12934 7156
12938 7158
12942 7160
12946 7163
12950 7165
12954 7167
12958 7169
12962 7172
12966 7174
12970 7176
12974 7178
12978 7181
12982 7183
12986 7185
12990 7187
12994 7190
12998 7192
13002 7194
13006 7196
13010 7198
13014 7201
13018 7203
13022 7205
13026 7208
13030 7210
13034 7212
13038 7214
13042 7216
13046 7219
13050 7221
13054 7223
13058 7226
13062 7228
13066 7230
13070 7232
13074 7234
13078 7237
13082 7239
13086 7241
13090 7244
13094 7246
13098 7248
13102 7250
13106 7253
13110 7255
13114 7257
13118 7259
13122 7262
13126 7264
13130 7266
13134 7268
13138 7270
13142 7273
13146 7275
13150 7277
13154 7280
13158 7282
13162 7284
13166 7286
13170 7288
13174 7291
13178 7293
13182 7295
13186 7297
13190 7300
13194 7302
13198 7304
13202 7306
13206 7308
13210 7311
13214 7313
13218 7315
13222 7317
13226 7320
13230 7322
13234 7324
13238 7326
13242 7329
13246 7331
13250 7333
13254 7335
13258 7338
13262 7340
13266 7342
13270 7344
13274 7346
13278 7349
13282 7351
13286 7353
13290 7355
13294 7358
13298 7360
13302 7362
13306 7364
13310 7366
13314 7369
13318 7371
13322 7373
13326 7375
13330 7377
13334 7380
13338 7382
13342 7384
13346 7386
13350 7388
13354 7391
13358 7393
13362 7395
13366 7397
13370 7400
13374 7402
13378 7404
13382 7406
13386 7408
13390 7410
13394 7413
13398 7415
13402 7417
13406 7420
13410 7422
13414 7424
13418 7426
13422 7428
13426 7430
13430 7433
13434 7435
13438 7437
13442 7439
13446 7441
13450 7444
13454 7446
13458 7448
13462 7450
13466 7452
13470 7454
13474 7456
13478 7459
13482 7461
13486 7463
13490 7465
13494 7467
13498 7469
13502 7472
13506 7474
13510 7476
13514 7478
13518 7480
13522 7482
13526 7484
13530 7487
13534 7489
13538 7491
13542 7493
13546 7496
13550 7498
13554 7500
13558 7502
13562 7504
13566 7506
13570 7509
13574 7511
13578 7513
13582 7516
13586 7518
13590 7520
13594 7522
13598 7524
13602 7526
13606 7529
13610 7531
13614 7533
13618 7535
13622 7538
13626 7540
13630 7542
13634 7544
13638 7546
13642 7549
13646 7551
13650 7553
13654 7555
13658 7557
13662 7560
13666 7562
13670 7564
13674 7566
13678 7569
13682 7571
13686 7573
13690 7575
13694 7578
13698 7580
13702 7582
13706 7584
13710 7586
13714 7589
13718 7591
13722 7593
13726 7596
13730 7598
13734 7600
13738 7602
13742 7605
13746 7607
13750 7609
13754 7611
13758 7614
13762 7616
13766 7618
13770 7620
13774 7622
13778 7625
13782 7627
13786 7629
13790 7631
13794 7634
13798 7636
13802 7638
13806 7640
13810 7642
13814 7645
13818 7647
13822 7649
13826 7651
13830 7653
13834 7656
13838 7658
13842 7660
13846 7662
13850 7664
13854 7667
13858 7669
13862 7671
13866 7673
13870 7675
13874 7678
13878 7680
13882 7682
13886 7684
13890 7687
13894 7689
13898 7691
13902 7693
13906 7696
13910 7698
13914 7700
13918 7702
13922 7704
13926 7707
13930 7709
13934 7711
13938 7713
13942 7716
13946 7718
13950 7720
13954 7722
13958 7724
13962 7727
13966 7729
13970 7731
13974 7733
13978 7736
13982 7738
13986 7740
13990 7742
13994 7744
13998 7746
14002 7748
14006 7751
14010 7753
14014 7755
14018 7757
14022 7760
14026 7762
14030 7764
14034 7766
14038 7768
14042 7770
14046 7773
14050 7775
14054 7777
14058 7779
14062 7781
14066 7784
14070 7786
14074 7788
14078 7790
14082 7792
14086 7794
14090 7797
14094 7799
14098 7801
14102 7803
14106 7806
14110 7808
14114 7810
14118 7812
14122 7814
14126 7816
14130 7818
14134 7820
14138 7823
14142 7825
14146 7827
14150 7829
14154 7831
14158 7834
14162 7836
14166 7838
14170 7840
14174 7842
14178 7844
14182 7846
14186 7849
14190 7851
14194 7853
14198 7855
14202 7858
14206 7860
14210 7862
14214 7864
14218 7866
14222 7869
14226 7871
14230 7873
14234 7875
14238 7878
14242 7880
14246 7882
14250 7884
14254 7886
14258 7889
14262 7891
14266 7893
14270 7895
14274 7898
14278 7900
14282 7902
14286 7904
14290 7906
14294 7908
14298 7911
14302 7913
14306 7915
14310 7917
14314 7920
14318 7922
14322 7924
14326 7926
14330 7928
14334 7931
14338 7933
14342 7935
14346 7937
14350 7940
14354 7942
14358 7944
14362 7946
14366 7948
14370 7951
14374 7953
14378 7955
14382 7958
14386 7960
14390 7962
14394 7964
14398 7966
14402 7969
14406 7971
14410 7973
14414 7976
14418 7978
14422 7980
14426 7982
14430 7984
14434 7986
14438 7989
14442 7991
14446 7993
14450 7995
14454 7998
14458 8000
14462 8002
14466 8004
14470 8006
14474 8008
14478 8011
14482 8013
14486 8015
14490 8017
14494 8020
14498 8022
14502 8024
14506 8026
14510 8028
14514 8030
14518 8033
14522 8035
14526 8037
14530 8040
14534 8042
14538 8044
14542 8046
14546 8049
14550 8051
14554 8053
14558 8055
14562 8058
14566 8060
14570 8062
14574 8064
14578 8066
14582 8069
14586 8071
14590 8073
14594 8075
14598 8078
14602 8080
14606 8082
14610 8084
14614 8086
14618 8088
14622 8090
14626 8093
14630 8095
14634 8097
14638 8099
14642 8101
14646 8104
14650 8106
14654 8108
14658 8110
14662 8112
14666 8114
14670 8117
14674 8119
14678 8121
14682 8123
14686 8125
14690 8128
14694 8130
14698 8132
14702 8134
14706 8136
14710 8139
14714 8141
14718 8143
14722 8145
14726 8147
14730 8150
14734 8152
14738 8154
14742 8156
14746 8158
14750 8160
14754 8163
14758 8165
14762 8167
14766 8169
14770 8171
14774 8174
14778 8176
14782 8178
14786 8180
14790 8182
14794 8184
14798 8186
14802 8188
14806 8191
14810 8193
14814 8195
14818 8197
14822 8199
14826 8201
14830 8204
14834 8206
14838 8208
14842 8210
14846 8212
14850 8215
14854 8217
14858 8219
14862 8221
14866 8223
14870 8226
14874 8228
14878 8230
14882 8232
14886 8234
14890 8237
14894 8239
14898 8241
14902 8244
14906 8246
14910 8248
14914 8250
14918 8252
14922 8254
14926 8257
14930 8259
14934 8261
14938 8263
14942 8266
14946 8268
14950 8270
14954 8272
14958 8274
14962 8277
14966 8279
14970 8281
14974 8283
14978 8286
14982 8288
14986 8290
14990 8292
14994 8295
14998 8297
