10 0
15 0
20 1
25 1
30 2
35 3
40 4
45 6
50 7
55 10
60 12
65 14
70 17
75 20
80 23
85 25
90 29
95 32
100 35
105 39
110 42
115 46
120 49
125 53
130 57
135 61
140 65
145 69
150 73
155 77
160 81
165 85
170 89
175 94
180 98
185 102
190 107
195 111
200 115
205 120
210 124
215 128
220 133
225 137
230 142
235 146
240 151
245 155
250 160
255 164
260 169
265 173
270 178
275 183
280 187
285 192
290 196
295 201
300 206
305 210
310 215
315 219
320 224
325 229
330 233
335 238
340 243
345 247
350 252
355 257
360 261
365 266
370 271
375 275
380 280
385 285
390 289
395 294
400 299
405 303
410 308
415 313
420 317
425 322
430 327
435 331
440 336
445 340
450 345
455 350
460 354
465 359
470 363
475 368
480 373
485 377
490 382
495 386
500 391
505 395
510 400
515 404
520 409
525 413
530 418
535 422
540 427
545 431
550 436
555 440
560 445
565 450
570 454
575 459
580 463
585 468
590 472
595 477
600 481
605 486
610 491
615 495
620 500
625 505
630 509
635 514
640 519
645 523
650 528
655 532
660 537
665 542
670 547
675 551
680 556
685 561
690 565
695 570
700 574
705 579
710 584
715 589
720 593
725 598
730 602
735 607
740 612
745 617
750 621
755 626
760 631
765 635
770 640
775 645
780 649
785 654
790 659
795 663
800 668
805 673
810 677
815 682
820 687
825 691
830 696
835 701
840 705
845 710
850 715
855 719
860 724
865 729
870 733
875 738
880 743
885 747
890 752
895 757
900 762
905 766
910 771
915 775
920 780
925 785
930 790
935 794
940 799
945 804
950 809
955 813
960 818
965 822
970 827
975 832
980 837
985 841
990 846
995 851
1000 855
1005 860
1010 865
1015 869
1020 874
1025 879
1030 884
1035 888
1040 893
1045 897
1050 902
1055 907
1060 912
1065 916
1070 921
1075 926
1080 931
1085 935
1090 940
1095 945
1100 949
1105 954
1110 959
1115 963
1120 968
1125 973
1130 977
1135 982
1140 987
1145 991
1150 996
1155 1001
1160 1006
1165 1010
1170 1015
1175 1020
1180 1024
1185 1029
1190 1033
1195 1038
1200 1043
1205 1048
1210 1053
1215 1057
1220 1062
1225 1067
1230 1071
1235 1076
1240 1081
1245 1085
1250 1090
1255 1095
1260 1099
1265 1104
1270 1109
1275 1113
1280 1118
1285 1123
1290 1127
1295 1132
1300 1137
1305 1142
1310 1146
1315 1151
1320 1155
1325 1160
1330 1165
1335 1170
1340 1174
1345 1179
1350 1183
1355 1188
1360 1193
1365 1198
1370 1202
1375 1207
1380 1212
1385 1217
1390 1221
1395 1226
1400 1230
1405 1235
1410 1240
1415 1245
1420 1249
1425 1254
1430 1259
1435 1263
1440 1268
1445 1273
1450 1277
1455 1282
1460 1287
1465 1291
1470 1296
1475 1301
1480 1306
1485 1310
1490 1315
1495 1320
1500 1324
1505 1329
1510 1334
1515 1339
1520 1343
1525 1348
1530 1352
1535 1357
1540 1362
1545 1367
1550 1371
1555 1376
1560 1381
1565 1385
1570 1390
1575 1395
1580 1399
1585 1404
1590 1409
1595 1414
1600 1418
1605 1423
1610 1427
1615 1432
1620 1437
1625 1441
1630 1446
1635 1451
1640 1456
1645 1461
1650 1465
1655 1470
1660 1474
1665 1479
1670 1484
1675 1488
1680 1493
1685 1498
1690 1503
1695 1507
1700 1512
1705 1517
1710 1521
1715 1526
1720 1531
1725 1535
1730 1540
1735 1545
1740 1550
1745 1554
1750 1559
1755 1564
1760 1568
1765 1573
1770 1578
1775 1583
1780 1587
1785 1592
1790 1597
1795 1601
1800 1606
1805 1611
1810 1615
1815 1620
1820 1625
1825 1629
1830 1634
1835 1639
1840 1644
1845 1648
1850 1653
1855 1658
1860 1662
1865 1667
1870 1672
1875 1677
1880 1681
1885 1686
1890 1691
1895 1695
1900 1700
1905 1705
1910 1709
1915 1714
1920 1719
1925 1723
1930 1728
1935 1733
1940 1737
1945 1742
1950 1747
1955 1752
1960 1756
1965 1761
1970 1766
1975 1771
1980 1775
1985 1780
1990 1785
1995 1789
2000 1794
2005 1799
2010 1803
2015 1808
2020 1813
2025 1817
2030 1822
2035 1827
2040 1831
2045 1836
2050 1841
2055 1845
2060 1850
2065 1855
2070 1859
2075 1864
2080 1869
2085 1873
2090 1878
2095 1883
2100 1888
2105 1893
2110 1897
2115 1902
2120 1906
2125 1911
2130 1916
2135 1920
2140 1925
2145 1930
2150 1935
2155 1939
2160 1944
2165 1949
2170 1953
2175 1958
2180 1963
2185 1967
2190 1972
2195 1977
2200 1982
2205 1986
2210 1991
2215 1996
2220 2000
2225 2005
2230 2010
2235 2014
2240 2019
2245 2024
2250 2028
2255 2033
2260 2038
2265 2043
2270 2047
2275 2052
2280 2057
2285 2061
2290 2066
2295 2071
2300 2075
2305 2080
2310 2085
2315 2089
2320 2094
2325 2099
2330 2103
2335 2108
2340 2113
2345 2117
2350 2122
2355 2127
2360 2132
2365 2136
2370 2141
2375 2146
2380 2151
2385 2155
2390 2160
2395 2165
2400 2169
2405 2174
2410 2179
2415 2183
2420 2188
2425 2193
2430 2197
2435 2202
2440 2207
2445 2211
2450 2216
2455 2221
2460 2226
2465 2230
2470 2235
2475 2240
2480 2245
2485 2249
2490 2254
2495 2259
2500 2263
2505 2268
2510 2273
2515 2277
2520 2282
2525 2287
2530 2291
2535 2296
2540 2301
2545 2305
2550 2310
2555 2315
2560 2320
2565 2325
2570 2329
2575 2334
2580 2339
2585 2343
2590 2348
2595 2353
2600 2357
2605 2362
2610 2367
2615 2371
2620 2376
2625 2381
2630 2385
2635 2390
2640 2395
2645 2400
2650 2404
2655 2409
2660 2414
2665 2419
2670 2423
2675 2428
2680 2432
2685 2437
2690 2442
2695 2447
2700 2451
2705 2456
2710 2461
2715 2465
2720 2470
2725 2475
2730 2479
2735 2484
2740 2489
2745 2493
2750 2498
2755 2503
2760 2508
2765 2512
2770 2517
2775 2522
2780 2526
2785 2531
2790 2536
2795 2541
2800 2545
2805 2550
2810 2555
2815 2559
2820 2564
2825 2569
2830 2573
2835 2578
2840 2583
2845 2587
2850 2592
2855 2597
2860 2601
2865 2606
2870 2611
2875 2616
2880 2620
2885 2625
2890 2630
2895 2635
2900 2639
2905 2644
2910 2649
2915 2653
2920 2658
2925 2663
2930 2667
2935 2672
2940 2677
2945 2681
2950 2686
2955 2691
2960 2695
2965 2700
2970 2705
2975 2710
2980 2714
2985 2719
2990 2724
2995 2729
3000 2733
3005 2738
3010 2743
3015 2747
3020 2752
3025 2757
3030 2761
3035 2766
3040 2771
3045 2776
3050 2780
3055 2785
3060 2790
3065 2795
3070 2799
3075 2804
3080 2809
3085 2813
3090 2818
3095 2823
3100 2827
3105 2832
3110 2837
3115 2841
3120 2846
3125 2851
3130 2855
3135 2860
3140 2865
3145 2870
3150 2874
3155 2879
3160 2884
3165 2889
3170 2893
3175 2898
3180 2903
3185 2907
3190 2912
3195 2917
3200 2921
3205 2926
3210 2931
3215 2935
3220 2940
3225 2945
3230 2949
3235 2954
3240 2959
3245 2964
3250 2968
3255 2973
3260 2978
3265 2982
3270 2987
3275 2992
3280 2997
3285 3001
3290 3006
3295 3011
3300 3015
3305 3020
3310 3025
3315 3029
3320 3034
3325 3039
3330 3043
3335 3048
3340 3053
3345 3057
3350 3062
3355 3067
3360 3072
3365 3076
3370 3081
3375 3086
3380 3091
3385 3095
3390 3100
3395 3105
3400 3109
3405 3114
3410 3119
3415 3123
3420 3128
3425 3133
3430 3137
3435 3142
3440 3147
3445 3151
3450 3156
3455 3161
3460 3166
3465 3170
3470 3175
3475 3180
3480 3184
3485 3189
3490 3194
3495 3198
3500 3203
3505 3208
3510 3213
3515 3217
3520 3222
3525 3227
3530 3231
3535 3236
3540 3241
3545 3245
3550 3250
3555 3255
3560 3259
3565 3264
3570 3269
3575 3273
3580 3278
3585 3283
3590 3288
3595 3292
3600 3297
3605 3302
3610 3307
3615 3311
3620 3316
3625 3321
3630 3325
3635 3330
3640 3335
3645 3339
3650 3344
3655 3349
3660 3354
3665 3358
3670 3363
3675 3367
3680 3372
3685 3377
3690 3382
3695 3386
3700 3391
3705 3396
3710 3401
3715 3405
3720 3410
3725 3415
3730 3419
3735 3424
3740 3429
3745 3433
3750 3438
3755 3443
3760 3448
3765 3453
3770 3457
3775 3462
3780 3467
3785 3471
3790 3476
3795 3481
3800 3485
3805 3490
3810 3495
3815 3499
3820 3504
3825 3509
3830 3514
3835 3518
3840 3523
3845 3528
3850 3532
3855 3537
3860 3542
3865 3547
3870 3551
3875 3556
3880 3561
3885 3565
3890 3570
3895 3575
3900 3579
3905 3584
3910 3589
3915 3593
3920 3598
3925 3603
3930 3608
3935 3612
3940 3617
3945 3622
3950 3626
3955 3631
3960 3636
3965 3641
3970 3645
3975 3650
3980 3655
3985 3659
3990 3664
3995 3669
4000 3673
4005 3678
4010 3683
4015 3687
4020 3692
4025 3697
4030 3701
4035 3706
4040 3711
4045 3715
4050 3720
4055 3725
4060 3730
4065 3735
4070 3739
4075 3744
4080 3748
4085 3753
4090 3758
4095 3763
4100 3767
4105 3772
4110 3777
4115 3781
4120 3786
4125 3791
4130 3795
4135 3800
4140 3805
4145 3809
4150 3814
4155 3819
4160 3824
4165 3828
4170 3833
4175 3838
4180 3842
4185 3847
4190 3852
4195 3857
4200 3861
4205 3866
4210 3871
4215 3875
4220 3880
4225 3885
4230 3889
4235 3894
4240 3899
4245 3904
4250 3908
4255 3913
4260 3918
4265 3923
4270 3927
4275 3932
4280 3937
4285 3941
4290 3946
4295 3951
4300 3955
4305 3960
4310 3965
4315 3969
4320 3974
4325 3979
4330 3983
4335 3988
4340 3993
4345 3998
4350 4002
4355 4007
4360 4012
4365 4016
4370 4021
4375 4026
4380 4031
4385 4035
4390 4040
4395 4045
4400 4049
4405 4054
4410 4059
4415 4063
4420 4068
4425 4073
4430 4078
4435 4082
4440 4087
4445 4092
4450 4097
4455 4101
4460 4106
4465 4111
4470 4115
4475 4120
4480 4125
4485 4129
4490 4134
4495 4139
4500 4144
4505 4148
4510 4153
4515 4157
4520 4162
4525 4167
4530 4172
4535 4176
4540 4181
4545 4186
4550 4191
4555 4195
4560 4200
4565 4205
4570 4209
4575 4214
4580 4219
4585 4223
4590 4228
4595 4233
4600 4238
4605 4242
4610 4247
4615 4251
4620 4256
4625 4261
4630 4266
4635 4270
4640 4275
4645 4280
4650 4284
4655 4289
4660 4294
4665 4299
4670 4303
4675 4308
4680 4313
4685 4317
4690 4322
4695 4327
4700 4331
4705 4336
4710 4341
4715 4345
4720 4350
4725 4355
4730 4359
4735 4364
4740 4369
4745 4373
4750 4378
4755 4383
4760 4388
4765 4392
4770 4397
4775 4402
4780 4407
4785 4411
4790 4416
4795 4421
4800 4425
4805 4430
4810 4435
4815 4439
4820 4444
4825 4449
4830 4454
4835 4458
4840 4463
4845 4467
4850 4472
4855 4477
4860 4482
4865 4487
4870 4491
4875 4496
4880 4501
4885 4505
4890 4510
4895 4515
4900 4519
4905 4524
4910 4529
4915 4533
4920 4538
4925 4543
4930 4548
4935 4552
4940 4557
4945 4562
4950 4566
4955 4571
4960 4576
4965 4581
4970 4585
4975 4590
4980 4595
4985 4599
4990 4604
4995 4609
5000 4613
5005 4618
5010 4623
5015 4628
5020 4632
5025 4637
5030 4642
5035 4647
5040 4651
5045 4656
5050 4661
5055 4665
5060 4670
5065 4675
5070 4679
5075 4684
5080 4689
5085 4693
5090 4698
5095 4703
5100 4707
5105 4712
5110 4717
5115 4722
5120 4726
5125 4731
5130 4736
5135 4741
5140 4745
5145 4750
5150 4755
5155 4759
5160 4764
5165 4769
5170 4773
5175 4778
5180 4783
5185 4787
5190 4792
5195 4797
5200 4801
5205 4806
5210 4811
5215 4816
5220 4820
5225 4825
5230 4830
5235 4835
5240 4839
5245 4844
5250 4849
5255 4853
5260 4858
5265 4863
5270 4867
5275 4872
5280 4877
5285 4881
5290 4886
5295 4891
5300 4895
5305 4900
5310 4905
5315 4910
5320 4914
5325 4919
5330 4923
5335 4928
5340 4933
5345 4938
5350 4943
5355 4947
5360 4952
5365 4957
5370 4961
5375 4966
5380 4971
5385 4975
5390 4980
5395 4985
5400 4989
5405 4994
5410 4999
5415 5004
5420 5008
5425 5013
5430 5018
5435 5022
5440 5027
5445 5032
5450 5037
5455 5041
5460 5046
5465 5051
5470 5055
5475 5060
5480 5065
5485 5069
5490 5074
5495 5079
5500 5083
5505 5088
5510 5093
5515 5097
5520 5102
5525 5107
5530 5111
5535 5116
5540 5121
5545 5126
5550 5131
5555 5135
5560 5140
5565 5145
5570 5149
5575 5154
5580 5159
5585 5163
5590 5168
5595 5173
5600 5177
5605 5182
5610 5187
5615 5191
5620 5196
5625 5201
5630 5206
5635 5210
5640 5215
5645 5220
5650 5225
5655 5229
5660 5234
5665 5239
5670 5243
5675 5248
5680 5253
5685 5258
5690 5262
5695 5267
5700 5272
5705 5277
5710 5281
5715 5286
5720 5291
5725 5295
5730 5300
5735 5305
5740 5309
5745 5314
5750 5319
5755 5323
5760 5328
5765 5333
5770 5338
5775 5342
5780 5347
5785 5352
5790 5356
5795 5361
5800 5366
5805 5371
5810 5375
5815 5380
5820 5384
5825 5389
5830 5394
5835 5399
5840 5403
5845 5408
5850 5413
5855 5418
5860 5422
5865 5427
5870 5431
5875 5436
5880 5441
5885 5446
5890 5450
5895 5455
5900 5460
5905 5465
5910 5469
5915 5474
5920 5478
5925 5483
5930 5488
5935 5493
5940 5497
5945 5502
5950 5507
5955 5511
5960 5516
5965 5521
5970 5525
5975 5530
5980 5535
5985 5540
5990 5544
5995 5549
6000 5554
6005 5558
6010 5563
6015 5568
6020 5572
6025 5577
6030 5582
6035 5587
6040 5591
6045 5596
6050 5601
6055 5606
6060 5610
6065 5615
6070 5619
6075 5624
6080 5629
6085 5634
6090 5638
6095 5643
6100 5648
6105 5653
6110 5657
6115 5662
6120 5667
6125 5671
6130 5676
6135 5681
6140 5685
6145 5690
6150 5695
6155 5700
6160 5704
6165 5709
6170 5713
6175 5718
6180 5723
6185 5728
6190 5733
6195 5737
6200 5742
6205 5747
6210 5751
6215 5756
6220 5761
6225 5765
6230 5770
6235 5775
6240 5779
6245 5784
6250 5789
6255 5793
6260 5798
6265 5803
6270 5808
6275 5812
6280 5817
6285 5822
6290 5827
6295 5831
6300 5836
6305 5841
6310 5845
6315 5850
6320 5855
6325 5859
6330 5864
6335 5869
6340 5873
6345 5878
6350 5883
6355 5888
6360 5892
6365 5897
6370 5902
6375 5906
6380 5911
6385 5916
6390 5921
6395 5925
6400 5930
6405 5935
6410 5939
6415 5944
6420 5949
6425 5953
6430 5958
6435 5963
6440 5967
6445 5972
6450 5977
6455 5981
6460 5986
6465 5991
6470 5996
6475 6000
6480 6005
6485 6010
6490 6015
6495 6019
6500 6024
6505 6029
6510 6033
6515 6038
6520 6043
6525 6047
6530 6052
6535 6057
6540 6062
6545 6066
6550 6071
6555 6075
6560 6080
6565 6085
6570 6090
6575 6094
6580 6099
6585 6104
6590 6108
6595 6113
6600 6118
6605 6122
6610 6127
6615 6132
6620 6137
6625 6141
6630 6146
6635 6151
6640 6155
6645 6160
6650 6165
6655 6169
6660 6174
6665 6179
6670 6184
6675 6188
6680 6193
6685 6198
6690 6202
6695 6207
6700 6212
6705 6216
6710 6221
6715 6226
6720 6231
6725 6235
6730 6240
6735 6245
6740 6249
6745 6254
6750 6259
6755 6263
6760 6268
6765 6273
6770 6277
6775 6282
6780 6287
6785 6291
6790 6296
6795 6301
6800 6306
6805 6310
6810 6315
6815 6320
6820 6325
6825 6329
6830 6334
6835 6339
6840 6343
6845 6348
6850 6353
6855 6357
6860 6362
6865 6367
6870 6372
6875 6377
6880 6381
6885 6386
6890 6390
6895 6395
6900 6400
6905 6405
6910 6409
6915 6414
6920 6419
6925 6423
6930 6428
6935 6433
6940 6437
6945 6442
6950 6447
6955 6451
6960 6456
6965 6461
6970 6466
6975 6471
6980 6475
6985 6480
6990 6484
6995 6489
7000 6494
7005 6499
7010 6503
7015 6508
7020 6513
7025 6517
7030 6522
7035 6527
7040 6531
7045 6536
7050 6541
7055 6546
7060 6550
7065 6555
7070 6560
7075 6564
7080 6569
7085 6574
7090 6578
7095 6583
7100 6588
7105 6593
7110 6597
7115 6602
7120 6607
7125 6611
7130 6616
7135 6621
7140 6625
7145 6630
7150 6635
7155 6640
7160 6644
7165 6649
7170 6653
7175 6658
7180 6663
7185 6668
7190 6672
7195 6677
7200 6682
7205 6687
7210 6691
7215 6696
7220 6701
7225 6705
7230 6710
7235 6715
7240 6719
7245 6724
7250 6729
7255 6734
7260 6738
7265 6743
7270 6747
7275 6752
7280 6757
7285 6762
7290 6766
7295 6771
7300 6776
7305 6781
7310 6785
7315 6790
7320 6794
7325 6799
7330 6804
7335 6809
7340 6813
7345 6818
7350 6823
7355 6827
7360 6832
7365 6837
7370 6841
7375 6846
7380 6851
7385 6856
7390 6860
7395 6865
7400 6870
7405 6874
7410 6879
7415 6884
7420 6888
7425 6893
7430 6898
7435 6903
7440 6907
7445 6912
7450 6917
7455 6921
7460 6926
7465 6931
7470 6935
7475 6940
7480 6945
7485 6949
7490 6954
7495 6959
7500 6963
7505 6968
7510 6973
7515 6978
7520 6982
7525 6987
7530 6992
7535 6997
7540 7001
7545 7006
7550 7011
7555 7015
7560 7020
7565 7025
7570 7029
7575 7034
7580 7039
7585 7044
7590 7049
7595 7053
7600 7058
7605 7062
7610 7067
7615 7072
7620 7077
7625 7081
7630 7086
7635 7091
7640 7095
7645 7100
7650 7105
7655 7109
7660 7114
7665 7119
7670 7124
7675 7128
7680 7133
7685 7138
7690 7142
7695 7147
7700 7152
7705 7156
7710 7161
7715 7166
7720 7171
7725 7175
7730 7180
7735 7185
7740 7189
7745 7194
7750 7199
7755 7203
7760 7208
7765 7213
7770 7217
7775 7222
7780 7227
7785 7231
7790 7236
7795 7241
7800 7246
7805 7250
7810 7255
7815 7260
7820 7265
7825 7269
7830 7274
7835 7279
7840 7283
7845 7288
7850 7293
7855 7297
7860 7302
7865 7307
7870 7311
7875 7316
7880 7321
7885 7325
7890 7330
7895 7335
7900 7340
7905 7344
7910 7349
7915 7354
7920 7359
7925 7363
7930 7368
7935 7372
7940 7377
7945 7382
7950 7387
7955 7391
7960 7396
7965 7401
7970 7405
7975 7410
7980 7415
7985 7419
7990 7424
7995 7429
8000 7434
8005 7438
8010 7443
8015 7448
8020 7452
8025 7457
8030 7462
8035 7466
8040 7471
8045 7476
8050 7481
8055 7485
8060 7490
8065 7495
8070 7499
8075 7504
8080 7509
8085 7513
8090 7518
8095 7523
8100 7528
8105 7532
8110 7537
8115 7541
8120 7546
8125 7551
8130 7556
8135 7560
8140 7565
8145 7570
8150 7575
8155 7579
8160 7584
8165 7589
8170 7593
8175 7598
8180 7603
8185 7607
8190 7612
8195 7617
8200 7622
8205 7626
8210 7631
8215 7635
8220 7640
8225 7645
8230 7650
8235 7655
8240 7659
8245 7664
8250 7669
8255 7673
8260 7678
8265 7683
8270 7687
8275 7692
8280 7697
8285 7701
8290 7706
8295 7711
8300 7715
8305 7720
8310 7725
8315 7730
8320 7734
8325 7739
8330 7744
8335 7749
8340 7753
8345 7758
8350 7763
8355 7767
8360 7772
8365 7777
8370 7781
8375 7786
8380 7791
8385 7796
8390 7800
8395 7805
8400 7809
8405 7814
8410 7819
8415 7824
8420 7828
8425 7833
8430 7838
8435 7843
8440 7847
8445 7852
8450 7857
8455 7861
8460 7866
8465 7871
8470 7875
8475 7880
8480 7885
8485 7889
8490 7894
8495 7899
8500 7903
8505 7908
8510 7913
8515 7917
8520 7921
8525 7926
8530 7931
8535 7935
8540 7940
8545 7944
8550 7949
8555 7953
8560 7958
8565 7962
8570 7967
8575 7971
8580 7976
8585 7980
8590 7985
8595 7989
8600 7994
8605 7998
8610 8003
8615 8008
8620 8012
8625 8017
8630 8021
8635 8026
8640 8031
8645 8035
8650 8040
8655 8045
8660 8049
8665 8054
8670 8059
8675 8063
8680 8068
8685 8072
8690 8077
8695 8082
8700 8086
8705 8091
8710 8096
8715 8101
8720 8105
8725 8110
8730 8114
8735 8119
8740 8124
8745 8129
8750 8133
8755 8138
8760 8143
8765 8147
8770 8152
8775 8157
8780 8161
8785 8166
8790 8171
8795 8175
8800 8180
8805 8185
8810 8189
8815 8194
8820 8199
8825 8203
8830 8208
8835 8213
8840 8217
8845 8222
8850 8227
8855 8231
8860 8236
8865 8241
8870 8246
8875 8250
8880 8255
8885 8259
8890 8264
8895 8269
8900 8274
8905 8279
8910 8283
8915 8288
8920 8293
8925 8297
8930 8302
8935 8307
8940 8311
8945 8316
8950 8321
8955 8325
8960 8330
8965 8335
8970 8339
8975 8344
8980 8349
8985 8353
8990 8358
8995 8363
9000 8368
9005 8372
9010 8377
9015 8382
9020 8386
9025 8391
9030 8396
9035 8401
9040 8405
9045 8410
9050 8415
9055 8419
9060 8424
9065 8429
9070 8433
9075 8438
9080 8443
9085 8447
9090 8452
9095 8457
9100 8461
9105 8466
9110 8471
9115 8475
9120 8480
9125 8485
9130 8490
9135 8494
9140 8499
9145 8504
9150 8509
9155 8513
9160 8518
9165 8522
9170 8527
9175 8532
9180 8537
9185 8541
9190 8546
9195 8551
9200 8555
9205 8560
9210 8565
9215 8569
9220 8574
9225 8579
9230 8584
9235 8588
9240 8593
9245 8597
9250 8602
9255 8607
9260 8612
9265 8616
9270 8621
9275 8626
9280 8630
9285 8635
9290 8640
9295 8645
9300 8649
9305 8654
9310 8659
9315 8663
9320 8668
9325 8673
9330 8677
9335 8682
9340 8687
9345 8691
9350 8696
9355 8701
9360 8706
9365 8710
9370 8715
9375 8720
9380 8724
9385 8729
9390 8734
9395 8738
9400 8743
9405 8748
9410 8753
9415 8757
9420 8762
9425 8767
9430 8771
9435 8776
9440 8781
9445 8785
9450 8790
9455 8795
9460 8800
9465 8804
9470 8809
9475 8813
9480 8818
9485 8823
9490 8828
9495 8832
9500 8837
9505 8842
9510 8847
9515 8851
9520 8856
9525 8861
9530 8865
9535 8870
9540 8875
9545 8879
9550 8884
9555 8889
9560 8893
9565 8898
9570 8903
9575 8907
9580 8912
9585 8917
9590 8922
9595 8927
9600 8931
9605 8936
9610 8941
9615 8945
9620 8950
9625 8955
9630 8959
9635 8964
9640 8969
9645 8973
9650 8978
9655 8983
9660 8987
9665 8992
9670 8997
9675 9001
9680 9006
9685 9011
9690 9016
9695 9020
9700 9025
9705 9029
9710 9034
9715 9039
9720 9044
9725 9048
9730 9053
9735 9058
9740 9063
9745 9067
9750 9072
9755 9077
9760 9081
9765 9086
9770 9091
9775 9095
9780 9100
9785 9105
9790 9109
9795 9114
9800 9119
9805 9123
9810 9128
9815 9133
9820 9137
9825 9142
9830 9147
9835 9151
9840 9156
9845 9161
9850 9166
9855 9170
9860 9175
9865 9180
9870 9185
9875 9189
9880 9194
9885 9199
9890 9203
9895 9208
9900 9213
9905 9217
9910 9222
9915 9227
9920 9231
9925 9236
9930 9241
9935 9245
9940 9250
9945 9255
9950 9260
9955 9264
9960 9269
9965 9274
9970 9278
9975 9283
9980 9288
9985 9293
9990 9297
9995 9302
10000 9307
10005 9311
10010 9316
10015 9321
10020 9325
10025 9330
10030 9335
10035 9339
10040 9344
10045 9349
10050 9353
10055 9358
10060 9363
10065 9367
10070 9372
10075 9377
10080 9382
10085 9386
10090 9391
10095 9396
10100 9400
10105 9405
10110 9410
10115 9414
10120 9419
10125 9424
10130 9429
10135 9433
10140 9438
10145 9443
10150 9447
10155 9452
10160 9457
10165 9461
10170 9466
10175 9471
10180 9475
10185 9480
10190 9485
10195 9489
10200 9495
10205 9499
10210 9504
10215 9508
10220 9513
10225 9518
10230 9523
10235 9527
10240 9532
10245 9537
10250 9541
10255 9546
10260 9551
10265 9555
10270 9560
10275 9565
10280 9569
10285 9574
10290 9579
10295 9583
10300 9588
10305 9593
10310 9597
10315 9602
10320 9607
10325 9612
10330 9616
10335 9621
10340 9626
10345 9630
10350 9635
10355 9640
10360 9645
10365 9649
10370 9654
10375 9658
10380 9663
10385 9668
10390 9673
10395 9677
10400 9682
10405 9687
10410 9691
10415 9696
10420 9701
10425 9705
10430 9710
10435 9715
10440 9719
10445 9724
10450 9729
10455 9733
10460 9738
10465 9743
10470 9747
10475 9752
10480 9757
10485 9762
10490 9766
10495 9771
10500 9775
10505 9780
10510 9785
10515 9790
10520 9794
10525 9799
10530 9804
10535 9809
10540 9813
10545 9818
10550 9823
10555 9827
10560 9832
10565 9837
10570 9841
10575 9846
10580 9851
10585 9855
10590 9860
10595 9865
10600 9869
10605 9874
10610 9879
10615 9883
10620 9888
10625 9893
10630 9897
10635 9903
10640 9907
10645 9912
10650 9916
10655 9921
10660 9926
10665 9931
10670 9935
10675 9940
10680 9945
10685 9949
10690 9954
10695 9959
10700 9963
10705 9968
10710 9973
10715 9977
10720 9982
10725 9987
10730 9991
10735 9996
10740 10001
10745 10006
10750 10010
10755 10015
10760 10020
10765 10025
10770 10029
10775 10034
10780 10038
10785 10043
10790 10048
10795 10053
10800 10057
10805 10062
10810 10067
10815 10071
10820 10076
10825 10081
10830 10085
10835 10090
10840 10095
10845 10100
10850 10104
10855 10109
10860 10114
10865 10118
10870 10123
10875 10128
10880 10132
10885 10137
10890 10142
10895 10147
10900 10151
10905 10156
10910 10161
10915 10165
10920 10170
10925 10175
10930 10179
10935 10184
10940 10189
10945 10193
10950 10198
10955 10203
10960 10207
10965 10212
10970 10217
10975 10221
10980 10226
10985 10231
10990 10235
10995 10240
11000 10245
11005 10249
11010 10254
11015 10259
11020 10264
11025 10268
11030 10273
11035 10278
11040 10282
11045 10287
11050 10292
11055 10297
11060 10301
11065 10306
11070 10311
11075 10315
11080 10320
11085 10325
11090 10329
11095 10334
11100 10339
11105 10343
11110 10348
11115 10353
11120 10357
11125 10362
11130 10367
11135 10371
11140 10376
11145 10381
11150 10386
11155 10390
11160 10395
11165 10400
11170 10404
11175 10409
11180 10414
11185 10418
11190 10423
11195 10428
11200 10433
11205 10437
11210 10442
11215 10447
11220 10451
11225 10456
11230 10461
11235 10465
11240 10470
11245 10475
11250 10479
11255 10484
11260 10489
11265 10493
11270 10498
11275 10503
11280 10507
11285 10512
11290 10517
11295 10521
11300 10526
11305 10531
11310 10535
11315 10540
11320 10545
11325 10550
11330 10554
11335 10559
11340 10564
11345 10568
11350 10573
11355 10578
11360 10582
11365 10587
11370 10592
11375 10597
11380 10601
11385 10606
11390 10611
11395 10615
11400 10620
11405 10625
11410 10629
11415 10634
11420 10639
11425 10643
11430 10648
11435 10653
11440 10657
11445 10662
11450 10667
11455 10672
11460 10677
11465 10681
11470 10686
11475 10691
11480 10695
11485 10700
11490 10705
11495 10709
11500 10714
11505 10719
11510 10723
11515 10728
11520 10733
11525 10737
11530 10742
11535 10747
11540 10751
11545 10756
11550 10761
11555 10766
11560 10770
11565 10775
11570 10779
11575 10784
11580 10789
11585 10794
11590 10798
11595 10803
11600 10807
11605 10812
11610 10817
11615 10822
11620 10826
11625 10831
11630 10836
11635 10841
11640 10845
11645 10850
11650 10854
11655 10859
11660 10864
11665 10869
11670 10873
11675 10878
11680 10883
11685 10887
11690 10892
11695 10897
11700 10901
11705 10906
11710 10911
11715 10915
11720 10920
11725 10925
11730 10929
11735 10934
11740 10939
11745 10943
11750 10948
11755 10953
11760 10957
11765 10962
11770 10967
11775 10971
11780 10976
11785 10981
11790 10986
11795 10990
11800 10995
11805 11000
11810 11004
11815 11009
11820 11014
11825 11018
11830 11023
11835 11028
11840 11033
11845 11037
11850 11042
11855 11047
11860 11051
11865 11056
11870 11061
11875 11065
11880 11070
11885 11075
11890 11079
11895 11084
11900 11089
11905 11093
11910 11098
11915 11103
11920 11107
11925 11112
11930 11117
11935 11122
11940 11126
11945 11131
11950 11136
11955 11140
11960 11145
11965 11150
11970 11155
11975 11159
11980 11164
11985 11169
11990 11173
11995 11178
12000 11183
12005 11187
12010 11192
12015 11197
12020 11201
12025 11206
12030 11211
12035 11215
12040 11220
12045 11225
12050 11229
12055 11234
12060 11239
12065 11243
12070 11248
12075 11253
12080 11257
12085 11262
12090 11267
12095 11272
12100 11277
12105 11281
12110 11286
12115 11291
12120 11295
12125 11300
12130 11305
12135 11309
12140 11314
12145 11319
12150 11323
12155 11328
12160 11333
12165 11337
12170 11342
12175 11347
12180 11351
12185 11356
12190 11361
12195 11365
12200 11370
12205 11375
12210 11379
12215 11384
12220 11389
12225 11394
12230 11398
12235 11403
12240 11408
12245 11412
12250 11417
12255 11422
12260 11426
12265 11431
12270 11436
12275 11441
12280 11445
12285 11450
12290 11454
12295 11459
12300 11464
12305 11469
12310 11473
12315 11478
12320 11483
12325 11487
12330 11492
12335 11497
12340 11501
12345 11506
12350 11511
12355 11515
12360 11520
12365 11525
12370 11529
12375 11534
12380 11539
12385 11543
12390 11548
12395 11553
12400 11558
12405 11562
12410 11567
12415 11571
12420 11576
12425 11581
12430 11586
12435 11590
12440 11595
12445 11599
12450 11604
12455 11609
12460 11614
12465 11618
12470 11623
12475 11628
12480 11633
12485 11637
12490 11642
12495 11646
12500 11651
12505 11656
12510 11661
12515 11665
12520 11670
12525 11675
12530 11679
12535 11684
12540 11689
12545 11693
12550 11698
12555 11703
12560 11707
12565 11712
12570 11717
12575 11721
12580 11726
12585 11731
12590 11735
12595 11740
12600 11745
12605 11750
12610 11755
12615 11759
12620 11764
12625 11768
12630 11773
12635 11778
12640 11783
12645 11787
12650 11792
12655 11797
12660 11801
12665 11806
12670 11811
12675 11815
12680 11820
12685 11825
12690 11829
12695 11834
12700 11839
12705 11843
12710 11848
12715 11853
12720 11857
12725 11862
12730 11867
12735 11872
12740 11876
12745 11881
12750 11885
12755 11890
12760 11895
12765 11900
12770 11904
12775 11909
12780 11914
12785 11919
12790 11923
12795 11928
12800 11932
12805 11937
12810 11942
12815 11947
12820 11951
12825 11956
12830 11961
12835 11965
12840 11970
12845 11975
12850 11979
12855 11984
12860 11989
12865 11993
12870 11998
12875 12003
12880 12007
12885 12012
12890 12017
12895 12022
12900 12026
12905 12031
12910 12036
12915 12040
12920 12045
12925 12050
12930 12054
12935 12059
12940 12064
12945 12069
12950 12073
12955 12078
12960 12082
12965 12087
12970 12092
12975 12097
12980 12101
12985 12106
12990 12111
12995 12115
13000 12120
13005 12125
13010 12129
13015 12134
13020 12139
13025 12143
13030 12148
13035 12153
13040 12157
13045 12162
13050 12167
13055 12171
13060 12176
13065 12181
13070 12185
13075 12190
13080 12195
13085 12200
13090 12204
13095 12209
13100 12214
13105 12218
13110 12223
13115 12228
13120 12232
13125 12237
13130 12242
13135 12246
13140 12251
13145 12256
13150 12261
13155 12265
13160 12270
13165 12275
13170 12279
13175 12284
13180 12289
13185 12293
13190 12298
13195 12303
13200 12307
13205 12312
13210 12317
13215 12321
13220 12326
13225 12331
13230 12335
13235 12340
13240 12345
13245 12350
13250 12354
13255 12359
13260 12364
13265 12368
13270 12373
13275 12378
13280 12383
13285 12387
13290 12392
13295 12397
13300 12401
13305 12406
13310 12411
13315 12415
13320 12420
13325 12425
13330 12429
13335 12434
13340 12439
13345 12444
13350 12448
13355 12453
13360 12458
13365 12462
13370 12467
13375 12472
13380 12477
13385 12481
13390 12486
13395 12491
13400 12495
13405 12500
13410 12505
13415 12509
13420 12514
13425 12519
13430 12523
13435 12528
13440 12533
13445 12537
13450 12542
13455 12547
13460 12551
13465 12556
13470 12561
13475 12566
13480 12570
13485 12575
13490 12579
13495 12584
13500 12589
13505 12594
13510 12598
13515 12603
13520 12608
13525 12613
13530 12617
13535 12622
13540 12627
13545 12631
13550 12636
13555 12641
13560 12645
13565 12650
13570 12654
13575 12659
13580 12664
13585 12669
13590 12673
13595 12678
13600 12683
13605 12687
13610 12692
13615 12697
13620 12701
13625 12706
13630 12711
13635 12715
13640 12720
13645 12725
13650 12729
13655 12734
13660 12739
13665 12743
13670 12748
13675 12753
13680 12757
13685 12762
13690 12767
13695 12772
13700 12776
13705 12781
13710 12786
13715 12791
13720 12795
13725 12800
13730 12805
13735 12809
13740 12814
13745 12818
13750 12823
13755 12828
13760 12833
13765 12837
13770 12842
13775 12847
13780 12851
13785 12856
13790 12861
13795 12865
13800 12870
13805 12875
13810 12879
13815 12884
13820 12889
13825 12893
13830 12898
13835 12903
13840 12908
13845 12912
13850 12917
13855 12922
13860 12926
13865 12931
13870 12936
13875 12940
13880 12945
13885 12950
13890 12955
13895 12959
13900 12964
13905 12968
13910 12973
13915 12978
13920 12983
13925 12987
13930 12992
13935 12997
13940 13001
13945 13006
13950 13011
13955 13015
13960 13020
13965 13025
13970 13029
13975 13034
13980 13039
13985 13043
13990 13048
13995 13053
14000 13057
14005 13062
14010 13067
14015 13072
14020 13076
14025 13081
14030 13086
14035 13090
14040 13095
14045 13100
14050 13104
14055 13109
14060 13114
14065 13119
14070 13123
14075 13128
14080 13132
14085 13137
14090 13141
14095 13146
14100 13151
14105 13155
14110 13160
14115 13165
14120 13169
14125 13174
14130 13178
14135 13183
14140 13188
14145 13193
14150 13197
14155 13201
14160 13206
14165 13211
14170 13216
14175 13220
14180 13225
14185 13229
14190 13234
14195 13239
14200 13244
14205 13248
14210 13253
14215 13257
14220 13262
14225 13267
14230 13271
14235 13276
14240 13281
14245 13285
14250 13290
14255 13295
14260 13299
14265 13304
14270 13309
14275 13313
14280 13318
14285 13323
14290 13327
14295 13332
14300 13337
14305 13341
14310 13346
14315 13351
14320 13355
14325 13360
14330 13365
14335 13369
14340 13374
14345 13379
14350 13383
14355 13388
14360 13393
14365 13397
14370 13402
14375 13407
14380 13411
14385 13416
14390 13421
14395 13425
14400 13430
14405 13435
14410 13439
14415 13444
14420 13449
14425 13454
14430 13458
14435 13463
14440 13467
14445 13472
14450 13477
14455 13482
14460 13486
14465 13491
14470 13496
14475 13500
14480 13505
14485 13510
14490 13514
14495 13519
14500 13524
14505 13529
14510 13533
14515 13538
14520 13543
14525 13547
14530 13552
14535 13557
14540 13561
14545 13566
14550 13571
14555 13575
14560 13580
14565 13585
14570 13589
14575 13594
14580 13599
14585 13603
14590 13608
14595 13613
14600 13617
14605 13622
14610 13627
14615 13631
14620 13636
14625 13641
14630 13646
14635 13650
14640 13655
14645 13659
14650 13664
14655 13669
14660 13674
14665 13678
14670 13683
14675 13688
14680 13692
14685 13697
14690 13702
14695 13706
14700 13711
14705 13715
14710 13720
14715 13724
14720 13729
14725 13733
14730 13738
14735 13743
14740 13747
14745 13752
14750 13757
14755 13761
14760 13766
14765 13771
14770 13775
14775 13780
14780 13784
14785 13789
14790 13794
14795 13798
14800 13803
14805 13808
14810 13812
14815 13817
14820 13821
14825 13826
14830 13831
14835 13835
14840 13840
14845 13845
14850 13849
14855 13854
14860 13859
14865 13863
14870 13868
14875 13873
14880 13877
14885 13882
14890 13887
14895 13891
14900 13896
14905 13901
14910 13905
14915 13910
14920 13915
14925 13919
14930 13924
14935 13929
14940 13933
14945 13938
14950 13943
14955 13947
14960 13952
14965 13957
14970 13961
14975 13966
14980 13971
14985 13975
14990 13980
14995 13985
15000 13989
15005 13994
15010 13999
15015 14003
15020 14008
15025 14013
15030 14017
15035 14022
15040 14027
15045 14031
15050 14036
15055 14041
15060 14045
15065 14050
15070 14055
15075 14060
15080 14064
15085 14069
15090 14073
15095 14079
15100 14083
15105 14088
15110 14092
15115 14097
15120 14102
15125 14107
15130 14111
15135 14116
15140 14120
15145 14125
15150 14130
15155 14135
15160 14139
15165 14144
15170 14149
15175 14153
15180 14158
15185 14163
15190 14167
15195 14172
15200 14177
15205 14181
15210 14186
15215 14191
15220 14195
15225 14201
15230 14205
15235 14210
15240 14214
15245 14219
15250 14224
15255 14229
15260 14233
15265 14238
15270 14243
15275 14247
15280 14252
15285 14257
15290 14261
15295 14266
15300 14271
15305 14275
15310 14280
15315 14285
15320 14289
15325 14294
15330 14299
15335 14304
15340 14308
15345 14313
15350 14318
15355 14323
15360 14327
15365 14332
15370 14337
15375 14341
15380 14346
15385 14351
15390 14355
15395 14360
15400 14365
15405 14369
15410 14374
15415 14379
15420 14383
15425 14388
15430 14393
15435 14397
15440 14402
15445 14407
15450 14411
15455 14416
15460 14421
15465 14425
15470 14430
15475 14435
15480 14440
15485 14444
15490 14449
15495 14454
15500 14459
15505 14463
15510 14468
15515 14473
15520 14477
15525 14482
15530 14487
15535 14491
15540 14496
15545 14501
15550 14505
15555 14510
15560 14515
15565 14519
15570 14524
15575 14529
15580 14533
15585 14538
15590 14543
15595 14547
15600 14552
15605 14557
15610 14562
15615 14566
15620 14571
15625 14576
15630 14580
15635 14585
15640 14590
15645 14594
15650 14599
15655 14604
15660 14609
15665 14613
15670 14618
15675 14622
15680 14627
15685 14632
15690 14637
15695 14641
15700 14646
15705 14651
15710 14655
15715 14660
15720 14665
15725 14669
15730 14674
15735 14679
15740 14684
15745 14688
15750 14693
15755 14698
15760 14703
15765 14707
15770 14712
15775 14716
15780 14721
15785 14726
15790 14731
15795 14735
15800 14740
15805 14745
15810 14749
15815 14754
15820 14759
15825 14763
15830 14768
15835 14773
15840 14777
15845 14782
15850 14787
15855 14791
15860 14796
15865 14801
15870 14806
15875 14810
15880 14815
15885 14820
15890 14825
15895 14829
15900 14834
15905 14838
15910 14843
15915 14848
15920 14853
15925 14857
15930 14862
15935 14867
15940 14871
15945 14876
15950 14881
15955 14885
15960 14890
15965 14895
15970 14899
15975 14904
15980 14909
15985 14914
15990 14919
15995 14923
16000 14928
16005 14932
16010 14937
16015 14942
16020 14947
16025 14951
16030 14956
16035 14961
16040 14965
16045 14970
16050 14975
16055 14979
16060 14984
16065 14989
16070 14993
16075 14998
16080 15003
16085 15007
16090 15012
16095 15017
16100 15022
16105 15026
16110 15031
16115 15036
16120 15041
16125 15045
16130 15050
16135 15055
16140 15059
16145 15064
16150 15069
16155 15073
16160 15078
16165 15083
16170 15087
16175 15092
16180 15097
16185 15101
16190 15106
16195 15111
16200 15115
16205 15120
16210 15125
16215 15129
16220 15134
16225 15139
16230 15143
16235 15148
16240 15153
16245 15158
16250 15162
16255 15167
16260 15171
16265 15176
16270 15181
16275 15186
16280 15190
16285 15195
16290 15200
16295 15205
16300 15209
16305 15214
16310 15219
16315 15223
16320 15228
16325 15233
16330 15237
16335 15242
16340 15247
16345 15251
16350 15256
16355 15261
16360 15265
16365 15270
16370 15275
16375 15280
16380 15284
16385 15289
16390 15294
16395 15298
16400 15303
16405 15308
16410 15312
16415 15317
16420 15322
16425 15327
16430 15331
16435 15336
16440 15341
16445 15345
16450 15350
16455 15355
16460 15359
16465 15364
16470 15369
16475 15373
16480 15378
16485 15383
16490 15387
16495 15392
16500 15397
16505 15402
16510 15406
16515 15411
16520 15416
16525 15421
16530 15425
16535 15430
16540 15435
16545 15439
16550 15444
16555 15449
16560 15453
16565 15458
16570 15463
16575 15467
16580 15472
16585 15477
16590 15481
16595 15486
16600 15491
16605 15496
16610 15500
16615 15505
16620 15509
16625 15515
16630 15519
16635 15524
16640 15528
16645 15533
16650 15538
16655 15543
16660 15547
16665 15552
16670 15557
16675 15561
16680 15566
16685 15571
16690 15575
16695 15580
16700 15585
16705 15589
16710 15594
16715 15599
16720 15603
16725 15608
16730 15613
16735 15618
16740 15622
16745 15627
16750 15632
16755 15637
16760 15641
16765 15646
16770 15650
16775 15655
16780 15660
16785 15665
16790 15669
16795 15674
16800 15679
16805 15683
16810 15688
16815 15693
16820 15697
16825 15702
16830 15707
16835 15711
16840 15716
16845 15721
16850 15725
16855 15730
16860 15735
16865 15740
16870 15744
16875 15749
16880 15754
16885 15759
16890 15763
16895 15768
16900 15772
16905 15777
16910 15782
16915 15787
16920 15791
16925 15796
16930 15801
16935 15805
16940 15810
16945 15815
16950 15819
16955 15824
16960 15829
16965 15833
16970 15838
16975 15843
16980 15847
16985 15852
16990 15857
16995 15861
17000 15866
17005 15871
17010 15876
17015 15880
17020 15885
17025 15890
17030 15894
17035 15899
17040 15904
17045 15909
17050 15913
17055 15918
17060 15923
17065 15927
17070 15932
17075 15937
17080 15941
17085 15946
17090 15951
17095 15955
17100 15960
17105 15965
17110 15969
17115 15974
17120 15979
17125 15984
17130 15988
17135 15993
17140 15998
17145 16003
17150 16007
17155 16012
17160 16017
17165 16021
17170 16026
17175 16031
17180 16035
17185 16040
17190 16045
17195 16050
17200 16054
17205 16059
17210 16064
17215 16068
17220 16073
17225 16078
17230 16082
17235 16087
17240 16092
17245 16097
17250 16101
17255 16106
17260 16111
17265 16115
17270 16120
17275 16125
17280 16129
17285 16134
17290 16139
17295 16144
17300 16148
17305 16153
17310 16157
17315 16162
17320 16167
17325 16172
17330 16176
17335 16181
17340 16186
17345 16191
17350 16195
17355 16200
17360 16204
17365 16209
17370 16214
17375 16219
17380 16223
17385 16228
17390 16233
17395 16237
17400 16242
17405 16247
17410 16251
17415 16256
17420 16261
17425 16265
17430 16270
17435 16275
17440 16279
17445 16284
17450 16289
17455 16294
17460 16298
17465 16303
17470 16308
17475 16313
17480 16317
17485 16322
17490 16326
17495 16331
17500 16336
17505 16341
17510 16345
17515 16350
17520 16355
17525 16359
17530 16364
17535 16369
17540 16373
17545 16378
17550 16383
17555 16387
17560 16392
17565 16397
17570 16401
17575 16406
17580 16411
17585 16415
17590 16420
17595 16425
17600 16430
17605 16434
17610 16439
17615 16443
17620 16448
17625 16453
17630 16458
17635 16463
17640 16467
17645 16472
17650 16477
17655 16481
17660 16486
17665 16491
17670 16495
17675 16500
17680 16505
17685 16509
17690 16514
17695 16519
17700 16523
17705 16528
17710 16533
17715 16537
17720 16542
17725 16547
17730 16552
17735 16556
17740 16561
17745 16566
17750 16570
17755 16575
17760 16580
17765 16585
17770 16589
17775 16594
17780 16599
17785 16603
17790 16608
17795 16613
17800 16617
17805 16622
17810 16627
17815 16631
17820 16636
17825 16641
17830 16646
17835 16650
17840 16655
17845 16659
17850 16664
17855 16669
17860 16674
17865 16679
17870 16683
17875 16688
17880 16693
17885 16697
17890 16702
17895 16707
17900 16711
17905 16716
17910 16721
17915 16725
17920 16730
17925 16735
17930 16739
17935 16744
17940 16749
17945 16754
17950 16758
17955 16763
17960 16768
17965 16772
17970 16777
17975 16782
17980 16787
17985 16791
17990 16796
17995 16801
18000 16805
18005 16810
18010 16815
18015 16819
18020 16824
18025 16829
18030 16833
18035 16838
18040 16843
18045 16847
18050 16852
18055 16857
18060 16862
18065 16866
18070 16871
18075 16875
18080 16880
18085 16885
18090 16890
18095 16894
18100 16899
18105 16903
18110 16908
18115 16913
18120 16918
18125 16922
18130 16927
18135 16932
18140 16937
18145 16941
18150 16946
18155 16950
18160 16955
18165 16960
18170 16965
18175 16969
18180 16974
18185 16979
18190 16983
18195 16988
18200 16993
18205 16997
18210 17002
18215 17007
18220 17011
18225 17016
18230 17021
18235 17026
18240 17031
18245 17035
18250 17040
18255 17044
18260 17049
18265 17054
18270 17059
18275 17063
18280 17068
18285 17073
18290 17077
18295 17082
18300 17087
18305 17091
18310 17096
18315 17101
18320 17106
18325 17110
18330 17115
18335 17119
18340 17124
18345 17129
18350 17134
18355 17138
18360 17143
18365 17148
18370 17153
18375 17157
18380 17162
18385 17166
18390 17171
18395 17176
18400 17181
18405 17185
18410 17190
18415 17195
18420 17199
18425 17204
18430 17209
18435 17213
18440 17218
18445 17223
18450 17228
18455 17232
18460 17237
18465 17242
18470 17247
18475 17251
18480 17256
18485 17261
18490 17265
18495 17270
18500 17275
18505 17279
18510 17284
18515 17289
18520 17293
18525 17298
18530 17303
18535 17307
18540 17312
18545 17317
18550 17322
18555 17326
18560 17331
18565 17336
18570 17341
18575 17345
18580 17350
18585 17354
18590 17359
18595 17364
18600 17369
18605 17373
18610 17378
18615 17383
18620 17387
18625 17392
18630 17397
18635 17401
18640 17406
18645 17411
18650 17416
18655 17420
18660 17425
18665 17429
18670 17434
18675 17439
18680 17444
18685 17448
18690 17453
18695 17458
18700 17463
18705 17467
18710 17472
18715 17476
18720 17481
18725 17486
18730 17491
18735 17495
18740 17500
18745 17505
18750 17509
18755 17514
18760 17519
18765 17523
18770 17528
18775 17533
18780 17537
18785 17542
18790 17547
18795 17551
18800 17556
18805 17561
18810 17566
18815 17570
18820 17575
18825 17580
18830 17585
18835 17589
18840 17594
18845 17599
18850 17603
18855 17608
18860 17613
18865 17617
18870 17622
18875 17627
18880 17631
18885 17636
18890 17641
18895 17645
18900 17650
18905 17655
18910 17660
18915 17664
18920 17669
18925 17673
18930 17678
18935 17683
18940 17688
18945 17692
18950 17697
18955 17702
18960 17707
18965 17711
18970 17716
18975 17721
18980 17725
18985 17730
18990 17735
18995 17739
19000 17744
19005 17749
19010 17754
19015 17758
19020 17763
19025 17767
19030 17772
19035 17777
19040 17782
19045 17786
19050 17791
19055 17796
19060 17801
19065 17805
19070 17810
19075 17815
19080 17819
19085 17824
19090 17829
19095 17833
19100 17838
19105 17843
19110 17848
19115 17852
19120 17857
19125 17862
19130 17866
19135 17871
19140 17876
19145 17880
19150 17885
19155 17890
19160 17895
19165 17899
19170 17904
19175 17909
19180 17913
19185 17918
19190 17923
19195 17927
19200 17932
19205 17937
19210 17942
19215 17946
19220 17951
19225 17956
19230 17961
19235 17965
19240 17970
19245 17975
19250 17979
19255 17984
19260 17989
19265 17993
19270 17998
19275 18003
19280 18007
19285 18012
19290 18017
19295 18021
19300 18026
19305 18031
19310 18036
19315 18040
19320 18045
19325 18050
19330 18054
19335 18059
19340 18064
19345 18069
19350 18073
19355 18078
19360 18082
19365 18087
19370 18092
19375 18097
19380 18101
19385 18106
19390 18111
19395 18115
19400 18120
19405 18125
19410 18129
19415 18134
19420 18139
19425 18143
19430 18148
19435 18153
19440 18158
19445 18162
19450 18167
19455 18172
19460 18176
19465 18181
19470 18186
19475 18191
19480 18195
19485 18200
19490 18205
19495 18209
19500 18214
19505 18219
19510 18223
19515 18228
19520 18233
19525 18237
19530 18242
19535 18247
19540 18251
19545 18256
19550 18261
19555 18266
19560 18270
19565 18275
19570 18280
19575 18285
19580 18289
19585 18294
19590 18299
19595 18303
19600 18308
19605 18313
19610 18317
19615 18322
19620 18327
19625 18331
19630 18336
19635 18341
19640 18345
19645 18350
19650 18355
19655 18360
19660 18364
19665 18369
19670 18374
19675 18379
19680 18383
19685 18388
19690 18392
19695 18397
19700 18402
19705 18407
19710 18411
19715 18416
19720 18421
19725 18425
19730 18430
19735 18435
19740 18439
19745 18444
19750 18449
19755 18454
19760 18458
19765 18463
19770 18468
19775 18473
19780 18477
19785 18482
19790 18487
19795 18491
19800 18496
19805 18501
19810 18505
19815 18510
19820 18515
19825 18519
19830 18524
19835 18529
19840 18533
19845 18538
19850 18543
19855 18548
19860 18552
19865 18557
19870 18562
19875 18567
19880 18571
19885 18576
19890 18580
19895 18585
19900 18590
19905 18595
19910 18599
19915 18604
19920 18609
19925 18613
19930 18618
19935 18623
19940 18627
19945 18632
19950 18637
19955 18642
19960 18646
19965 18651
19970 18655
19975 18660
19980 18665
19985 18670
19990 18674
19995 18679
20000 18684
20005 18689
20010 18693
20015 18698
20020 18703
20025 18707
20030 18712
20035 18717
20040 18721
20045 18726
20050 18731
20055 18735
20060 18740
20065 18745
20070 18749
20075 18754
20080 18759
20085 18763
20090 18768
20095 18773
20100 18777
20105 18782
20110 18787
20115 18792
20120 18796
20125 18801
20130 18806
20135 18811
20140 18815
20145 18820
20150 18825
20155 18829
20160 18834
20165 18839
20170 18843
20175 18848
20180 18853
20185 18857
20190 18862
20195 18867
20200 18871
20205 18876
20210 18881
20215 18886
20220 18890
20225 18895
20230 18900
20235 18904
20240 18909
20245 18914
20250 18918
20255 18923
20260 18928
20265 18933
20270 18937
20275 18942
20280 18947
20285 18951
20290 18956
20295 18961
20300 18965
20305 18970
20310 18975
20315 18979
20320 18984
20325 18989
20330 18993
20335 18998
20340 19003
20345 19008
20350 19012
20355 19017
20360 19022
20365 19027
20370 19031
20375 19036
20380 19041
20385 19045
20390 19050
20395 19055
20400 19059
20405 19064
20410 19069
20415 19073
20420 19078
20425 19083
20430 19087
20435 19092
20440 19097
20445 19102
20450 19106
20455 19111
20460 19116
20465 19121
20470 19125
20475 19130
20480 19134
20485 19139
20490 19144
20495 19149
20500 19153
20505 19158
20510 19163
20515 19167
20520 19172
20525 19177
20530 19181
20535 19186
20540 19191
20545 19195
20550 19200
20555 19205
20560 19210
20565 19214
20570 19219
20575 19224
20580 19228
20585 19233
20590 19238
20595 19243
20600 19247
20605 19252
20610 19257
20615 19261
20620 19266
20625 19271
20630 19275
20635 19280
20640 19285
20645 19289
20650 19294
20655 19299
20660 19303
20665 19308
20670 19313
20675 19318
20680 19322
20685 19327
20690 19332
20695 19337
20700 19341
20705 19346
20710 19350
20715 19355
20720 19360
20725 19365
20730 19369
20735 19374
20740 19379
20745 19383
20750 19388
20755 19393
20760 19397
20765 19402
20770 19407
20775 19411
20780 19416
20785 19421
20790 19425
20795 19430
20800 19435
20805 19439
20810 19444
20815 19449
20820 19454
20825 19458
20830 19463
20835 19468
20840 19472
20845 19477
20850 19482
20855 19487
20860 19491
20865 19496
20870 19501
20875 19505
20880 19510
20885 19515
20890 19519
20895 19524
20900 19529
20905 19534
20910 19538
20915 19543
20920 19548
20925 19552
20930 19557
20935 19562
20940 19566
20945 19571
20950 19576
20955 19581
20960 19585
20965 19590
20970 19595
20975 19599
20980 19604
20985 19609
20990 19613
20995 19618
21000 19623
21005 19628
21010 19632
21015 19637
21020 19642
21025 19646
21030 19651
21035 19656
21040 19660
21045 19665
21050 19670
21055 19675
21060 19679
21065 19684
21070 19689
21075 19694
21080 19698
21085 19703
21090 19707
21095 19712
21100 19717
21105 19722
21110 19726
21115 19731
21120 19736
21125 19741
21130 19745
21135 19750
21140 19755
21145 19759
21150 19764
21155 19769
21160 19773
21165 19778
21170 19783
21175 19787
21180 19792
21185 19797
21190 19801
21195 19806
21200 19811
21205 19816
21210 19820
21215 19825
21220 19829
21225 19834
21230 19839
21235 19844
21240 19848
21245 19853
21250 19858
21255 19863
21260 19867
21265 19872
21270 19876
21275 19881
21280 19886
21285 19891
21290 19895
21295 19900
21300 19905
21305 19909
21310 19914
21315 19919
21320 19923
21325 19928
21330 19933
21335 19937
21340 19942
21345 19947
21350 19951
21355 19956
21360 19961
21365 19966
21370 19970
21375 19975
21380 19980
21385 19985
21390 19989
21395 19994
21400 19999
21405 20003
21410 20008
21415 20013
21420 20017
21425 20022
21430 20027
21435 20031
21440 20036
21445 20041
21450 20045
21455 20050
21460 20055
21465 20060
21470 20064
21475 20069
21480 20073
21485 20078
21490 20083
21495 20088
21500 20092
21505 20097
21510 20102
21515 20107
21520 20111
21525 20116
21530 20121
21535 20125
21540 20130
21545 20135
21550 20139
21555 20144
21560 20149
21565 20154
21570 20158
21575 20163
21580 20167
21585 20172
21590 20177
21595 20182
21600 20186
21605 20191
21610 20196
21615 20201
21620 20205
21625 20210
21630 20215
21635 20219
21640 20224
21645 20229
21650 20233
21655 20238
21660 20243
21665 20247
21670 20252
21675 20257
21680 20261
21685 20266
21690 20271
21695 20276
21700 20280
21705 20285
21710 20290
21715 20295
21720 20299
21725 20304
21730 20309
21735 20313
21740 20318
21745 20323
21750 20327
21755 20332
21760 20337
21765 20341
21770 20346
21775 20351
21780 20355
21785 20360
21790 20365
21795 20370
21800 20375
21805 20379
21810 20384
21815 20389
21820 20393
21825 20398
21830 20403
21835 20407
21840 20412
21845 20417
21850 20421
21855 20426
21860 20431
21865 20435
21870 20440
21875 20445
21880 20449
21885 20454
21890 20459
21895 20464
21900 20468
21905 20473
21910 20477
21915 20482
21920 20487
21925 20492
21930 20496
21935 20501
21940 20506
21945 20511
21950 20515
21955 20520
21960 20525
21965 20529
21970 20534
21975 20539
21980 20543
21985 20548
21990 20553
21995 20557
22000 20562
22005 20567
22010 20571
22015 20576
22020 20581
22025 20585
22030 20590
22035 20595
22040 20600
22045 20604
22050 20609
22055 20614
22060 20618
22065 20623
22070 20628
22075 20633
22080 20637
22085 20642
22090 20647
22095 20651
22100 20656
22105 20661
22110 20665
22115 20670
22120 20675
22125 20679
22130 20684
22135 20689
22140 20693
22145 20698
22150 20703
22155 20708
22160 20712
22165 20717
22170 20722
22175 20727
22180 20731
22185 20736
22190 20741
22195 20745
22200 20750
22205 20755
22210 20759
22215 20764
22220 20769
22225 20774
22230 20778
22235 20783
22240 20787
22245 20792
22250 20797
22255 20802
22260 20806
22265 20811
22270 20816
22275 20821
22280 20825
22285 20830
22290 20835
22295 20839
22300 20844
22305 20849
22310 20853
22315 20858
22320 20863
22325 20867
22330 20872
22335 20877
22340 20881
22345 20886
22350 20891
22355 20896
22360 20900
22365 20905
22370 20910
22375 20914
22380 20919
22385 20924
22390 20929
22395 20933
22400 20938
22405 20943
22410 20947
22415 20952
22420 20957
22425 20961
22430 20966
22435 20971
22440 20975
22445 20980
22450 20985
22455 20990
22460 20994
22465 20999
22470 21004
22475 21008
22480 21013
22485 21018
22490 21023
22495 21027
22500 21032
22505 21037
22510 21041
22515 21046
22520 21051
22525 21055
22530 21060
22535 21065
22540 21069
22545 21074
22550 21079
22555 21083
22560 21088
22565 21093
22570 21097
22575 21102
22580 21107
22585 21112
22590 21116
22595 21121
22600 21126
22605 21131
22610 21135
22615 21140
22620 21144
22625 21149
22630 21154
22635 21159
22640 21163
22645 21168
22650 21173
22655 21177
22660 21182
22665 21187
22670 21191
22675 21196
22680 21201
22685 21206
22690 21210
22695 21215
22700 21219
22705 21224
22710 21229
22715 21234
22720 21238
22725 21243
22730 21248
22735 21253
22740 21257
22745 21262
22750 21266
22755 21271
22760 21276
22765 21281
22770 21285
22775 21290
22780 21295
22785 21299
22790 21304
22795 21309
22800 21313
22805 21318
22810 21323
22815 21328
22820 21332
22825 21337
22830 21341
22835 21346
22840 21351
22845 21356
22850 21360
22855 21365
22860 21370
22865 21375
22870 21379
22875 21384
22880 21389
22885 21393
22890 21398
22895 21403
22900 21407
22905 21412
22910 21417
22915 21421
22920 21426
22925 21431
22930 21435
22935 21440
22940 21445
22945 21450
22950 21455
22955 21459
22960 21464
22965 21469
22970 21473
22975 21478
22980 21483
22985 21487
22990 21492
22995 21497
23000 21501
23005 21506
23010 21511
23015 21516
23020 21520
23025 21525
23030 21529
23035 21534
23040 21539
23045 21544
23050 21548
23055 21553
23060 21558
23065 21562
23070 21567
23075 21572
23080 21577
23085 21581
23090 21586
23095 21591
23100 21595
23105 21600
23110 21605
23115 21609
23120 21614
23125 21619
23130 21623
23135 21628
23140 21633
23145 21638
23150 21642
23155 21647
23160 21651
23165 21656
23170 21661
23175 21666
23180 21670
23185 21675
23190 21680
23195 21684
23200 21689
23205 21694
23210 21699
23215 21703
23220 21708
23225 21713
23230 21717
23235 21722
23240 21727
23245 21731
23250 21736
23255 21741
23260 21745
23265 21750
23270 21755
23275 21760
23280 21764
23285 21769
23290 21773
23295 21778
23300 21783
23305 21788
23310 21792
23315 21797
23320 21802
23325 21807
23330 21811
23335 21816
23340 21821
23345 21825
23350 21830
23355 21835
23360 21839
23365 21844
23370 21849
23375 21853
23380 21858
23385 21863
23390 21867
23395 21872
23400 21877
23405 21882
23410 21886
23415 21891
23420 21896
23425 21900
23430 21905
23435 21910
23440 21915
23445 21919
23450 21924
23455 21929
23460 21933
23465 21938
23470 21943
23475 21947
23480 21952
23485 21957
23490 21961
23495 21966
23500 21971
23505 21976
23510 21980
23515 21985
23520 21990
23525 21994
23530 21999
23535 22004
23540 22008
23545 22013
23550 22018
23555 22023
23560 22027
23565 22032
23570 22037
23575 22041
23580 22046
23585 22051
23590 22055
23595 22060
23600 22065
23605 22070
23610 22074
23615 22079
23620 22083
23625 22088
23630 22093
23635 22098
23640 22103
23645 22107
23650 22112
23655 22117
23660 22121
23665 22126
23670 22131
23675 22135
23680 22140
23685 22145
23690 22150
23695 22154
23700 22159
23705 22164
23710 22169
23715 22173
23720 22178
23725 22182
23730 22187
23735 22192
23740 22197
23745 22201
23750 22206
23755 22211
23760 22215
23765 22220
23770 22225
23775 22229
23780 22234
23785 22239
23790 22243
23795 22248
23800 22253
23805 22258
23810 22262
23815 22267
23820 22272
23825 22276
23830 22281
23835 22286
23840 22291
23845 22295
23850 22300
23855 22305
23860 22309
23865 22314
23870 22319
23875 22323
23880 22328
23885 22333
23890 22337
23895 22342
23900 22347
23905 22351
23910 22356
23915 22361
23920 22365
23925 22370
23930 22375
23935 22380
23940 22384
23945 22389
23950 22394
23955 22398
23960 22403
23965 22408
23970 22412
23975 22417
23980 22422
23985 22426
23990 22431
23995 22436
24000 22441
24005 22445
24010 22450
24015 22455
24020 22459
24025 22464
24030 22469
24035 22473
24040 22478
24045 22483
24050 22487
24055 22492
24060 22497
24065 22502
24070 22506
24075 22511
24080 22515
24085 22520
24090 22525
24095 22530
24100 22535
24105 22539
24110 22544
24115 22549
24120 22553
24125 22558
24130 22563
24135 22567
24140 22572
24145 22577
24150 22581
24155 22586
24160 22591
24165 22595
24170 22600
24175 22605
24180 22610
24185 22614
24190 22619
24195 22624
24200 22629
24205 22633
24210 22638
24215 22643
24220 22647
24225 22652
24230 22657
24235 22661
24240 22666
24245 22671
24250 22675
24255 22680
24260 22685
24265 22689
24270 22694
24275 22699
24280 22703
24285 22708
24290 22713
24295 22718
24300 22723
24305 22727
24310 22732
24315 22736
24320 22741
24325 22746
24330 22751
24335 22755
24340 22760
24345 22765
24350 22769
24355 22774
24360 22779
24365 22783
24370 22788
24375 22793
24380 22797
24385 22802
24390 22807
24395 22812
24400 22816
24405 22821
24410 22826
24415 22830
24420 22835
24425 22840
24430 22845
24435 22849
24440 22854
24445 22859
24450 22863
24455 22868
24460 22873
24465 22877
24470 22882
24475 22887
24480 22891
24485 22896
24490 22901
24495 22905
24500 22910
24505 22915
24510 22919
24515 22924
24520 22929
24525 22934
24530 22938
24535 22943
24540 22948
24545 22952
24550 22957
24555 22962
24560 22966
24565 22971
24570 22976
24575 22981
24580 22985
24585 22990
24590 22995
24595 22999
24600 23004
24605 23009
24610 23013
24615 23018
24620 23023
24625 23027
24630 23032
24635 23037
24640 23041
24645 23046
24650 23051
24655 23056
24660 23060
24665 23065
24670 23070
24675 23074
24680 23079
24685 23084
24690 23088
24695 23093
24700 23098
24705 23103
24710 23107
24715 23112
24720 23117
24725 23121
24730 23126
24735 23131
24740 23135
24745 23140
24750 23145
24755 23149
24760 23154
24765 23159
24770 23163
24775 23168
24780 23173
24785 23178
24790 23182
24795 23187
24800 23192
24805 23197
24810 23201
24815 23206
24820 23211
24825 23215
24830 23220
24835 23225
24840 23229
24845 23234
24850 23239
24855 23244
24860 23248
24865 23253
24870 23258
24875 23262
24880 23267
24885 23272
24890 23277
24895 23281
24900 23286
24905 23291
24910 23295
24915 23300
24920 23305
24925 23309
24930 23314
24935 23319
24940 23324
24945 23328
24950 23333
24955 23337
24960 23343
24965 23347
24970 23352
24975 23356
24980 23361
24985 23366
24990 23371
24995 23375
25000 23380
25005 23385
25010 23389
25015 23394
25020 23399
25025 23403
25030 23408
25035 23413
25040 23417
25045 23422
25050 23427
25055 23431
25060 23436
25065 23441
25070 23446
25075 23450
25080 23455
25085 23460
25090 23464
25095 23469
25100 23474
25105 23478
25110 23483
25115 23488
25120 23493
25125 23497
25130 23502
25135 23507
25140 23511
25145 23516
25150 23521
25155 23525
25160 23530
25165 23535
25170 23539
25175 23544
25180 23549
25185 23553
25190 23558
25195 23563
25200 23567
25205 23572
25210 23577
25215 23582
25220 23586
25225 23591
25230 23596
25235 23600
25240 23605
25245 23610
25250 23615
25255 23619
25260 23624
25265 23629
25270 23633
25275 23638
25280 23643
25285 23647
25290 23652
25295 23657
25300 23661
25305 23666
25310 23671
25315 23675
25320 23680
25325 23685
25330 23689
25335 23694
25340 23699
25345 23704
25350 23708
25355 23713
25360 23718
25365 23722
25370 23727
25375 23732
25380 23736
25385 23741
25390 23746
25395 23751
25400 23755
25405 23760
25410 23765
25415 23769
25420 23774
25425 23779
25430 23783
25435 23788
25440 23793
25445 23798
25450 23802
25455 23807
25460 23811
25465 23817
25470 23821
25475 23826
25480 23831
25485 23835
25490 23840
25495 23845
25500 23849
25505 23854
25510 23859
25515 23863
25520 23868
25525 23873
25530 23878
25535 23882
25540 23887
25545 23892
25550 23897
25555 23901
25560 23906
25565 23910
25570 23915
25575 23920
25580 23925
25585 23929
25590 23934
25595 23939
25600 23943
25605 23948
25610 23953
25615 23957
25620 23962
25625 23967
25630 23972
25635 23976
25640 23981
25645 23986
25650 23990
25655 23995
25660 24000
25665 24004
25670 24009
25675 24014
25680 24019
25685 24023
25690 24028
25695 24033
25700 24037
25705 24042
25710 24047
25715 24051
25720 24056
25725 24061
25730 24065
25735 24070
25740 24075
25745 24079
25750 24084
25755 24089
25760 24094
25765 24098
25770 24103
25775 24108
25780 24113
25785 24117
25790 24122
25795 24126
25800 24131
25805 24136
25810 24141
25815 24145
25820 24150
25825 24155
25830 24159
25835 24164
25840 24169
25845 24173
25850 24178
25855 24183
25860 24187
25865 24192
25870 24197
25875 24201
25880 24206
25885 24211
25890 24215
25895 24220
25900 24225
25905 24230
25910 24234
25915 24239
25920 24244
25925 24248
25930 24253
25935 24258
25940 24263
25945 24267
25950 24272
25955 24277
25960 24281
25965 24286
25970 24291
25975 24295
25980 24300
25985 24305
25990 24310
25995 24314
26000 24319
26005 24324
26010 24328
26015 24333
26020 24338
26025 24342
26030 24347
26035 24352
26040 24357
26045 24361
26050 24366
26055 24371
26060 24375
26065 24380
26070 24385
26075 24389
26080 24394
26085 24399
26090 24404
26095 24408
26100 24413
26105 24418
26110 24422
26115 24427
26120 24432
26125 24436
26130 24441
26135 24446
26140 24451
26145 24455
26150 24460
26155 24465
26160 24469
26165 24474
26170 24479
26175 24483
26180 24488
26185 24493
26190 24498
26195 24502
26200 24507
26205 24512
26210 24516
26215 24521
26220 24526
26225 24531
26230 24535
26235 24540
26240 24545
26245 24549
26250 24554
26255 24559
26260 24563
26265 24568
26270 24573
26275 24577
26280 24582
26285 24587
26290 24592
26295 24596
26300 24601
26305 24605
26310 24610
26315 24615
26320 24620
26325 24624
26330 24629
26335 24634
26340 24639
26345 24643
26350 24648
26355 24652
26360 24657
26365 24662
26370 24667
26375 24671
26380 24676
26385 24681
26390 24685
26395 24690
26400 24695
26405 24699
26410 24704
26415 24709
26420 24713
26425 24718
26430 24723
26435 24728
26440 24732
26445 24737
26450 24742
26455 24746
26460 24751
26465 24756
26470 24761
26475 24765
26480 24770
26485 24775
26490 24779
26495 24784
26500 24789
26505 24793
26510 24798
26515 24803
26520 24807
26525 24812
26530 24817
26535 24821
26540 24826
26545 24831
26550 24835
26555 24840
26560 24845
26565 24850
26570 24854
26575 24859
26580 24864
26585 24868
26590 24873
26595 24878
26600 24883
26605 24887
26610 24892
26615 24897
26620 24901
26625 24906
26630 24911
26635 24915
26640 24920
26645 24925
26650 24929
26655 24934
26660 24939
26665 24943
26670 24948
26675 24953
26680 24958
26685 24962
26690 24967
26695 24972
26700 24977
26705 24981
26710 24986
26715 24991
26720 24995
26725 25000
26730 25005
26735 25009
26740 25014
26745 25019
26750 25023
26755 25028
26760 25033
26765 25037
26770 25042
26775 25047
26780 25052
26785 25056
26790 25061
26795 25066
26800 25071
26805 25075
26810 25080
26815 25085
26820 25089
26825 25094
26830 25099
26835 25103
26840 25108
26845 25113
26850 25118
26855 25122
26860 25127
26865 25131
26870 25136
26875 25141
26880 25146
26885 25150
26890 25155
26895 25160
26900 25165
26905 25169
26910 25174
26915 25179
26920 25183
26925 25188
26930 25193
26935 25197
26940 25202
26945 25207
26950 25211
26955 25216
26960 25221
26965 25225
26970 25230
26975 25235
26980 25239
26985 25244
26990 25249
26995 25253
27000 25258
27005 25263
27010 25268
27015 25272
27020 25277
27025 25282
27030 25287
27035 25291
27040 25296
27045 25300
27050 25305
27055 25310
27060 25315
27065 25319
27070 25324
27075 25329
27080 25333
27085 25338
27090 25343
27095 25347
27100 25352
27105 25357
27110 25362
27115 25366
27120 25371
27125 25375
27130 25380
27135 25385
27140 25390
27145 25394
27150 25399
27155 25404
27160 25409
27165 25413
27170 25418
27175 25423
27180 25427
27185 25432
27190 25437
27195 25441
27200 25446
27205 25451
27210 25455
27215 25460
27220 25465
27225 25469
27230 25474
27235 25479
27240 25484
27245 25488
27250 25493
27255 25498
27260 25503
27265 25507
27270 25512
27275 25516
27280 25521
27285 25526
27290 25531
27295 25535
27300 25540
27305 25545
27310 25549
27315 25554
27320 25559
27325 25563
27330 25568
27335 25573
27340 25578
27345 25582
27350 25587
27355 25591
27360 25596
27365 25601
27370 25606
27375 25610
27380 25615
27385 25620
27390 25625
27395 25629
27400 25634
27405 25639
27410 25643
27415 25648
27420 25653
27425 25657
27430 25662
27435 25667
27440 25672
27445 25676
27450 25681
27455 25685
27460 25690
27465 25695
27470 25700
27475 25704
27480 25709
27485 25714
27490 25719
27495 25723
27500 25728
27505 25733
27510 25737
27515 25742
27520 25747
27525 25751
27530 25756
27535 25761
27540 25766
27545 25770
27550 25775
27555 25779
27560 25784
27565 25789
27570 25794
27575 25798
27580 25803
27585 25808
27590 25813
27595 25817
27600 25822
27605 25827
27610 25831
27615 25836
27620 25841
27625 25845
27630 25850
27635 25855
27640 25859
27645 25864
27650 25869
27655 25873
27660 25878
27665 25883
27670 25888
27675 25892
27680 25897
27685 25902
27690 25906
27695 25911
27700 25916
27705 25920
27710 25925
27715 25930
27720 25935
27725 25939
27730 25944
27735 25949
27740 25953
27745 25958
27750 25963
27755 25967
27760 25972
27765 25977
27770 25981
27775 25986
27780 25991
27785 25995
27790 26000
27795 26005
27800 26010
27805 26014
27810 26019
27815 26023
27820 26028
27825 26033
27830 26038
27835 26042
27840 26047
27845 26052
27850 26057
27855 26061
27860 26066
27865 26070
27870 26075
27875 26080
27880 26085
27885 26089
27890 26094
27895 26099
27900 26103
27905 26108
27910 26113
27915 26117
27920 26122
27925 26127
27930 26132
27935 26136
27940 26141
27945 26146
27950 26151
27955 26155
27960 26160
27965 26165
27970 26169
27975 26174
27980 26179
27985 26183
27990 26188
27995 26193
28000 26197
28005 26202
28010 26207
28015 26211
28020 26216
28025 26221
28030 26226
28035 26230
28040 26235
28045 26240
28050 26245
28055 26249
28060 26254
28065 26259
28070 26263
28075 26268
28080 26273
28085 26277
28090 26282
28095 26287
28100 26291
28105 26296
28110 26301
28115 26306
28120 26310
28125 26315
28130 26320
28135 26325
28140 26329
28145 26334
28150 26339
28155 26343
28160 26348
28165 26353
28170 26357
28175 26362
28180 26367
28185 26371
28190 26376
28195 26381
28200 26385
28205 26390
28210 26395
28215 26400
28220 26404
28225 26409
28230 26414
28235 26419
28240 26423
28245 26428
28250 26433
28255 26437
28260 26442
28265 26447
28270 26451
28275 26456
28280 26461
28285 26465
28290 26470
28295 26475
28300 26479
28305 26484
28310 26489
28315 26493
28320 26498
28325 26503
28330 26507
28335 26512
28340 26517
28345 26521
28350 26526
28355 26531
28360 26536
28365 26540
28370 26545
28375 26550
28380 26554
28385 26559
28390 26564
28395 26569
28400 26573
28405 26578
28410 26583
28415 26587
28420 26592
28425 26597
28430 26601
28435 26606
28440 26611
28445 26615
28450 26620
28455 26625
28460 26630
28465 26634
28470 26639
28475 26644
28480 26648
28485 26653
28490 26658
28495 26663
28500 26667
28505 26672
28510 26677
28515 26681
28520 26686
28525 26691
28530 26695
28535 26700
28540 26705
28545 26709
28550 26714
28555 26719
28560 26723
28565 26728
28570 26733
28575 26737
28580 26742
28585 26747
28590 26752
28595 26757
28600 26761
28605 26766
28610 26771
28615 26775
28620 26780
28625 26785
28630 26789
28635 26794
28640 26799
28645 26803
28650 26808
28655 26813
28660 26818
28665 26822
28670 26827
28675 26832
28680 26836
28685 26841
28690 26846
28695 26851
28700 26855
28705 26860
28710 26865
28715 26869
28720 26874
28725 26879
28730 26883
28735 26888
28740 26893
28745 26898
28750 26902
28755 26907
28760 26911
28765 26917
28770 26921
28775 26926
28780 26930
28785 26935
28790 26940
28795 26945
28800 26949
28805 26954
28810 26959
28815 26963
28820 26968
28825 26973
28830 26977
28835 26982
28840 26987
28845 26992
28850 26996
28855 27001
28860 27005
28865 27010
28870 27015
28875 27020
28880 27024
28885 27029
28890 27034
28895 27039
28900 27043
28905 27048
28910 27053
28915 27057
28920 27062
28925 27067
28930 27071
28935 27076
28940 27081
28945 27085
28950 27090
28955 27095
28960 27099
28965 27104
28970 27109
28975 27114
28980 27118
28985 27123
28990 27128
28995 27133
29000 27137
29005 27142
29010 27146
29015 27151
29020 27156
29025 27161
29030 27165
29035 27170
29040 27175
29045 27179
29050 27184
29055 27189
29060 27193
29065 27198
29070 27203
29075 27208
29080 27212
29085 27217
29090 27221
29095 27226
29100 27231
29105 27236
29110 27240
29115 27245
29120 27250
29125 27255
29130 27259
29135 27264
29140 27269
29145 27273
29150 27278
29155 27283
29160 27287
29165 27292
29170 27297
29175 27302
29180 27306
29185 27311
29190 27315
29195 27320
29200 27325
29205 27330
29210 27334
29215 27339
29220 27344
29225 27349
29230 27353
29235 27358
29240 27363
29245 27367
29250 27372
29255 27377
29260 27381
29265 27386
29270 27391
29275 27396
29280 27400
29285 27405
29290 27409
29295 27414
29300 27419
29305 27424
29310 27428
29315 27433
29320 27438
29325 27442
29330 27447
29335 27452
29340 27457
29345 27461
29350 27466
29355 27471
29360 27475
29365 27480
29370 27485
29375 27490
29380 27494
29385 27499
29390 27504
29395 27508
29400 27513
29405 27518
29410 27523
29415 27527
29420 27532
29425 27537
29430 27541
29435 27546
29440 27551
29445 27555
29450 27560
29455 27565
29460 27569
29465 27574
29470 27579
29475 27583
29480 27588
29485 27593
29490 27598
29495 27602
29500 27607
29505 27612
29510 27616
29515 27621
29520 27626
29525 27631
29530 27635
29535 27640
29540 27645
29545 27649
29550 27654
29555 27659
29560 27663
29565 27668
29570 27673
29575 27677
29580 27682
29585 27687
29590 27692
29595 27696
29600 27701
29605 27706
29610 27710
29615 27715
29620 27720
29625 27724
29630 27729
29635 27734
29640 27739
29645 27743
29650 27748
29655 27752
29660 27757
29665 27762
29670 27767
29675 27771
29680 27776
29685 27781
29690 27785
29695 27790
29700 27795
29705 27799
29710 27804
29715 27809
29720 27813
29725 27818
29730 27823
29735 27827
29740 27832
29745 27837
29750 27842
29755 27846
29760 27851
29765 27856
29770 27861
29775 27865
29780 27870
29785 27875
29790 27879
29795 27884
29800 27889
29805 27893
29810 27898
29815 27903
29820 27907
29825 27912
29830 27917
29835 27921
29840 27926
29845 27931
29850 27936
29855 27940
29860 27945
29865 27950
29870 27955
29875 27959
29880 27964
29885 27969
29890 27973
29895 27978
29900 27983
29905 27987
29910 27992
29915 27997
29920 28001
29925 28006
29930 28011
29935 28016
29940 28020
29945 28025
29950 28030
29955 28034
29960 28039
29965 28044
29970 28049
29975 28053
29980 28058
29985 28063
29990 28067
29995 28072
